maxTimeSong 274.95
 ---beats--- 
0.39 0.73 1.06 1.4 1.74 2.08 2.42 2.76 3.09 3.43 3.77 4.11 4.45 4.79 5.12 5.46 5.8 6.14 6.48 6.82 7.15 7.49 7.83 8.17 8.51 8.85 9.18 9.52 9.86 10.2 10.54 10.88 11.21 11.55 11.89 12.23 12.57 12.91 13.24 13.58 13.92 14.26 14.6 14.94 15.27 15.61 15.95 16.29 16.63 16.97 17.3 17.64 17.98 18.32 18.66 18.99 19.33 19.67 20.01 20.35 20.69 21.03 21.37 21.7 22.04 22.38 22.72 23.05 23.4 23.73 24.07 24.41 24.75 25.09 25.43 25.76 26.1 26.44 26.78 27.12 27.45 27.79 28.13 28.47 28.81 29.15 29.49 29.82 30.16 30.5 30.84 31.18 31.52 31.85 32.19 32.53 32.86 33.21 33.54 33.88 34.22 34.56 34.9 35.24 35.58 35.92 36.25 36.59 36.93 37.27 37.61 37.94 38.28 38.61 38.96 39.3 39.64 39.97 40.31 40.65 40.99 41.33 41.67 42.0 42.34 42.67 43.01 43.35 43.69 44.03 44.37 44.71 45.05 45.39 45.73 46.07 46.4 46.74 47.08 47.42 47.76 48.09 48.43 48.77 49.11 49.45 49.79 50.12 50.46 50.8 51.14 51.48 51.82 52.15 52.49 52.83 53.17 53.51 53.84 54.18 54.52 54.86 55.2 55.54 55.88 56.21 56.56 56.89 57.23 57.57 57.91 58.24 58.58 58.91 59.26 59.6 59.94 60.27 60.61 60.95 61.29 61.63 61.97 62.3 62.64 62.98 63.32 63.66 64.0 64.34 64.68 65.01 65.34 65.69 66.03 66.36 66.7 67.04 67.38 67.72 68.06 68.4 68.73 69.07 69.41 69.75 70.09 70.42 70.77 71.1 71.44 71.78 72.12 72.46 72.79 73.13 73.47 73.82 74.15 74.48 74.82 75.16 75.5 75.84 76.18 76.51 76.85 77.19 77.53 77.87 78.21 78.55 78.88 79.22 79.56 79.9 80.23 80.57 80.91 81.25 81.59 81.93 82.27 82.61 82.94 83.28 83.62 83.96 84.3 84.64 84.97 85.31 85.65 85.99 86.33 86.67 87.01 87.35 87.69 88.03 88.37 88.71 89.05 89.4 89.73 90.07 90.41 90.75 91.09 91.43 91.77 92.11 92.44 92.77 93.1 93.43 93.78 94.11 94.45 94.79 95.13 95.47 95.8 96.14 96.48 96.82 97.16 97.49 97.83 98.17 98.51 98.85 99.19 99.53 99.86 100.2 100.54 100.88 101.22 101.55 101.89 102.23 102.57 102.91 103.25 103.58 103.92 104.26 104.6 104.93 105.27 105.61 105.95 106.28 106.62 106.96 107.3 107.64 107.98 108.32 108.65 108.99 109.33 109.67 110.01 110.35 110.69 111.03 111.37 111.71 112.04 112.38 112.73 113.06 113.39 113.73 114.07 114.41 114.75 115.09 115.43 115.77 116.1 116.44 116.79 117.12 117.45 117.79 118.13 118.47 118.81 119.15 119.49 119.83 120.16 120.5 120.84 121.18 121.52 121.86 122.2 122.53 122.87 123.21 123.55 123.89 124.23 124.61 124.99 125.34 125.7 126.03 126.36 126.7 127.04 127.38 127.72 128.05 128.4 128.73 129.07 129.41 129.75 130.09 130.43 130.77 131.11 131.44 131.78 132.12 132.46 132.79 133.13 133.47 133.81 134.14 134.47 134.82 135.17 135.5 135.84 136.18 136.52 136.85 137.19 137.53 137.87 138.21 138.55 138.88 139.22 139.56 139.9 140.24 140.58 140.93 141.25 141.59 141.93 142.27 142.6 142.94 143.28 143.62 143.96 144.3 144.64 144.98 145.32 145.65 145.99 146.33 146.66 146.97 147.34 147.68 148.02 148.36 148.7 149.04 149.37 149.71 150.05 150.39 150.72 151.06 151.4 151.74 152.08 152.42 152.76 153.09 153.43 153.77 154.11 154.44 154.78 155.12 155.46 155.8 156.14 156.47 156.82 157.15 157.49 157.83 158.17 158.51 158.85 159.19 159.52 159.86 160.2 160.54 160.88 161.21 161.55 161.89 162.22 162.57 162.9 163.25 163.59 163.92 164.26 164.6 164.94 165.27 165.61 165.95 166.29 166.63 166.97 167.31 167.64 167.98 168.32 168.66 169.0 169.33 169.67 170.01 170.35 170.69 171.03 171.37 171.7 172.04 172.38 172.72 173.06 173.4 173.73 174.07 174.41 174.75 175.09 175.43 175.76 176.1 176.44 176.78 177.12 177.46 177.79 178.13 178.47 178.81 179.15 179.49 179.82 180.16 180.5 180.84 181.18 181.52 181.85 182.19 182.53 182.87 183.21 183.55 183.88 184.22 184.56 184.9 185.24 185.57 185.91 186.25 186.59 186.93 187.27 187.61 187.94 188.28 188.62 188.96 189.3 189.63 189.97 190.31 190.65 190.99 191.33 191.67 192.0 192.34 192.68 193.02 193.36 193.7 194.03 194.37 194.71 195.05 195.39 195.73 196.06 196.4 196.74 197.08 197.41 197.75 198.09 198.43 198.77 199.11 199.45 199.79 200.13 200.46 200.8 201.14 201.48 201.82 202.15 202.49 202.83 203.17 203.51 203.85 204.18 204.52 204.86 205.2 205.54 205.88 206.21 206.55 206.89 207.23 207.57 207.94 208.24 208.58 208.92 209.26 209.6 209.94 210.28 210.61 210.95 211.29 211.63 211.97 212.31 212.64 212.98 213.32 213.66 214.0 214.34 214.67 215.01 215.35 215.7 216.03 216.36 216.7 217.04 217.38 217.71 218.05 218.39 218.73 219.07 219.41 219.75 220.09 220.43 220.77 221.1 221.44 221.78 222.12 222.46 222.79 223.13 223.47 223.81 224.15 224.49 224.83 225.16 225.5 225.84 226.18 226.52 226.85 227.19 227.53 227.87 228.21 228.54 228.89 229.22 229.56 229.9 230.24 230.58 230.91 231.25 231.59 231.93 232.27 232.61 232.94 233.28 233.62 233.96 234.3 234.64 234.97 235.31 235.65 235.99 236.32 236.66 237.0 237.34 237.68 238.02 238.36 238.7 239.03 239.37 239.71 240.05 240.38 240.72 241.06 241.41 241.76 242.11 242.44 242.78 243.12 243.45 243.79 244.13 244.46 244.8 245.14 245.47 245.81 246.15 246.48 246.82 247.16 247.49 247.83 248.17 248.52 248.84 249.19 249.52 249.86 250.2 250.54 250.88 251.22 251.55 251.89 252.23 252.57 252.91 253.24 253.58 253.92 254.26 254.6 254.94 255.27 255.61 255.95 256.29 256.63 256.97 257.31 257.64 257.98 258.32 258.65 259.0 259.33 259.67 260.01 260.35 260.69 261.02 261.36 261.7 262.03 262.38 262.72 263.06 263.39 263.74 264.07 264.41 264.75 265.09 265.43 265.76 266.1 266.45 266.78 267.12 267.45 267.79 268.13 268.47 268.81 269.14 269.49 269.82 270.17 270.5 270.84 271.18 271.52 271.86 272.19 272.53 272.87 273.2 273.55 273.88 
 ---spectro--- 
810 12
5.42 7.93 8.84 8.37 8.29 9.34 9.69 9.04 8.01 7.03 6.79 7.14 
6.3 9.47 10.33 9.34 10.05 11.14 11.32 10.51 9.09 7.87 7.45 7.79 
6.13 9.06 10.17 9.69 9.54 10.75 11.13 10.32 8.97 7.71 7.38 7.72 
6.33 9.34 10.46 9.25 9.87 10.98 11.39 10.46 9.1 7.84 7.36 7.68 
5.97 9.3 10.06 9.71 9.52 10.87 11.16 10.45 9.04 7.89 7.61 7.95 
6.06 9.2 10.46 9.44 9.53 10.76 11.3 10.36 9.0 7.72 7.29 7.6 
6.26 9.24 10.48 9.59 9.74 11.0 11.16 10.43 8.98 7.65 7.26 7.57 
6.13 9.17 10.31 9.58 9.51 10.8 11.24 10.36 9.03 7.78 7.41 7.75 
6.28 9.47 10.31 9.39 10.02 11.16 11.36 10.49 9.05 7.83 7.42 7.7 
6.22 9.13 10.21 9.78 9.55 10.83 11.25 10.41 9.03 7.81 7.54 7.86 
6.27 9.28 10.5 9.28 9.8 10.97 11.3 10.39 9.0 7.74 7.23 7.52 
6.46 9.9 10.76 10.38 10.21 11.57 11.94 11.14 9.65 8.27 7.95 8.27 
5.67 8.64 9.83 8.82 9.02 10.19 10.6 9.72 8.41 7.22 6.84 7.15 
6.2 9.22 10.42 9.57 9.76 10.95 11.12 10.4 9.02 7.82 7.46 7.8 
6.04 9.13 10.33 9.56 9.51 10.74 11.18 10.37 8.96 7.67 7.34 7.65 
6.19 9.51 10.35 9.38 9.98 11.2 11.39 10.52 9.04 7.88 7.5 7.85 
6.13 9.18 10.24 9.78 9.56 10.86 11.23 10.42 9.0 7.75 7.44 7.78 
6.19 9.3 10.49 9.23 9.8 10.91 11.31 10.44 9.04 7.77 7.3 7.64 
6.16 9.31 10.12 9.76 9.6 10.89 11.28 10.51 9.07 7.8 7.47 7.74 
6.18 9.25 10.44 9.42 9.64 10.81 11.34 10.37 9.01 7.84 7.54 7.88 
6.08 9.19 10.42 9.56 9.67 10.95 11.11 10.4 8.98 7.74 7.42 7.79 
6.11 9.43 9.98 9.64 9.63 11.03 11.18 10.52 9.11 7.84 7.52 7.82 
6.17 9.21 10.43 9.23 9.81 10.93 11.33 10.42 9.01 7.77 7.32 7.65 
6.16 9.25 10.03 9.71 9.62 10.84 11.25 10.47 9.08 7.76 7.41 7.69 
6.08 9.19 10.42 9.44 9.55 10.79 11.31 10.37 8.95 7.62 7.2 7.52 
6.16 9.2 10.41 9.54 9.73 10.97 11.13 10.41 9.03 7.72 7.32 7.65 
6.08 9.14 10.33 9.57 9.48 10.77 11.21 10.36 8.97 7.67 7.34 7.63 
6.3 9.49 10.32 9.4 9.94 11.17 11.39 10.53 9.04 7.79 7.43 7.77 
6.04 9.15 10.24 9.79 9.52 10.83 11.23 10.43 9.02 7.86 7.59 7.91 
6.54 9.86 11.12 9.86 10.4 11.62 12.0 11.07 9.6 8.25 7.74 8.03 
5.74 8.78 9.48 9.17 9.01 10.24 10.59 9.85 8.49 7.35 7.08 7.35 
6.2 9.22 10.45 9.41 9.65 10.84 11.35 10.36 8.95 7.64 7.21 7.53 
6.1 9.19 10.43 9.54 9.64 10.93 11.17 10.38 8.97 7.73 7.34 7.7 
6.08 9.15 10.27 9.58 9.49 10.82 11.17 10.36 9.01 7.78 7.47 7.78 
6.28 9.5 10.38 9.39 10.02 11.16 11.4 10.52 9.01 7.68 7.22 7.54 
6.1 9.17 10.22 9.82 9.62 10.8 11.22 10.39 9.04 7.81 7.54 7.87 
6.19 9.29 10.45 9.26 9.88 10.98 11.31 10.43 9.02 7.78 7.36 7.68 
6.22 9.33 10.12 9.76 9.57 10.9 11.26 10.49 9.07 7.82 7.49 7.77 
6.2 9.16 10.44 9.4 9.56 10.79 11.33 10.35 8.98 7.79 7.49 7.87 
6.22 9.24 10.4 9.59 9.69 11.01 11.18 10.42 9.02 7.82 7.44 7.75 
6.12 9.14 10.29 9.59 9.44 10.8 11.18 10.35 9.0 7.71 7.38 7.7 
6.32 9.51 10.33 9.41 10.04 11.18 11.38 10.5 9.04 7.71 7.23 7.54 
7.83 10.4 10.43 10.22 10.02 11.09 11.49 11.03 10.29 9.58 9.33 9.44 
10.72 11.89 10.87 10.65 10.69 11.25 11.34 11.53 11.74 11.92 11.74 11.63 
10.39 11.51 10.31 10.29 10.33 10.95 11.02 11.26 11.39 11.58 11.32 11.2 
10.42 11.5 10.93 10.27 10.25 11.12 11.63 11.6 11.86 12.24 12.22 11.81 
8.35 8.76 8.92 8.33 8.53 9.68 9.9 9.3 9.31 9.75 9.89 10.06 
9.18 9.39 9.43 9.15 8.87 10.18 10.57 9.86 9.81 10.12 10.21 10.48 
9.39 9.43 9.76 8.83 9.27 10.31 10.84 9.95 9.62 9.9 10.0 10.28 
9.35 9.63 9.61 9.25 9.05 10.41 10.9 10.11 9.7 9.8 9.84 10.15 
9.6 10.89 10.6 9.89 9.91 10.98 11.52 10.99 10.96 11.27 11.33 11.57 
9.18 9.47 9.84 9.31 9.13 10.34 10.64 10.22 10.15 10.51 10.42 10.43 
9.27 9.66 9.75 9.31 9.07 10.49 10.93 10.1 9.55 9.77 10.02 10.52 
9.71 10.29 10.13 9.43 10.12 11.12 11.35 10.91 10.81 11.23 11.15 10.93 
9.34 10.49 10.38 9.68 9.89 10.92 11.11 10.95 11.3 11.66 11.55 11.07 
10.03 11.35 11.11 10.27 10.62 11.52 12.06 11.83 11.99 12.41 12.27 11.73 
9.5 11.0 10.17 9.98 9.79 10.89 11.26 11.16 11.52 11.85 11.77 11.26 
9.22 9.49 9.83 9.15 9.14 10.42 11.0 10.24 9.85 10.12 10.04 10.32 
9.42 9.58 9.72 9.16 9.18 10.55 10.81 10.14 9.25 10.01 10.12 10.73 
9.4 9.45 9.82 9.17 9.18 10.5 10.99 10.16 9.23 9.91 9.99 10.58 
9.22 9.56 9.38 8.59 9.09 10.16 10.5 9.63 8.91 9.33 9.4 9.88 
9.28 11.0 10.57 10.32 10.01 11.25 11.52 11.19 11.14 11.59 11.65 11.6 
10.22 11.4 10.29 9.75 9.88 10.62 10.92 11.09 11.24 11.54 11.16 10.58 
10.24 11.32 10.14 9.85 9.82 10.94 11.03 11.35 11.52 11.74 11.36 11.25 
9.29 9.55 9.35 8.78 8.6 9.9 10.32 9.75 10.12 10.68 10.75 10.72 
9.15 9.41 9.36 8.58 9.19 10.4 10.65 9.93 9.99 10.48 10.39 10.27 
9.17 10.27 10.1 9.65 9.76 10.66 11.0 10.63 10.76 11.08 11.01 11.15 
9.59 11.27 10.71 10.34 10.3 11.24 11.4 11.16 11.28 11.45 11.04 11.21 
9.42 10.39 9.78 9.29 9.29 10.49 10.92 10.48 10.5 10.76 10.58 10.44 
9.64 9.69 9.87 8.98 9.12 10.35 10.97 10.11 10.05 10.34 10.25 10.3 
9.65 10.44 10.14 9.74 9.72 10.92 11.08 10.53 10.51 10.69 10.7 10.99 
10.3 11.86 10.67 10.87 10.66 11.35 11.57 11.53 11.68 11.82 11.41 11.4 
9.37 10.73 10.09 9.72 9.97 10.85 11.22 11.31 11.54 11.71 11.55 11.48 
9.14 9.9 9.62 9.48 8.92 10.4 10.87 10.56 10.5 10.45 10.46 10.48 
9.89 10.38 9.94 9.18 9.41 10.54 11.1 10.51 10.37 10.24 10.37 10.69 
9.74 10.27 9.55 9.2 9.0 10.24 10.74 10.23 9.96 9.79 9.83 10.27 
9.49 9.82 9.68 8.85 9.06 10.24 10.84 9.91 9.81 9.92 10.24 11.11 
9.0 10.25 10.3 9.65 9.99 10.79 11.09 10.84 11.02 11.24 11.23 10.88 
9.08 9.43 9.83 9.26 9.15 10.37 10.86 10.11 9.93 10.16 9.99 9.66 
9.37 9.5 9.66 8.85 9.39 10.62 10.96 9.95 9.33 8.81 8.46 8.85 
9.43 9.76 9.6 9.31 8.97 10.51 10.93 9.93 9.1 8.92 9.0 9.4 
9.47 9.52 9.93 9.04 9.39 10.7 11.15 10.06 9.38 9.36 9.54 9.85 
9.93 11.39 10.32 9.92 9.98 10.94 11.23 11.35 11.66 11.99 11.58 10.91 
9.56 11.41 10.83 10.31 10.58 11.15 11.37 11.1 11.29 11.64 11.48 11.23 
9.32 11.34 10.83 10.55 10.56 11.45 11.41 11.32 11.48 11.74 11.69 11.49 
10.21 11.61 10.6 10.3 10.29 11.08 11.27 11.31 11.57 11.8 11.66 11.4 
10.42 11.49 10.34 9.93 10.14 10.76 11.03 11.12 11.3 11.5 11.29 11.14 
10.33 11.27 10.16 9.77 9.83 10.55 10.8 10.86 11.05 11.27 10.96 10.82 
9.62 10.89 10.27 9.84 9.94 10.63 11.01 10.81 10.98 11.19 10.98 10.85 
9.01 10.71 9.97 9.65 9.73 10.85 10.83 10.51 10.5 10.33 10.42 10.83 
9.23 10.82 10.23 9.97 10.01 10.81 10.94 10.45 10.42 10.21 10.31 10.89 
9.42 11.0 10.29 10.02 9.99 10.94 11.11 10.54 10.41 10.19 10.24 10.84 
9.55 11.11 10.4 10.2 9.89 10.84 11.13 10.6 10.71 10.36 10.43 11.01 
9.14 11.08 10.65 10.2 10.29 10.9 11.28 11.08 11.27 11.4 11.23 11.14 
9.4 10.82 10.31 10.1 10.0 10.87 11.13 10.7 10.5 10.34 10.42 10.97 
9.43 11.17 10.5 10.31 10.34 11.2 11.49 10.92 10.94 11.2 11.41 11.73 
10.49 11.69 10.44 10.11 10.15 10.91 11.18 11.2 11.43 11.59 11.47 11.39 
10.42 11.33 10.22 9.92 9.65 10.48 10.9 10.96 11.12 11.36 11.16 10.95 
10.24 11.27 9.99 9.75 9.84 10.55 10.94 11.04 11.17 11.38 11.06 10.56 
9.83 11.46 10.75 10.65 10.24 11.26 11.48 11.14 11.23 11.22 11.16 11.32 
8.46 9.97 9.57 9.16 9.38 10.14 10.31 9.84 9.94 9.91 10.06 10.34 
9.31 10.9 10.17 10.12 9.93 10.79 10.92 10.5 10.57 10.26 10.31 10.78 
9.4 10.78 10.57 10.06 10.11 10.86 11.16 10.52 10.6 10.37 10.49 10.96 
9.56 11.24 10.49 10.17 10.14 10.97 11.18 10.78 10.87 10.86 10.7 11.06 
9.39 11.57 10.56 10.32 10.4 11.03 11.31 11.31 11.6 11.89 11.61 11.22 
9.62 11.42 10.58 10.5 10.47 11.18 11.14 11.39 11.77 11.94 11.66 11.26 
9.68 10.6 9.83 9.48 9.8 11.01 11.41 11.27 11.2 11.42 11.18 11.17 
9.17 10.05 9.18 9.49 8.98 10.73 12.55 11.59 11.92 11.87 11.87 11.93 
8.82 9.14 8.15 7.97 7.77 9.61 10.96 10.42 10.75 10.42 10.4 10.65 
10.45 11.75 10.95 10.54 10.56 11.43 12.12 12.11 12.37 12.56 12.25 12.0 
8.58 10.25 9.59 9.23 9.33 10.23 10.25 9.88 9.9 9.74 9.86 10.15 
9.39 10.98 10.12 10.23 10.14 11.15 11.19 10.74 10.81 10.72 10.92 11.3 
9.46 11.03 10.52 10.02 10.16 10.98 11.26 10.66 10.69 10.75 10.98 11.39 
9.4 11.12 10.35 10.18 10.01 10.96 11.15 10.66 10.72 10.62 10.76 11.16 
9.78 11.22 10.38 10.11 9.99 10.83 11.2 10.88 11.3 11.51 11.4 11.24 
10.5 11.38 10.65 10.2 9.65 11.21 11.44 11.23 11.87 12.07 11.91 11.48 
9.29 9.89 9.11 8.46 8.18 9.52 9.96 9.79 10.36 10.54 10.38 10.04 
9.86 11.02 10.0 9.7 9.44 10.57 10.78 10.44 10.98 11.12 10.91 10.72 
8.51 10.59 10.21 9.96 9.65 10.63 10.82 10.24 9.92 9.69 9.86 10.33 
8.11 11.06 10.36 10.12 10.29 11.17 11.31 10.69 10.55 10.41 10.5 10.97 
8.38 11.11 10.4 10.37 10.22 11.07 11.13 10.72 10.31 10.15 10.16 10.75 
8.38 11.33 10.72 10.43 10.15 11.04 11.33 10.72 10.38 10.16 10.22 10.79 
8.62 11.32 10.36 10.26 10.12 11.01 11.2 10.66 10.1 9.84 9.87 10.47 
8.44 11.44 10.74 10.56 10.2 11.13 11.33 10.85 10.44 10.28 10.37 10.91 
8.4 11.25 10.59 10.17 10.49 11.4 11.5 11.04 10.66 10.41 10.41 10.88 
9.22 10.96 9.6 9.57 9.29 9.81 10.16 10.44 10.5 11.13 11.46 11.13 
6.91 6.84 5.56 5.46 5.59 6.45 7.11 8.64 6.79 7.91 7.45 6.94 
4.88 5.68 4.52 4.66 5.01 5.93 6.77 8.38 6.22 7.25 7.35 7.0 
6.0 5.84 4.67 4.94 5.14 6.09 6.83 8.54 6.51 7.98 7.59 7.35 
7.46 7.14 5.44 5.37 5.44 6.38 7.04 8.6 6.52 7.66 7.56 7.43 
9.82 10.96 8.4 8.46 7.94 8.4 8.55 9.5 8.8 9.44 9.34 9.33 
11.04 11.75 10.7 10.14 10.67 11.23 11.49 11.98 12.15 12.33 11.99 11.71 
10.56 11.21 10.84 9.8 10.24 10.95 11.19 11.66 11.55 11.68 11.39 11.55 
10.11 11.11 10.21 10.3 10.14 11.01 11.19 11.75 11.84 12.01 11.7 11.45 
9.39 10.86 10.12 9.9 9.82 10.8 10.95 11.42 11.38 11.56 11.24 11.24 
10.36 11.11 10.36 9.72 9.75 10.54 10.8 11.33 11.36 11.52 11.26 10.97 
10.27 10.96 10.06 9.28 9.87 10.47 10.58 11.08 11.06 11.26 11.14 11.2 
10.19 10.75 9.87 9.8 9.54 10.4 10.62 11.0 11.02 11.16 10.96 11.15 
9.85 10.78 10.51 9.67 9.96 10.59 10.66 11.16 11.44 11.7 11.49 11.22 
9.86 10.74 10.15 9.52 9.83 10.57 10.59 11.18 11.33 11.53 11.26 11.0 
10.23 11.14 9.97 9.69 9.65 10.51 10.79 11.26 11.31 11.46 11.24 11.1 
10.49 11.29 10.06 9.71 10.03 10.71 10.69 11.2 11.6 11.92 11.73 11.48 
9.87 9.95 9.23 8.53 8.96 10.09 10.31 10.42 10.68 10.96 10.88 10.91 
10.12 10.8 10.11 9.35 9.78 10.39 10.71 11.21 11.29 11.48 11.28 11.11 
10.16 11.04 10.18 9.99 9.81 10.39 10.78 11.14 11.31 11.61 11.42 11.11 
10.08 10.58 9.88 9.42 9.36 10.18 10.25 10.67 10.83 10.95 10.87 10.94 
8.22 10.11 9.74 9.43 9.66 10.32 10.37 10.74 10.98 11.17 11.18 11.2 
10.12 10.95 10.25 9.78 9.94 10.64 10.76 11.32 11.55 11.74 11.55 11.4 
8.41 10.54 10.57 9.77 9.87 10.55 10.82 11.22 11.51 11.64 11.57 11.52 
9.64 10.51 10.09 9.55 9.61 10.24 10.26 10.76 11.05 11.24 11.06 10.79 
9.95 10.63 10.31 9.75 9.71 10.44 10.61 11.04 11.29 11.41 11.08 10.72 
10.27 11.05 10.28 9.61 9.67 10.4 10.71 11.19 11.3 11.46 11.17 10.79 
10.13 11.11 10.02 9.73 10.14 10.27 10.6 11.15 11.38 11.57 11.26 10.92 
5.98 5.75 5.32 4.92 5.1 5.94 6.09 6.05 6.43 7.06 7.28 7.56 
7.8 8.6 7.63 7.23 7.39 7.96 8.07 8.57 9.14 9.42 9.28 8.84 
9.86 10.63 9.85 9.46 9.66 10.31 10.33 10.86 11.02 11.27 10.99 10.65 
10.24 11.3 10.23 9.91 9.89 10.64 10.74 11.37 11.64 12.03 11.75 11.27 
10.21 10.85 10.19 9.47 9.76 10.42 10.56 11.14 11.25 11.55 11.41 11.18 
10.43 11.17 10.23 10.08 10.0 10.69 10.87 11.42 11.59 11.69 11.45 11.29 
9.52 10.37 9.86 9.08 9.27 10.25 10.47 10.81 10.91 11.11 10.8 10.74 
8.27 10.7 10.57 9.94 9.98 10.48 10.78 11.1 11.37 11.66 11.38 11.08 
10.22 11.07 9.95 9.61 9.93 10.57 10.79 11.28 11.25 11.37 11.13 11.09 
10.03 10.78 9.42 8.98 9.43 10.27 10.32 10.92 11.04 11.03 10.69 10.47 
7.87 9.23 8.25 8.08 8.19 8.94 8.95 9.37 9.4 9.32 8.28 8.05 
10.4 11.09 10.54 9.89 10.17 10.89 10.91 11.57 11.69 11.81 11.44 11.2 
10.28 11.11 10.21 10.26 10.29 10.69 10.91 11.43 11.61 11.82 11.55 11.25 
9.88 10.63 10.18 9.86 9.72 10.5 10.6 11.11 11.25 11.37 11.18 11.12 
9.2 10.56 10.29 9.68 9.75 10.54 10.64 11.19 11.26 11.44 11.21 11.24 
10.18 10.8 9.88 10.1 9.92 10.36 10.67 11.29 11.41 11.64 11.35 11.19 
10.49 12.01 10.56 10.12 10.88 11.43 11.48 12.07 12.36 12.71 12.52 12.15 
9.16 10.55 9.64 9.24 9.85 10.29 10.54 10.8 11.15 11.43 11.22 10.78 
7.89 7.93 6.67 6.49 6.82 7.19 7.45 7.98 8.13 8.3 8.25 8.39 
6.77 8.84 7.8 8.11 7.5 8.35 8.12 8.02 8.29 8.69 9.23 9.67 
8.8 9.66 8.58 8.75 8.26 9.43 8.81 9.63 9.95 9.69 9.69 9.87 
6.65 9.01 8.67 8.71 9.21 9.08 8.79 9.92 9.49 9.36 9.54 9.65 
6.77 9.33 9.5 8.71 8.77 9.43 9.56 9.98 9.54 9.8 9.73 10.18 
7.19 10.51 9.13 8.73 9.1 10.08 9.71 9.88 9.62 10.36 10.01 10.53 
8.32 10.56 9.67 10.2 9.26 10.18 10.22 10.07 10.37 10.74 10.61 11.05 
10.02 11.53 10.67 10.32 10.41 10.93 11.0 11.48 11.62 12.01 11.72 11.8 
7.66 9.54 9.59 9.62 10.08 10.02 10.03 10.53 10.85 10.97 11.01 11.43 
7.36 11.14 11.05 10.55 10.86 11.02 11.62 11.83 12.17 12.52 12.7 12.81 
9.2 11.17 10.36 9.63 10.06 10.57 10.75 11.34 11.53 11.85 11.65 11.24 
9.78 11.19 10.31 10.37 10.53 10.99 11.15 11.82 11.93 12.08 12.11 12.16 
9.62 10.91 10.27 9.8 9.66 10.34 10.58 10.99 11.48 11.79 11.91 11.9 
10.37 10.9 10.22 10.05 10.06 10.7 11.02 11.36 11.42 11.76 11.67 11.53 
9.76 10.62 9.82 9.87 9.57 10.31 10.57 10.89 11.16 11.34 11.37 11.32 
10.34 11.17 9.98 10.09 9.75 10.69 10.91 11.44 11.6 11.75 11.62 11.41 
10.2 10.9 9.5 9.42 10.06 10.55 10.41 11.13 11.26 11.44 11.41 11.26 
9.9 10.95 10.2 10.0 10.06 10.68 10.85 11.37 11.61 11.82 11.63 11.38 
10.05 11.02 10.09 9.97 10.13 10.64 10.78 11.35 11.49 11.76 11.48 11.12 
10.82 11.44 10.54 10.27 10.67 11.19 11.51 12.03 12.03 12.17 11.73 11.78 
10.2 10.94 10.0 9.7 9.76 10.58 10.68 11.21 11.38 11.56 11.34 11.09 
9.07 10.11 9.05 8.88 9.26 9.82 9.77 10.39 10.52 10.74 10.65 10.55 
9.82 10.78 9.87 9.91 9.86 10.5 10.74 11.15 11.36 11.58 11.38 11.21 
8.75 10.84 10.13 9.65 9.99 10.55 10.87 11.11 11.33 11.64 11.53 11.37 
10.25 10.92 9.78 9.78 10.31 10.65 10.75 11.29 11.23 11.4 11.07 11.08 
10.3 11.16 10.11 9.78 10.12 10.7 10.88 11.44 11.59 11.73 11.43 11.11 
10.44 11.47 10.64 10.34 10.65 11.34 11.33 12.04 12.29 12.49 12.23 11.89 
9.6 10.2 9.34 9.43 9.55 9.94 10.15 10.81 10.77 11.03 10.74 10.56 
9.55 10.52 10.06 9.63 9.74 10.22 10.49 10.86 11.25 11.57 11.44 11.29 
9.09 10.93 10.27 9.91 10.03 10.6 10.95 11.35 11.48 11.86 11.62 11.32 
10.26 11.56 10.75 10.49 10.6 11.18 11.41 11.85 12.09 12.47 12.28 11.95 
8.89 10.49 9.57 9.36 9.4 9.98 10.13 10.67 10.89 11.19 11.02 10.62 
10.5 11.34 10.39 10.46 10.51 11.0 10.88 11.71 11.83 12.05 11.88 11.59 
9.47 10.27 9.56 9.19 9.28 9.85 10.14 10.62 10.78 10.99 10.71 10.49 
10.07 11.05 10.15 9.63 10.01 10.57 10.88 11.39 11.48 11.69 11.42 11.11 
9.12 10.57 10.16 10.0 10.28 10.49 10.74 11.18 11.25 11.62 11.38 11.27 
10.28 10.9 9.83 9.55 10.15 10.63 10.65 11.22 11.2 11.15 10.8 10.9 
9.91 10.66 10.09 9.54 10.08 10.65 11.06 11.45 11.55 11.63 11.27 11.19 
10.05 11.7 11.04 10.67 10.74 11.5 11.73 11.96 12.13 12.48 12.37 12.07 
9.61 10.85 9.87 9.62 9.85 10.34 10.44 10.86 10.98 11.45 11.3 10.81 
9.87 10.84 10.06 9.7 10.12 10.64 10.75 11.15 11.36 11.46 11.21 11.01 
9.96 10.92 10.19 9.97 9.89 10.66 10.73 11.33 11.46 11.7 11.37 11.11 
7.75 7.16 7.04 7.8 7.9 8.73 8.76 8.81 9.64 8.93 9.35 9.97 
3.96 3.54 4.37 5.77 6.35 6.83 7.2 7.87 7.52 7.01 7.5 8.53 
4.26 4.38 4.54 5.8 6.39 7.63 8.37 7.69 7.77 7.5 8.13 9.11 
10.71 11.5 10.36 10.11 10.56 11.08 11.17 11.78 12.07 12.24 12.19 12.08 
10.98 11.6 10.63 10.89 10.65 11.02 11.44 11.92 12.1 12.42 12.66 12.68 
9.89 10.82 9.91 9.49 9.87 10.34 10.65 10.84 11.11 11.41 11.47 11.24 
9.98 10.44 9.34 9.63 9.67 10.16 10.36 10.62 10.75 10.99 10.95 10.94 
10.74 11.52 10.64 10.49 10.62 11.28 11.45 11.93 12.04 12.25 12.07 11.94 
9.6 10.33 9.22 9.06 9.16 10.02 10.1 10.62 10.87 10.95 10.74 10.54 
9.81 10.73 9.62 9.8 9.95 10.46 10.45 11.29 11.37 11.5 11.34 11.26 
10.02 10.89 10.1 9.67 9.64 10.61 10.88 11.23 11.45 11.68 11.45 11.21 
10.85 11.64 10.43 10.23 10.75 11.34 11.27 11.77 11.95 12.16 11.92 11.68 
10.16 10.71 9.92 9.86 10.05 10.34 10.55 11.09 11.19 11.3 10.95 10.96 
10.17 10.92 10.0 9.51 9.72 10.44 10.64 11.21 11.33 11.49 11.27 10.9 
9.22 10.03 8.9 8.98 9.1 9.69 9.59 10.38 10.48 10.61 10.48 10.37 
9.76 10.76 9.9 9.68 9.83 10.36 10.79 11.21 11.25 11.46 11.14 11.23 
9.4 10.85 10.1 9.8 9.82 10.58 10.57 10.94 11.24 11.48 11.43 11.13 
10.79 11.44 10.5 10.4 10.89 11.25 11.3 11.86 11.9 12.1 11.71 11.61 
9.55 10.26 9.55 9.16 9.26 9.98 10.2 10.74 10.8 10.95 10.61 10.36 
9.83 10.65 10.04 9.55 10.17 10.6 10.68 11.36 11.57 11.7 11.44 11.15 
9.75 10.34 9.8 9.82 9.73 10.11 10.55 11.07 11.16 11.45 11.26 11.12 
8.81 10.54 9.92 9.71 9.83 10.51 10.89 11.07 11.39 11.72 11.6 11.31 
10.62 11.73 10.61 10.62 10.7 11.17 11.4 11.82 12.06 12.49 12.28 11.99 
9.56 9.96 9.51 9.38 9.36 9.77 9.96 10.32 10.65 10.99 10.8 10.54 
10.77 11.86 10.66 10.25 10.57 11.31 11.41 12.03 12.25 12.44 12.18 11.78 
9.2 9.93 9.22 9.14 9.14 9.43 9.62 10.38 10.41 10.54 10.39 10.23 
10.0 10.68 10.08 9.51 9.48 10.53 10.87 11.23 11.44 11.63 11.33 11.15 
9.64 10.6 9.62 9.7 9.98 10.54 10.57 11.0 11.15 11.54 11.37 11.24 
9.38 11.13 10.35 9.92 10.14 10.66 10.94 11.3 11.44 11.64 11.41 11.05 
10.21 10.82 9.92 9.45 9.84 10.5 10.76 11.19 11.15 11.2 10.83 10.8 
9.86 10.42 9.61 9.31 9.74 10.03 10.35 10.86 10.94 11.06 11.07 11.11 
9.34 11.19 10.27 9.97 10.09 10.82 10.96 11.28 11.68 12.08 11.97 11.55 
10.18 11.18 10.09 10.02 10.25 10.67 10.78 11.3 11.55 11.9 11.75 11.31 
9.74 10.64 9.86 9.83 9.79 10.4 10.58 10.97 11.22 11.42 11.22 11.05 
10.01 11.07 10.2 9.96 9.92 10.58 10.82 11.35 11.54 11.7 11.35 11.12 
10.12 10.8 9.78 9.54 9.66 10.17 10.66 11.02 11.21 11.28 11.31 11.19 
10.19 10.94 9.75 9.41 9.56 10.38 10.62 10.86 10.96 11.32 11.12 10.75 
9.19 10.91 9.64 9.5 9.65 10.3 10.47 10.62 10.89 11.24 10.9 10.61 
9.6 11.07 9.4 9.33 9.57 9.82 10.03 10.17 10.6 10.79 10.58 10.63 
10.44 10.43 9.52 9.31 9.5 9.88 10.2 10.48 11.01 10.66 10.8 11.19 
9.78 9.77 9.13 9.06 8.95 9.6 9.86 10.02 10.35 10.35 10.34 10.7 
9.72 9.84 8.98 8.92 9.25 9.75 9.88 9.83 10.41 10.33 10.4 10.61 
9.66 9.61 9.05 8.99 9.15 9.69 9.83 10.01 10.46 10.4 10.34 10.62 
9.7 9.76 9.1 9.02 9.12 9.77 10.06 9.9 10.34 10.32 10.4 10.67 
9.75 9.86 9.0 9.06 9.08 9.87 9.87 9.89 10.43 10.33 10.44 10.55 
9.71 9.83 9.07 8.96 9.27 9.83 9.95 10.1 10.47 10.4 10.3 10.68 
9.64 9.85 9.02 8.86 9.19 10.07 10.08 9.96 10.35 10.27 10.36 10.67 
9.82 9.84 8.92 9.03 9.11 9.88 10.01 9.9 10.44 10.3 10.34 10.54 
9.87 9.86 9.12 9.02 9.11 9.94 10.1 10.01 10.3 10.3 10.22 10.64 
9.88 9.95 9.03 9.04 9.31 9.91 9.84 9.76 10.19 10.12 10.19 10.41 
9.73 10.02 8.8 8.91 9.24 9.88 9.74 9.76 10.14 10.09 10.06 10.34 
10.06 10.27 9.17 9.15 9.27 10.0 9.95 9.74 10.0 10.15 10.18 10.44 
10.13 10.16 8.94 9.18 9.16 9.95 9.69 9.35 10.0 10.02 9.92 10.23 
9.98 10.37 9.08 9.01 9.18 9.93 9.84 9.4 9.84 9.92 9.91 10.14 
9.28 9.22 8.55 8.59 8.67 9.11 9.27 8.58 9.36 9.2 9.16 9.41 
9.92 9.94 9.26 9.1 9.07 9.56 9.64 8.78 9.65 9.47 9.49 9.67 
10.03 10.0 9.08 8.67 8.82 9.33 9.67 8.48 9.38 9.3 9.22 9.46 
10.42 11.02 9.62 9.4 9.8 10.16 10.12 8.94 9.87 9.7 9.7 9.87 
9.24 9.32 8.2 8.05 8.74 8.74 8.84 7.69 8.57 8.46 8.41 8.56 
10.12 9.9 9.0 8.75 8.78 9.35 9.38 8.08 8.88 8.74 8.71 8.92 
9.92 10.21 9.45 8.78 8.93 9.36 9.41 8.03 8.75 8.67 8.64 8.95 
9.78 10.77 9.96 9.08 9.38 9.58 10.07 8.19 8.64 8.39 8.51 8.94 
9.48 10.76 9.8 9.12 9.83 9.61 10.21 8.4 9.02 9.4 9.72 10.33 
9.68 11.28 10.37 9.81 9.66 10.52 10.55 10.44 10.68 11.09 11.47 12.22 
9.78 11.31 10.49 10.08 9.92 10.63 10.56 10.62 10.84 11.13 11.35 11.79 
9.12 11.4 10.51 9.73 9.36 10.78 10.7 10.28 10.35 10.43 10.71 11.21 
9.47 11.05 10.57 9.97 9.84 10.47 10.48 9.94 10.09 10.17 10.44 10.88 
9.4 11.26 10.3 9.69 9.29 10.6 10.82 10.45 10.56 10.79 10.94 10.92 
9.13 11.17 10.46 9.67 9.52 10.31 10.85 9.81 9.64 9.55 9.6 9.99 
9.79 11.69 10.44 10.34 9.98 10.77 10.99 10.71 10.81 10.96 11.14 11.12 
8.84 10.68 10.0 9.73 9.21 10.08 10.16 9.73 9.8 9.95 10.13 10.16 
9.28 11.26 10.29 9.87 9.67 10.34 10.24 9.76 9.73 9.71 9.85 10.15 
9.64 11.4 10.3 9.66 9.25 10.5 10.8 10.4 10.41 10.6 10.73 10.56 
9.29 11.19 10.29 10.04 9.78 10.31 10.44 9.82 9.85 9.96 10.12 10.2 
9.38 11.2 10.05 10.05 9.34 10.51 10.24 9.84 10.06 10.16 10.37 10.44 
9.97 11.74 10.98 10.41 10.27 11.11 10.99 10.91 11.14 11.34 11.55 11.42 
9.08 10.48 9.45 9.57 8.61 9.59 9.28 8.97 8.92 8.9 8.94 9.07 
9.15 11.27 10.38 9.83 9.4 10.41 10.59 10.45 10.58 10.77 10.92 10.84 
9.24 11.18 9.96 10.03 9.5 10.05 10.87 10.04 10.33 10.14 10.34 10.37 
9.85 11.06 10.34 9.75 9.44 9.92 10.26 9.58 10.04 9.58 9.58 9.49 
9.59 11.11 10.2 9.61 9.75 9.84 10.68 9.64 9.91 9.4 9.44 9.58 
9.66 11.61 10.79 9.9 10.23 10.56 11.0 10.63 10.96 11.04 11.2 11.09 
9.22 10.56 10.1 9.0 9.42 9.84 10.28 9.97 10.55 10.65 10.74 10.7 
9.25 9.12 8.13 7.7 7.52 8.18 8.83 9.23 10.42 10.54 10.59 11.29 
9.23 11.06 10.08 9.76 10.17 10.16 10.58 11.13 11.71 12.02 11.83 11.44 
10.09 11.57 10.57 10.34 10.79 10.69 10.88 11.64 11.98 12.36 12.0 11.24 
10.08 11.49 10.32 10.11 10.66 10.58 10.9 11.52 11.88 12.28 11.96 11.21 
10.06 11.45 10.35 10.08 10.68 10.5 10.72 11.53 11.8 12.16 11.85 11.13 
9.91 10.95 9.98 9.67 9.68 10.21 10.14 10.9 11.56 11.91 11.69 10.92 
9.77 10.77 9.39 9.27 9.16 10.13 10.11 10.62 11.34 11.7 11.5 10.91 
9.78 10.48 10.11 9.96 9.91 10.28 10.4 10.46 10.87 11.16 10.93 10.71 
9.57 10.63 10.07 9.97 9.69 10.41 10.4 10.64 11.03 11.41 11.18 10.83 
10.43 11.29 10.69 10.31 10.16 10.86 10.93 11.38 11.73 11.99 11.66 11.22 
9.38 10.37 9.78 9.61 9.09 10.3 9.98 10.31 10.64 10.91 10.73 10.52 
9.96 10.76 10.26 10.11 9.63 10.64 10.51 10.94 11.22 11.52 11.27 10.93 
9.04 11.03 10.43 10.26 9.74 10.77 10.74 11.0 11.31 11.57 11.31 10.79 
10.15 11.19 10.58 10.13 9.81 10.67 10.95 11.28 11.56 11.76 11.35 10.87 
9.71 10.99 10.49 10.05 9.75 10.63 10.73 10.89 11.35 11.6 11.44 10.83 
8.89 10.32 10.18 10.06 9.39 10.46 10.38 10.39 10.54 10.7 10.63 10.5 
9.26 10.74 10.14 10.23 9.62 10.51 10.7 10.59 10.98 11.31 11.25 10.97 
10.22 11.59 10.73 10.68 10.62 11.17 11.31 11.53 11.88 12.26 12.0 11.48 
10.1 11.13 10.41 10.2 10.47 10.67 10.91 11.01 11.35 11.67 11.4 10.92 
9.56 10.17 10.06 9.51 9.78 10.23 10.28 10.51 10.74 10.92 10.65 10.38 
9.91 10.95 10.72 10.11 10.2 10.77 10.64 11.18 11.4 11.71 11.43 10.99 
10.02 11.03 10.66 9.92 9.91 10.72 10.67 10.92 11.19 11.5 11.24 10.87 
10.08 11.15 10.71 9.93 10.36 10.82 10.97 11.46 11.68 11.96 11.6 11.02 
8.0 11.1 10.62 10.29 10.22 10.86 11.0 11.18 11.65 12.13 12.01 11.34 
9.2 11.03 10.93 10.45 10.14 10.8 10.68 11.25 11.44 11.79 11.57 11.05 
9.99 10.95 10.85 9.86 9.59 10.72 10.57 10.88 11.16 11.52 11.36 11.09 
9.83 10.69 10.81 9.99 9.46 10.61 10.64 10.84 11.06 11.48 11.35 11.2 
9.51 10.13 9.75 9.23 8.99 9.99 10.14 10.5 10.38 10.41 9.85 9.81 
10.07 11.38 10.15 10.11 9.74 10.78 10.63 11.17 11.73 12.15 11.87 11.17 
9.99 11.09 9.62 9.36 9.23 10.41 10.36 11.06 11.56 11.88 11.68 10.93 
9.95 10.96 9.47 9.28 9.01 9.84 10.05 10.81 11.19 11.43 11.32 10.73 
9.19 10.9 9.32 9.33 8.78 9.8 9.95 10.08 10.69 10.99 10.95 10.98 
9.32 10.7 9.36 9.34 8.56 9.97 9.98 10.22 10.82 10.99 10.95 10.9 
9.27 10.71 9.37 9.01 8.98 9.92 9.59 9.34 9.7 9.79 9.84 10.14 
9.8 11.5 9.95 10.08 9.28 10.25 10.53 10.6 10.81 11.05 11.26 11.33 
8.91 10.75 9.48 9.07 9.0 9.86 9.36 9.45 9.78 9.97 10.21 10.43 
9.42 10.95 9.38 9.71 8.99 9.83 9.26 9.37 9.68 9.82 9.95 10.39 
9.49 11.04 9.33 9.02 8.97 10.08 9.98 10.07 10.32 10.55 10.72 10.71 
9.14 11.27 9.36 9.96 9.74 10.31 9.8 9.81 10.2 10.41 10.62 10.93 
8.92 10.88 9.33 9.07 8.82 9.68 9.32 9.27 9.68 9.82 10.01 10.4 
9.4 10.66 9.77 9.0 9.35 9.83 10.35 10.26 10.59 10.8 10.94 10.96 
9.61 10.87 9.86 9.37 8.77 9.56 9.88 9.33 10.08 9.62 9.74 10.15 
9.39 11.13 9.99 9.23 9.12 9.82 10.3 10.22 10.66 10.72 10.92 11.04 
9.36 10.95 9.36 9.43 9.48 9.75 10.26 9.65 10.26 10.34 10.59 10.8 
9.43 11.05 9.6 9.25 9.49 9.45 9.69 9.32 9.87 9.81 9.92 10.36 
8.85 11.19 9.53 9.56 9.76 9.84 10.22 10.22 10.56 10.66 10.81 10.8 
9.72 11.5 9.64 9.25 9.97 9.93 9.91 9.85 10.25 10.4 10.59 10.85 
8.81 10.93 8.86 9.27 9.13 9.5 9.12 9.34 9.71 9.78 10.04 10.42 
9.55 11.24 9.35 9.28 9.63 9.82 9.85 10.31 10.55 10.76 10.97 10.98 
9.66 11.0 9.26 8.95 9.62 9.56 9.19 9.32 9.55 9.61 9.76 10.12 
9.6 11.74 9.59 9.7 10.0 10.25 10.01 10.69 10.81 11.09 11.31 11.39 
8.74 10.69 8.98 8.91 9.0 9.84 8.97 9.87 9.71 9.99 10.23 10.53 
9.52 10.74 9.6 9.42 8.76 9.87 9.64 9.62 9.65 9.81 10.0 10.4 
9.56 11.3 9.33 9.47 9.0 10.23 9.82 10.3 10.27 10.61 10.72 10.69 
9.23 11.08 9.71 9.19 9.32 9.87 9.45 9.81 9.9 10.12 10.31 10.59 
9.27 11.0 9.53 9.69 9.01 10.09 9.62 9.75 9.84 9.97 10.3 10.66 
9.69 10.91 9.3 9.34 9.19 10.11 10.05 10.36 10.49 10.73 10.94 10.96 
8.94 11.26 9.22 9.06 9.24 9.99 9.34 9.46 9.5 9.71 9.82 10.2 
9.6 11.81 9.97 9.92 9.34 10.51 10.31 10.75 10.87 11.18 11.33 11.35 
9.09 10.57 8.57 9.3 9.27 9.8 9.13 9.54 9.81 10.02 10.22 10.19 
9.77 11.03 9.28 9.49 8.95 9.82 9.2 9.42 9.7 9.92 10.04 10.42 
9.33 10.7 9.78 8.96 9.3 9.87 10.48 10.22 10.35 10.64 10.78 10.74 
10.12 11.59 10.18 9.96 9.37 10.32 10.63 10.14 10.9 10.61 10.85 11.17 
8.13 10.4 9.31 8.93 8.39 9.23 9.22 8.95 9.67 9.5 9.7 10.08 
9.65 11.1 9.48 9.36 9.21 9.61 10.44 10.1 10.7 10.74 10.93 10.91 
9.53 10.89 9.62 8.98 9.57 9.52 9.79 9.29 9.69 9.59 9.74 10.11 
9.05 11.02 9.45 9.14 9.89 9.86 10.3 10.16 10.68 10.79 11.04 11.22 
9.49 10.89 9.24 9.08 9.75 9.59 9.65 9.61 10.15 10.37 10.58 10.86 
10.14 11.9 9.88 9.53 9.99 10.04 9.92 9.86 10.32 10.4 10.56 10.99 
8.89 9.46 8.03 7.95 7.63 8.12 7.98 8.01 8.11 8.22 8.47 8.93 
9.2 10.18 9.66 9.53 9.24 9.5 10.09 10.39 10.01 9.26 9.44 9.42 
9.75 10.46 10.1 9.51 9.26 9.7 10.58 11.28 10.74 10.05 9.91 10.0 
8.83 8.87 8.44 8.16 7.88 8.22 9.18 9.59 10.02 9.74 9.19 9.15 
9.67 10.94 10.65 10.72 10.63 10.92 11.05 10.91 10.86 10.19 9.84 10.13 
9.18 9.44 9.17 9.24 9.15 9.4 10.03 10.52 10.64 10.16 9.64 9.4 
9.77 9.68 9.06 9.06 9.0 9.38 9.64 10.09 9.94 9.95 10.04 10.35 
8.97 7.81 7.52 9.11 8.68 9.65 9.6 9.36 9.36 10.16 10.24 10.53 
7.59 7.31 7.2 8.88 8.69 9.88 9.94 9.65 9.77 10.29 10.5 10.79 
7.23 7.09 6.8 8.17 8.1 9.92 9.62 9.72 9.5 9.87 9.85 10.23 
7.42 7.97 7.86 9.96 9.33 10.57 10.95 10.57 10.84 10.91 11.39 11.7 
5.91 6.45 6.68 8.16 8.83 8.79 8.9 8.92 8.76 9.05 9.26 9.62 
7.87 8.66 8.2 10.17 10.21 10.81 10.53 10.49 10.13 10.25 10.27 10.87 
9.99 10.78 9.88 9.92 9.84 10.65 10.61 10.51 10.62 10.74 10.55 10.65 
9.72 12.05 11.09 11.41 11.3 12.0 12.12 12.17 12.54 12.78 12.65 12.77 
9.28 11.04 10.24 10.47 10.26 10.69 11.01 11.02 11.19 11.34 11.34 11.42 
9.66 11.1 10.31 10.67 10.53 11.13 11.39 11.15 11.43 11.64 11.25 11.31 
9.35 11.23 9.99 10.53 10.59 11.28 11.32 11.31 11.7 11.85 11.53 11.51 
9.41 11.59 10.56 10.62 10.51 11.04 11.02 11.05 11.33 11.46 11.28 11.35 
8.94 11.19 10.62 10.18 10.83 11.19 11.23 11.18 11.54 11.67 11.35 11.44 
10.23 11.93 10.82 10.4 11.25 11.21 11.52 11.59 11.97 12.16 12.11 12.22 
9.58 11.18 10.02 9.92 10.63 10.44 10.77 10.76 10.92 10.98 10.7 10.73 
9.2 11.09 9.83 9.8 10.12 10.19 10.55 10.65 10.92 11.15 11.19 11.34 
9.11 11.19 9.96 10.0 9.77 10.4 10.46 10.44 10.67 10.76 10.79 10.88 
9.46 10.86 9.99 10.51 10.3 10.91 11.03 10.93 11.19 11.3 11.03 11.09 
9.32 11.2 10.21 10.18 10.24 10.8 10.84 10.98 11.3 11.49 11.23 11.25 
9.66 11.91 10.5 10.31 10.36 11.03 11.01 10.97 11.27 11.48 11.38 11.48 
9.22 11.24 9.92 9.71 9.64 10.41 10.35 10.37 10.63 10.75 10.7 10.88 
9.61 11.15 10.26 10.17 9.96 10.48 10.65 10.82 11.19 11.49 11.32 11.45 
9.44 10.98 10.29 10.32 10.17 10.65 10.84 10.71 11.03 11.13 10.76 10.75 
9.25 11.45 10.41 10.87 10.53 11.5 11.58 11.47 11.98 12.16 12.0 12.11 
9.06 10.96 9.98 9.99 10.05 10.69 10.74 10.55 10.88 11.06 10.96 11.02 
9.64 11.38 10.67 10.31 10.72 11.31 11.4 11.33 11.61 11.69 11.36 11.47 
9.54 11.57 10.69 10.18 10.96 11.03 11.23 11.26 11.62 11.78 11.6 11.65 
8.72 10.55 9.23 9.32 9.95 9.73 10.05 9.92 10.12 10.37 10.31 10.41 
9.14 10.29 9.28 9.84 10.31 10.31 10.52 10.45 10.53 10.58 10.15 10.21 
9.65 11.45 10.2 10.21 9.97 10.53 10.69 10.85 11.19 11.4 11.38 11.45 
10.15 11.77 10.69 10.92 10.73 11.32 11.53 11.45 11.72 11.83 11.46 11.48 
8.73 10.91 9.88 10.11 10.11 10.6 10.71 10.9 11.27 11.47 11.3 11.42 
9.14 11.15 10.05 9.76 9.75 10.37 10.41 10.29 10.61 10.81 10.83 10.88 
9.76 11.45 9.99 9.96 9.95 10.65 10.65 10.56 10.81 10.94 10.86 10.95 
9.53 11.29 10.23 10.11 9.84 10.64 10.78 10.84 11.15 11.29 11.18 11.3 
9.31 11.22 10.43 10.26 10.12 10.67 10.87 10.77 11.09 11.24 11.13 11.24 
9.47 11.55 10.71 11.23 11.19 11.8 11.99 11.71 12.14 12.26 11.94 12.06 
9.01 10.44 9.39 9.67 9.71 10.34 10.39 10.29 10.68 10.94 10.79 10.85 
9.46 11.3 10.38 10.16 10.27 10.82 10.78 10.77 11.1 11.22 10.81 10.84 
9.21 11.6 10.84 10.22 11.08 11.23 11.46 11.51 11.92 12.11 11.98 12.1 
8.95 11.0 9.86 9.65 10.35 10.19 10.53 10.38 10.71 10.9 10.83 10.93 
9.75 11.14 9.99 9.9 10.58 10.43 10.7 10.56 10.82 11.01 10.77 10.96 
10.0 11.63 10.78 10.74 11.25 10.97 11.23 11.36 11.58 11.76 11.54 11.64 
8.61 10.55 9.49 9.65 9.48 9.95 10.04 9.48 9.72 9.77 9.34 9.33 
9.02 11.02 10.06 9.87 10.05 10.62 10.55 10.0 10.21 10.42 9.96 10.06 
9.34 9.57 8.94 9.62 10.22 9.9 10.43 10.6 11.1 11.42 11.37 11.42 
7.98 9.9 9.91 10.74 10.78 11.12 11.03 10.75 10.95 11.33 11.16 11.24 
10.18 12.21 11.59 11.08 11.28 11.78 11.96 11.73 12.08 12.5 12.22 12.27 
8.62 10.32 9.82 9.9 9.78 9.62 9.74 9.59 10.01 10.08 9.92 10.2 
9.63 11.05 10.24 10.2 10.11 10.48 9.97 9.97 10.18 10.32 10.03 10.71 
9.56 11.24 10.13 10.11 10.32 10.47 10.43 10.07 10.38 10.29 10.13 10.48 
9.02 10.93 10.56 10.61 10.32 10.72 10.42 10.08 10.36 10.7 10.33 10.74 
9.25 10.95 10.51 10.4 10.63 11.27 11.15 10.9 11.14 11.36 10.95 11.26 
10.26 11.71 11.31 11.1 11.08 11.26 11.65 11.57 11.99 12.24 12.06 12.13 
9.5 11.06 10.51 10.27 10.32 10.68 10.81 10.66 10.87 10.99 10.79 11.12 
9.45 11.34 10.44 9.97 10.58 10.93 10.95 10.66 10.75 10.94 10.53 10.85 
8.27 10.34 9.54 9.82 10.42 10.69 10.62 10.21 10.29 10.75 10.39 10.79 
9.64 11.37 10.7 10.6 11.07 11.47 11.37 11.0 11.18 11.62 11.26 11.76 
9.1 10.83 10.04 9.99 10.15 10.84 10.96 10.66 11.05 11.27 11.09 11.01 
9.9 11.68 10.85 11.09 10.98 11.29 11.12 10.74 10.8 11.04 10.51 10.92 
8.62 10.12 9.69 9.63 9.59 9.9 9.9 9.37 9.56 9.65 9.47 10.04 
9.52 10.74 10.34 10.45 10.19 10.99 11.02 10.65 10.74 11.0 10.66 11.0 
9.34 10.63 10.27 10.1 10.12 10.41 10.5 10.67 10.98 11.42 11.08 11.43 
9.45 10.82 9.77 9.69 10.17 10.76 10.75 10.59 10.91 11.09 10.9 10.97 
9.35 11.23 10.24 11.17 11.05 11.07 11.53 11.29 11.88 11.85 11.61 11.5 
9.38 11.07 10.32 10.56 10.13 10.97 10.77 10.44 10.53 10.63 10.08 10.15 
9.22 10.41 9.77 9.9 10.45 10.61 10.79 10.56 10.73 10.82 10.49 10.72 
8.64 9.24 8.8 9.69 9.4 9.86 9.96 9.81 9.93 9.96 9.73 10.05 
9.16 10.13 10.0 10.15 10.4 11.04 11.2 10.72 10.71 10.8 10.59 11.06 
9.65 11.0 10.2 10.25 10.09 10.17 10.35 10.45 10.86 11.16 11.39 11.4 
10.02 11.81 11.1 10.71 10.81 11.08 10.75 10.69 10.71 11.24 11.3 11.57 
9.38 11.42 10.31 9.89 10.09 10.8 10.4 10.06 10.18 10.27 10.25 10.41 
8.69 10.39 9.77 9.62 9.82 10.09 10.07 9.67 9.82 9.93 9.74 10.03 
9.33 10.8 10.04 9.85 10.27 10.62 9.96 9.96 9.95 10.18 9.84 10.57 
9.53 10.88 10.45 9.99 10.44 10.93 11.1 11.09 11.41 11.61 11.36 11.28 
9.04 11.14 10.23 10.37 10.18 10.46 10.48 10.23 10.33 10.71 10.25 10.79 
9.63 11.8 11.34 10.92 10.94 11.32 11.43 11.13 11.36 11.46 11.09 11.56 
9.58 10.93 10.1 9.92 10.55 11.09 10.92 10.77 10.93 11.06 10.59 10.85 
8.85 10.15 9.7 9.82 9.91 10.23 10.12 9.96 10.02 10.28 9.84 9.92 
9.5 10.58 10.27 10.02 10.44 10.65 10.78 10.41 10.79 11.17 10.94 11.13 
8.85 10.09 9.51 9.5 9.51 10.12 10.17 9.59 10.02 10.41 10.17 10.57 
10.08 11.94 11.15 11.17 11.17 11.06 10.68 10.44 10.42 10.71 10.51 11.39 
9.68 10.87 10.18 9.61 9.67 10.4 10.41 10.14 10.42 10.33 10.1 10.66 
9.47 10.87 10.03 9.9 9.96 10.36 10.35 9.97 10.17 10.24 9.89 10.32 
9.22 10.83 10.21 10.01 9.71 10.19 10.08 9.63 9.81 9.98 9.8 10.29 
9.18 9.63 8.23 7.88 8.05 9.1 9.69 9.9 10.37 10.51 10.2 10.01 
2.11 2.76 2.29 2.35 2.41 2.71 2.96 3.02 3.21 3.22 3.14 3.15 
4.45 5.11 4.68 4.69 4.74 4.89 4.88 4.94 5.13 5.22 5.28 5.37 
9.46 11.15 10.41 10.54 10.78 11.04 11.05 10.9 11.27 11.64 11.78 11.8 
9.13 11.0 10.17 10.07 10.42 10.59 10.66 10.37 10.64 11.01 10.86 11.1 
9.39 11.26 10.87 10.35 10.45 10.83 10.96 10.87 11.3 11.66 11.53 11.43 
9.58 11.19 10.43 10.46 10.39 10.54 10.56 10.22 10.56 10.63 10.24 10.62 
9.44 10.86 10.06 9.94 10.05 10.65 10.38 10.01 10.37 10.21 10.13 10.69 
10.18 11.87 10.85 10.76 10.92 11.16 11.14 10.79 11.03 11.11 11.12 11.74 
8.58 11.02 10.52 10.32 10.4 11.21 10.98 10.67 10.92 11.2 10.59 11.05 
9.06 10.5 10.14 9.45 10.22 10.6 10.74 10.58 10.88 11.13 10.85 10.83 
9.26 11.12 10.41 10.53 10.48 10.67 10.89 10.73 11.06 11.14 11.06 11.32 
9.61 10.88 10.25 10.2 10.23 10.79 10.85 10.64 10.8 11.02 10.68 11.12 
10.18 11.9 10.9 10.69 11.79 11.52 11.58 11.27 11.37 11.58 11.19 11.51 
9.36 11.33 10.19 10.21 10.79 11.2 11.11 10.79 10.8 11.22 10.71 11.08 
9.01 10.64 10.63 10.41 10.63 11.02 11.13 10.71 10.87 11.25 10.9 11.13 
8.86 10.35 9.59 9.75 9.96 10.34 10.45 10.15 10.51 10.75 10.56 10.59 
9.26 10.66 10.33 9.96 10.24 10.5 10.63 10.43 10.45 10.92 10.48 10.91 
9.24 11.01 10.02 10.31 10.54 11.03 10.94 10.6 10.81 10.97 10.63 11.0 
9.16 11.37 10.84 10.68 10.69 11.45 11.48 11.04 11.31 11.53 11.09 11.43 
9.82 11.3 10.17 10.19 10.52 10.93 10.83 10.54 10.63 10.72 10.23 10.79 
8.94 10.33 9.57 9.52 9.75 10.03 10.17 9.86 10.18 10.24 10.18 9.98 
9.38 11.03 10.53 10.61 10.14 10.84 11.03 10.61 10.71 10.86 10.37 10.4 
9.2 10.9 10.35 10.8 10.19 10.88 11.06 10.77 11.21 11.4 11.1 10.81 
9.52 10.06 9.52 9.45 9.81 10.79 11.02 10.65 10.73 10.88 10.69 10.98 
9.53 10.35 9.97 9.87 10.14 10.85 11.01 10.52 10.63 10.78 10.47 11.0 
9.12 10.5 10.02 9.83 9.97 10.89 11.1 10.78 10.96 11.14 11.08 11.18 
8.86 10.71 10.33 10.5 10.39 10.53 10.69 10.44 10.81 10.97 10.78 11.1 
8.8 10.78 10.22 10.24 10.12 10.68 10.23 10.11 10.41 10.7 10.51 11.14 
9.5 11.79 10.52 10.28 10.8 10.77 10.77 10.25 10.32 10.23 10.05 10.44 
9.23 11.15 10.52 10.63 10.67 11.0 10.92 10.53 10.61 10.81 10.28 10.64 
9.54 11.13 10.66 10.22 10.65 10.87 10.68 10.42 10.69 10.74 10.44 10.89 
9.64 11.05 10.49 10.55 10.14 10.55 11.06 10.86 11.24 11.52 11.3 11.43 
9.31 11.06 10.16 10.01 10.18 10.46 10.53 10.34 10.56 10.94 10.63 10.91 
9.39 11.39 10.47 10.28 10.52 10.98 10.99 10.74 10.81 10.94 10.56 10.88 
8.95 10.73 10.2 10.42 10.85 11.4 11.25 10.87 11.1 11.31 10.85 11.05 
9.44 10.84 10.34 10.39 10.62 11.17 11.11 10.85 10.94 11.13 10.6 10.77 
9.36 11.05 10.36 10.01 10.36 10.88 11.01 10.8 11.06 11.38 11.13 11.0 
9.06 10.87 10.2 10.36 10.43 10.77 10.59 10.22 10.41 10.52 10.07 10.58 
9.18 10.83 10.08 10.1 10.06 10.32 10.36 10.1 10.14 10.24 10.15 10.75 
10.1 11.34 10.48 10.61 10.38 10.89 11.09 10.73 10.97 10.96 10.71 11.27 
9.91 11.32 10.46 10.19 10.46 10.73 10.69 10.54 10.57 10.7 10.34 10.61 
9.92 11.3 10.24 10.12 10.23 9.97 9.91 9.7 9.83 9.72 9.53 10.12 
8.75 9.6 8.5 9.28 8.83 7.84 7.05 6.6 6.54 6.53 6.53 6.97 
6.57 8.99 8.51 9.47 9.84 8.17 7.27 6.48 6.25 6.13 6.04 6.44 
6.75 9.35 9.08 10.84 10.72 9.13 7.93 7.12 6.87 6.87 6.81 7.22 
6.88 9.02 8.68 10.64 11.36 9.63 8.48 7.63 7.38 7.3 7.21 7.62 
6.82 9.11 8.54 10.71 11.42 10.57 9.21 7.74 7.23 7.22 7.08 7.44 
6.69 8.85 8.39 10.14 11.53 10.98 10.07 8.77 7.74 7.65 7.51 7.93 
6.98 9.21 8.44 10.48 11.18 11.28 10.76 9.68 8.33 7.56 7.27 7.58 
6.72 8.89 8.23 10.12 11.34 11.11 11.14 10.19 9.46 8.33 7.45 7.85 
6.99 9.24 8.43 10.45 11.11 11.43 11.32 10.59 9.86 9.34 7.81 7.29 
6.79 9.02 8.21 9.97 11.18 10.97 11.43 10.99 10.01 9.65 8.94 8.0 
9.37 10.66 9.54 10.55 10.8 11.14 11.37 11.45 11.58 11.67 11.63 11.01 
10.21 11.26 10.27 10.25 10.87 11.28 11.32 11.74 11.91 12.19 12.33 12.42 
10.1 11.07 10.02 10.38 10.53 11.32 11.09 11.55 11.73 12.02 12.05 12.02 
9.77 11.01 10.02 10.15 10.65 11.25 11.18 11.36 11.69 12.05 11.98 11.79 
10.05 11.02 10.0 10.46 10.58 11.19 11.22 11.64 11.76 11.98 11.76 11.53 
10.03 11.03 9.96 10.18 10.56 11.06 11.09 11.41 11.67 11.83 11.67 11.43 
9.99 10.79 9.86 10.39 10.47 11.16 10.99 11.33 11.56 11.79 11.58 11.37 
9.94 10.5 9.69 9.88 10.53 11.24 11.11 11.17 11.54 11.81 11.58 11.41 
9.77 10.95 10.03 10.53 10.37 11.03 11.04 11.24 11.52 11.83 11.65 11.31 
9.41 11.06 9.85 10.11 10.52 10.96 10.92 11.17 11.48 11.68 11.5 11.26 
10.01 10.82 9.88 10.38 10.38 11.18 11.01 11.38 11.58 11.77 11.53 11.29 
9.69 10.88 9.85 9.89 10.61 11.17 11.06 11.22 11.56 11.81 11.59 11.41 
10.02 10.88 9.76 10.17 10.48 11.01 10.94 11.26 11.46 11.74 11.48 11.23 
9.96 11.11 10.04 10.0 10.55 11.0 11.01 11.29 11.57 11.83 11.64 11.26 
9.94 10.99 9.77 10.33 10.3 11.04 10.79 11.13 11.41 11.69 11.43 11.17 
9.96 10.9 9.8 9.7 10.5 11.16 10.99 11.22 11.44 11.82 11.53 11.25 
9.75 10.74 9.7 9.98 10.34 10.91 10.84 10.96 11.33 11.63 11.44 11.21 
9.01 10.72 9.71 9.79 10.59 10.88 10.74 10.99 11.3 11.53 11.32 11.16 
9.83 10.92 9.73 10.36 10.38 10.97 10.84 11.18 11.43 11.68 11.47 11.28 
9.36 10.99 10.3 10.26 10.33 11.11 11.0 11.25 11.74 12.08 11.85 11.34 
10.02 11.14 10.01 9.54 9.83 10.89 10.74 11.05 11.14 11.45 11.02 10.45 
10.02 10.99 9.82 9.39 9.63 10.84 10.68 11.02 10.97 11.21 10.63 10.21 
9.91 10.93 9.78 9.92 10.16 10.96 10.78 11.13 11.33 11.64 11.22 10.96 
9.03 10.79 9.85 10.12 10.29 11.04 10.91 11.13 11.37 11.65 11.3 11.19 
9.22 11.08 10.28 10.23 10.67 11.28 11.15 11.49 11.74 12.06 11.77 11.4 
10.05 11.17 10.11 10.07 10.35 11.0 10.94 11.2 11.48 11.72 11.48 11.19 
10.08 11.0 9.8 10.07 10.51 11.02 10.98 11.21 11.46 11.81 11.5 11.16 
9.49 10.68 9.67 10.04 10.22 11.03 10.8 10.92 11.29 11.55 11.32 11.19 
9.34 10.59 9.79 9.83 10.49 11.25 11.02 11.15 11.51 11.86 11.57 11.4 
9.0 11.04 10.34 10.6 10.56 10.86 10.86 11.14 11.54 11.86 11.69 11.27 
10.08 11.09 9.92 10.14 10.72 11.05 10.98 11.33 11.5 11.78 11.45 11.17 
9.46 10.97 9.96 10.19 10.41 11.13 10.98 11.38 11.48 11.7 11.37 11.25 
10.05 10.96 9.9 9.98 10.66 11.27 11.17 11.36 11.63 11.91 11.6 11.34 
9.82 11.01 10.08 9.99 10.42 11.01 10.97 11.23 11.54 11.76 11.48 11.23 
9.91 11.21 10.39 10.26 10.71 10.96 10.98 11.51 11.67 11.94 11.69 11.21 
7.36 9.25 8.36 9.46 10.01 10.13 10.41 10.22 10.21 10.37 9.52 9.6 
7.2 9.87 9.27 9.57 10.43 10.78 11.03 10.99 11.07 11.32 10.51 10.15 
9.99 11.24 10.15 10.37 10.64 10.96 11.16 11.44 11.88 12.0 11.79 11.45 
9.85 11.13 10.47 10.68 10.81 11.09 11.34 11.69 11.87 12.02 11.84 11.34 
9.83 11.21 10.36 10.76 10.88 10.99 11.13 11.69 11.89 11.9 11.85 11.5 
9.92 10.82 9.96 10.6 10.78 11.53 11.26 11.88 11.82 11.85 11.93 11.9 
9.7 10.89 10.1 10.06 10.58 11.11 11.21 11.45 11.96 11.97 11.82 11.6 
10.06 11.13 10.49 10.13 10.43 11.09 11.38 11.96 11.8 11.88 11.8 11.55 
8.46 10.62 10.03 10.3 10.68 11.14 10.7 11.03 11.32 11.56 11.55 11.47 
9.42 10.88 9.96 10.11 10.53 11.31 11.37 11.67 11.9 12.16 11.9 11.67 
9.8 11.05 10.29 10.35 10.71 10.99 10.98 11.36 11.6 11.85 11.67 11.36 
9.67 11.02 9.95 10.11 10.46 11.02 10.96 11.26 11.43 11.7 11.43 11.31 
9.48 10.92 9.98 9.9 10.53 11.1 10.86 11.22 11.49 11.75 11.52 11.37 
9.8 10.94 9.87 10.02 10.46 11.27 11.13 11.28 11.59 11.87 11.62 11.47 
9.92 10.98 9.98 9.97 10.64 10.93 10.94 11.21 11.42 11.66 11.45 11.33 
9.79 11.3 10.29 10.35 10.52 11.05 11.08 11.35 11.66 11.96 11.79 11.36 
9.8 11.02 9.95 9.99 10.52 11.04 10.9 11.27 11.54 11.82 11.56 11.27 
9.72 10.85 9.87 10.01 10.32 11.22 11.05 11.3 11.65 11.85 11.57 11.37 
9.8 10.97 9.87 9.99 10.56 10.92 10.9 11.27 11.54 11.76 11.54 11.31 
9.74 11.0 9.88 10.19 10.35 11.05 10.9 11.25 11.52 11.74 11.44 11.23 
9.55 10.99 9.94 10.2 10.38 10.95 10.82 11.13 11.4 11.67 11.48 11.16 
9.74 11.05 9.86 9.98 10.34 11.09 10.94 11.03 11.32 11.58 11.25 10.85 
9.83 11.13 10.26 10.22 10.28 10.74 10.86 11.39 11.64 11.98 11.67 11.1 
8.3 10.21 9.6 9.93 9.87 10.13 10.11 10.74 10.8 11.09 10.61 10.35 
10.17 11.28 10.09 9.94 10.54 11.12 11.09 11.49 11.67 11.92 11.71 11.38 
9.19 10.7 9.82 10.24 10.56 11.3 11.18 11.3 11.71 12.05 11.73 11.57 
9.37 11.18 10.35 10.26 10.85 10.91 11.03 11.33 11.72 12.03 11.76 11.35 
10.12 10.92 9.81 10.14 10.53 11.02 10.96 11.23 11.56 11.74 11.5 11.24 
9.72 10.78 9.6 10.01 10.63 10.86 10.82 11.13 11.45 11.72 11.54 11.28 
9.01 10.36 9.5 10.12 10.4 11.08 10.97 10.91 11.41 11.79 11.54 11.41 
10.15 11.28 10.17 10.18 10.64 10.99 11.14 11.35 11.67 11.9 11.67 11.33 
9.07 10.96 10.05 10.57 10.5 10.99 10.93 11.16 11.61 11.87 11.62 11.26 
9.8 10.78 9.71 9.97 10.51 11.0 10.92 11.23 11.48 11.71 11.46 11.21 
9.91 10.73 9.79 10.1 10.45 11.22 11.18 11.31 11.67 11.93 11.66 11.39 
9.74 10.86 10.17 10.13 10.69 10.81 10.94 11.17 11.51 11.82 11.61 11.26 
10.05 11.01 9.98 10.44 10.51 10.87 10.92 11.34 11.65 11.91 11.65 11.25 
9.49 10.81 10.06 10.23 10.19 10.71 10.79 11.27 11.52 11.68 11.2 10.61 
8.23 11.28 10.35 10.0 10.44 10.8 10.86 11.31 11.41 11.26 10.95 10.85 
8.95 11.44 10.77 10.43 10.52 10.91 11.05 11.47 11.82 11.92 11.89 11.99 
7.25 10.47 10.22 9.81 10.5 11.02 10.47 10.8 10.82 10.7 10.37 10.28 
7.49 10.27 9.85 8.99 9.88 10.33 9.57 9.98 9.83 9.07 8.95 9.22 
7.76 10.42 9.98 9.52 10.24 10.96 10.3 10.39 9.93 9.92 9.77 9.95 
7.52 10.48 10.07 9.56 10.07 10.77 9.97 10.29 9.97 9.61 9.65 9.9 
7.6 10.65 10.68 9.28 10.2 10.6 9.58 10.06 9.98 9.3 9.56 9.88 
7.45 10.8 10.75 9.29 10.41 10.29 9.52 10.06 9.85 9.32 9.65 9.98 
7.3 10.33 9.9 9.53 10.07 10.41 9.67 10.07 9.62 9.63 9.75 10.06 
7.39 10.59 9.93 9.59 10.4 10.57 9.83 10.23 9.83 9.81 9.99 10.52 
7.48 9.88 9.63 8.4 9.73 10.21 9.3 9.24 9.0 9.13 9.44 9.84 
7.16 9.66 8.96 9.33 9.36 10.87 9.7 9.88 9.1 9.71 9.69 10.02 
7.88 10.4 9.62 9.24 9.49 10.16 9.31 9.65 9.35 9.41 9.56 10.0 
7.48 10.7 10.35 9.28 9.87 9.33 8.76 9.52 9.28 8.81 9.4 9.91 
7.94 11.35 10.77 9.1 9.82 9.62 8.42 9.12 9.27 8.85 9.72 10.06 
7.86 10.96 10.45 9.53 9.57 10.0 9.23 9.56 9.17 9.63 10.08 10.43 
7.91 11.27 10.73 9.53 9.91 9.3 8.38 9.18 9.2 8.83 9.34 9.9 
7.69 10.21 10.33 9.41 9.8 10.17 9.52 9.37 8.89 9.71 10.01 10.18 
7.57 11.15 10.03 9.48 9.8 9.84 9.1 9.83 9.61 9.94 9.81 10.33 
8.07 11.77 10.9 9.29 9.83 9.6 8.74 9.62 10.19 10.05 9.99 10.17 
8.95 12.33 11.6 9.82 10.62 10.43 10.23 10.48 10.78 10.97 10.96 11.01 
8.05 10.79 9.99 9.2 9.43 10.01 10.82 10.37 10.4 10.93 10.55 10.81 
7.41 10.84 10.87 9.59 10.07 10.56 10.94 10.84 11.1 11.32 10.96 10.83 
7.71 10.61 10.94 9.13 9.86 10.43 10.96 10.44 11.24 11.63 11.47 11.07 
7.24 10.33 10.48 9.3 9.28 11.0 10.97 10.57 10.88 11.48 11.24 11.09 
7.24 10.25 10.89 9.32 9.67 10.64 10.81 10.66 11.6 12.2 12.11 11.59 
6.87 9.41 10.36 8.86 10.03 10.43 10.83 10.84 11.29 11.79 11.46 11.27 
7.73 11.07 11.17 9.47 9.67 10.59 10.92 10.96 11.76 12.35 12.34 11.85 
7.65 11.49 11.26 9.42 9.72 10.36 10.78 10.59 11.55 12.17 12.24 11.69 
7.35 10.11 10.35 9.31 9.82 10.88 10.83 10.6 11.28 11.88 11.77 11.44 
7.53 11.19 10.9 9.56 9.55 10.63 10.79 10.9 11.71 12.33 12.26 11.76 
7.98 11.28 10.82 9.51 9.92 10.66 11.06 10.85 11.79 12.4 12.35 11.84 
7.32 10.73 10.7 9.78 10.22 10.51 11.0 11.05 11.74 12.38 12.4 11.97 
7.65 10.97 10.88 9.59 10.29 10.33 10.76 10.75 11.57 12.14 12.14 11.67 
7.56 11.02 11.07 9.61 10.31 10.75 10.94 10.84 11.53 12.14 12.1 11.67 
7.76 10.62 10.84 9.15 9.84 10.49 11.1 10.62 11.46 12.02 12.02 11.55 
6.99 10.87 11.18 9.65 10.04 10.48 11.0 11.18 11.61 12.02 11.74 11.45 
7.49 10.56 10.74 9.52 9.66 10.64 10.85 10.64 11.38 11.88 11.81 11.43 
7.95 11.5 10.95 9.42 9.77 10.28 10.98 10.77 11.77 12.26 12.3 11.78 
7.28 9.7 9.77 9.06 9.08 10.14 10.59 10.17 10.79 11.3 11.29 10.96 
9.33 10.77 9.55 9.08 9.01 8.72 8.95 8.72 8.26 8.89 9.5 9.35 
8.85 10.91 10.8 9.05 9.5 10.12 10.63 10.08 10.84 11.24 11.37 11.07 
8.0 9.83 10.56 8.81 9.8 10.62 10.56 10.39 10.86 11.33 11.3 11.04 
7.79 11.08 10.89 9.48 9.94 10.56 11.0 10.87 11.58 12.06 12.03 11.66 
8.02 10.8 11.36 9.42 9.92 10.83 10.85 10.86 11.6 12.19 12.2 11.68 
8.36 12.04 11.07 9.65 9.79 10.62 10.62 10.71 11.71 12.25 12.3 11.78 
7.59 10.98 10.77 9.32 9.29 10.44 10.91 10.85 11.64 12.27 12.24 11.66 
7.53 11.18 10.59 9.49 9.66 10.25 9.73 10.68 11.62 12.24 12.27 11.75 
9.13 10.77 10.3 9.15 9.36 10.15 9.95 10.76 11.3 11.65 11.53 11.5 
7.45 8.09 6.96 6.53 6.81 7.57 7.83 8.37 9.11 9.28 9.44 9.59 
9.51 11.19 10.25 9.96 10.26 10.76 10.88 11.46 12.07 12.48 12.28 11.6 
10.5 11.28 10.53 9.84 10.11 10.62 10.77 11.33 11.57 11.99 11.8 11.35 
10.7 11.42 10.6 9.79 9.87 10.73 10.86 11.53 11.84 12.26 12.04 11.81 
7.52 9.64 9.78 8.72 9.1 9.37 9.36 9.88 10.65 11.21 11.31 11.22 
6.17 9.4 9.47 9.18 8.85 9.9 9.76 10.02 10.45 11.05 11.06 11.11 
9.81 10.53 9.94 9.14 9.15 9.9 9.95 10.61 10.88 11.28 11.31 11.33 
9.84 10.63 10.37 9.12 9.55 10.26 10.21 10.88 11.48 11.85 11.67 11.34 
10.03 10.67 9.94 9.13 9.65 10.61 10.32 10.86 11.28 11.69 11.58 11.26 
9.89 10.58 10.01 9.36 9.42 10.29 10.12 10.77 11.09 11.51 11.47 11.2 
7.78 10.49 10.45 9.96 10.16 10.42 10.39 11.12 11.39 11.69 11.46 11.13 
9.0 10.83 10.3 9.9 9.96 10.33 10.46 11.34 11.6 11.91 11.66 11.33 
9.15 10.62 10.2 9.27 9.38 9.85 10.05 10.8 11.07 11.37 11.15 10.76 
9.45 10.64 10.14 9.3 9.5 10.27 10.36 10.98 11.25 11.62 11.41 11.11 
9.02 9.77 8.98 8.23 8.43 8.94 9.12 9.43 9.68 9.89 9.76 9.54 
3.13 2.23 1.89 1.78 1.79 2.06 2.21 2.29 2.44 2.53 2.67 3.01 
4.18 6.82 6.33 7.25 7.91 9.14 9.88 10.22 10.27 9.46 9.07 8.35 
7.43 9.77 8.69 8.7 9.03 9.89 10.19 10.44 10.72 10.73 10.67 10.24 
10.74 11.44 10.64 10.22 10.4 11.27 11.33 11.59 11.87 12.2 12.11 12.18 
10.45 10.58 10.4 9.63 9.92 10.82 10.86 11.13 11.48 11.75 11.76 11.73 
10.39 10.95 9.75 9.86 10.45 10.78 11.16 11.44 11.59 11.76 11.76 11.82 
7.96 10.85 10.14 9.95 10.05 10.71 10.9 11.18 11.19 10.85 10.81 11.24 
7.69 10.56 10.21 9.91 10.2 10.72 10.81 11.1 11.22 11.05 10.89 11.01 
9.31 11.08 10.37 9.94 10.36 10.91 11.08 11.28 11.24 10.78 10.64 10.92 
7.83 11.05 9.99 9.46 9.85 11.04 11.42 11.87 11.78 11.77 11.68 11.88 
10.27 10.99 10.14 9.64 9.93 10.79 10.85 11.12 11.02 10.51 10.53 11.17 
8.68 10.0 9.95 9.99 10.17 10.89 11.31 11.36 11.71 11.63 11.83 11.68 
9.96 10.24 9.25 8.92 9.34 10.39 9.87 9.82 9.53 9.97 9.99 10.69 
10.22 10.95 10.31 9.51 9.9 10.78 10.93 11.2 11.28 11.11 11.0 11.02 
10.18 10.93 9.76 9.58 9.79 10.55 10.73 10.95 10.8 10.33 10.26 10.81 
7.48 9.57 9.28 8.72 9.58 9.75 9.91 10.14 10.28 9.94 10.4 10.9 
10.31 10.88 10.02 9.5 9.63 10.45 10.7 10.88 11.12 11.19 11.36 11.22 
10.3 10.73 9.98 9.82 9.97 10.39 10.76 11.01 11.13 10.52 10.54 10.94 
8.58 9.51 9.28 8.35 9.26 9.45 9.7 10.13 10.42 10.31 10.63 11.1 
9.55 11.11 9.95 9.67 9.63 10.67 10.69 10.95 11.24 11.3 11.27 11.5 
8.84 10.06 9.63 9.23 9.62 10.22 10.26 10.74 11.17 11.31 11.4 11.35 
10.27 11.04 10.48 9.9 10.12 10.67 10.95 11.18 11.4 11.45 11.39 11.45 
9.69 10.83 9.76 9.42 9.74 10.43 10.74 10.98 11.31 11.35 11.31 11.49 
10.18 11.24 10.03 10.12 9.69 10.56 10.99 11.08 11.27 11.36 11.26 11.38 
8.67 10.82 9.39 9.32 9.48 9.89 10.21 10.68 10.89 11.22 10.95 10.32 
9.15 10.93 9.43 9.25 9.3 10.09 10.27 10.91 11.07 11.39 11.05 10.21 
7.91 10.96 9.32 8.9 9.42 9.95 10.34 10.54 10.76 11.19 10.85 9.91 
9.76 10.31 9.8 9.38 9.84 10.57 10.57 10.92 11.11 11.11 11.06 11.31 
7.57 10.26 10.03 9.51 9.89 10.61 10.57 11.02 11.18 10.84 10.65 10.81 
10.15 11.17 10.01 9.83 10.21 10.9 11.14 11.43 11.72 11.55 11.57 11.61 
8.84 10.87 9.95 9.63 9.93 10.74 10.75 11.06 11.12 10.77 10.61 11.05 
8.57 10.85 10.01 9.54 9.89 10.83 11.0 11.32 11.16 10.81 10.63 11.1 
8.98 10.62 9.83 9.16 9.93 10.76 10.89 11.22 11.11 10.64 10.58 11.0 
7.78 10.83 10.06 9.49 9.62 10.71 11.26 11.69 11.6 11.59 11.51 11.69 
10.06 10.76 10.17 9.6 9.84 10.72 10.72 10.98 10.85 10.42 10.41 11.04 
7.4 9.98 9.98 10.1 10.24 10.86 11.35 11.38 11.7 11.64 11.8 11.66 
8.54 10.62 9.92 9.87 9.97 11.01 10.91 11.06 10.9 10.65 10.56 10.92 
10.19 10.85 10.16 9.46 9.8 10.89 11.06 11.2 11.4 11.35 11.26 11.18 
9.84 10.83 9.94 9.86 9.89 10.69 10.85 11.02 10.89 10.34 10.23 10.87 
8.66 11.2 10.54 9.87 10.31 10.62 10.95 11.12 10.9 10.19 10.24 10.89 
10.19 10.69 9.98 9.77 10.05 10.87 11.08 11.3 11.41 11.31 11.34 11.15 
8.82 10.27 10.01 9.8 9.95 10.58 10.79 11.02 11.15 10.68 10.71 11.04 
8.69 9.61 9.41 8.49 9.34 9.71 9.87 10.29 10.62 10.49 10.83 11.31 
9.08 10.94 10.11 9.58 9.6 10.47 10.67 10.98 11.31 11.39 11.35 11.52 
7.66 9.18 9.22 8.95 9.3 10.36 10.2 10.62 11.07 11.31 11.36 11.22 
9.78 11.02 10.47 9.99 10.32 10.78 11.07 11.28 11.55 11.55 11.52 11.56 
9.06 10.91 9.82 9.87 9.86 10.57 10.83 11.09 11.44 11.54 11.46 11.65 
10.13 11.18 10.16 10.18 9.96 10.66 11.01 11.19 11.36 11.5 11.36 11.47 
9.0 10.63 9.99 9.07 9.49 10.13 10.17 10.54 10.73 11.14 11.0 10.59 
10.13 10.99 10.16 9.57 9.72 10.52 10.61 11.29 11.38 11.83 11.63 11.0 
7.08 9.43 10.04 8.91 9.23 9.6 9.61 9.99 10.39 11.02 11.0 10.33 
6.46 9.82 9.77 9.36 9.25 9.74 9.82 10.42 10.07 10.13 10.04 10.07 
7.57 11.27 9.72 9.56 9.77 10.37 10.66 10.67 10.86 11.32 10.96 10.56 
9.48 11.49 10.14 9.95 10.04 10.32 10.7 10.99 11.31 11.59 11.37 10.76 
10.6 11.47 10.51 9.85 9.85 10.59 10.85 11.57 11.86 12.05 11.9 11.42 
10.16 10.58 10.02 9.01 9.48 9.96 10.13 10.86 11.34 11.43 11.31 10.92 
6.85 9.31 10.33 8.98 9.31 10.01 9.84 10.51 11.24 11.38 11.28 10.82 
5.77 8.97 9.86 8.84 8.69 9.55 9.48 9.91 10.59 10.64 10.54 10.4 
5.82 9.01 9.83 8.56 8.65 9.74 9.52 10.05 10.72 10.63 10.62 10.62 
10.5 11.19 10.4 9.44 9.7 10.44 10.58 11.1 11.43 11.46 10.97 10.63 
10.52 11.33 10.17 9.77 9.91 10.83 10.9 11.55 11.74 11.87 11.43 10.98 
10.05 11.24 10.49 9.85 9.85 10.45 10.67 11.17 11.48 11.7 11.31 10.82 
10.36 11.21 10.0 9.68 9.89 10.4 10.62 11.26 11.47 11.6 11.16 10.59 
9.98 10.98 10.19 9.41 9.39 10.04 10.34 10.98 11.15 11.42 10.93 10.38 
9.42 11.13 10.11 9.06 9.36 10.08 10.26 10.84 11.24 11.47 11.13 10.54 
10.24 10.84 9.92 9.46 9.45 10.13 10.42 11.1 11.22 11.36 10.99 10.39 
8.1 9.1 9.42 9.44 9.58 10.24 10.41 10.1 10.61 10.16 9.78 9.37 
5.15 8.24 8.42 8.19 8.43 8.84 9.21 8.99 8.89 7.77 7.11 6.93 
4.75 6.46 7.57 5.98 5.77 6.57 7.07 7.15 6.19 4.75 4.87 5.55 
6.01 9.67 10.38 10.43 10.55 11.36 11.48 10.75 11.39 10.26 9.31 8.68 
6.12 10.27 10.6 10.72 10.89 11.49 11.71 11.02 11.62 10.51 9.56 8.98 
6.18 10.22 10.83 10.74 11.08 11.63 11.82 11.1 11.74 10.62 9.68 9.09 
5.4 7.68 8.51 7.43 7.22 7.84 8.24 8.17 7.31 6.62 6.44 6.76 
5.89 8.21 9.47 8.52 8.32 9.04 9.25 8.96 8.45 7.69 7.38 7.65 
6.74 10.68 11.44 11.49 11.68 12.27 12.45 11.7 12.37 11.24 10.3 9.67 
5.71 8.08 8.87 8.24 8.03 8.33 8.59 8.52 7.72 7.23 7.05 7.33 
5.98 8.53 9.61 9.1 8.9 9.46 9.73 9.29 8.86 8.22 7.97 8.15 
7.09 10.97 11.74 11.76 12.06 12.51 12.72 12.02 12.66 11.54 10.6 10.0 
6.57 10.66 10.69 10.72 10.76 11.33 11.56 11.24 11.49 10.62 9.66 9.1 
6.93 10.88 11.64 11.67 11.99 12.46 12.69 11.92 12.61 11.49 10.53 9.9 
3.34 5.04 5.14 4.98 4.93 5.27 5.44 5.37 5.13 4.85 4.59 4.56 
3.24 4.81 5.23 5.2 5.22 5.6 5.75 5.46 5.5 5.09 4.8 4.73 
7.17 11.16 11.92 11.92 12.08 12.76 12.92 12.17 12.84 11.7 10.78 10.16 
5.7 8.88 9.5 9.53 9.74 10.35 10.47 9.86 10.39 9.46 8.7 8.23 
5.98 9.37 9.81 9.79 9.85 10.56 10.78 10.38 10.99 10.65 10.23 10.02 
6.76 9.79 10.29 10.33 10.14 11.03 11.27 11.62 12.2 13.03 13.23 13.16 
9.96 11.24 10.5 10.35 10.63 11.2 11.24 11.79 12.16 12.4 12.19 11.66 
10.36 11.32 10.55 10.07 10.41 10.84 11.06 11.72 11.91 12.1 11.86 11.59 
10.07 10.08 9.47 9.03 9.89 9.85 10.16 10.44 10.83 11.36 11.49 11.52 
10.11 10.88 10.33 10.26 10.39 11.05 11.12 11.67 11.92 12.28 12.0 11.61 
10.14 10.69 10.14 9.65 9.73 10.49 10.53 11.3 11.52 11.73 11.45 11.11 
10.03 10.74 9.77 9.56 9.71 10.27 10.53 11.3 11.61 11.85 11.57 11.22 
9.42 10.65 10.13 9.26 9.9 9.98 10.07 10.79 11.12 11.29 11.18 11.09 
8.01 10.64 9.93 9.28 9.89 9.67 10.01 10.55 11.03 11.3 11.28 11.19 
10.22 10.88 10.21 9.93 10.24 10.64 10.95 11.56 11.82 12.11 11.81 11.41 
9.38 10.42 9.36 9.41 9.28 10.14 10.48 10.96 10.91 11.35 11.0 11.04 
7.44 10.14 9.34 8.78 9.66 9.75 10.02 10.47 10.89 11.24 11.22 11.17 
10.24 10.78 9.97 9.23 9.57 10.04 10.61 11.06 11.48 11.8 11.79 11.4 
9.1 10.67 9.93 9.44 9.56 10.1 10.33 11.16 11.33 11.64 11.35 11.16 
10.16 11.0 10.07 9.72 10.48 10.53 10.73 11.31 11.7 11.93 11.68 11.31 
9.36 10.34 10.15 9.5 10.03 10.26 10.34 11.1 11.32 11.45 11.09 10.91 
10.4 11.31 10.44 9.9 10.49 10.59 10.66 11.54 12.08 12.33 12.12 11.68 
9.76 10.26 9.55 9.14 9.5 9.92 10.31 10.97 11.14 11.41 11.09 10.77 
9.77 10.55 9.57 9.13 9.37 10.13 10.57 11.12 11.16 11.52 11.27 11.13 
10.66 11.33 10.29 9.95 10.27 10.88 11.13 11.85 12.12 12.42 12.12 11.78 
6.74 8.6 8.57 8.55 8.9 9.5 9.41 9.8 10.41 10.77 10.68 10.37 
10.19 11.17 10.44 10.02 9.94 10.23 10.56 11.34 11.67 12.07 11.77 11.17 
8.74 9.13 8.19 8.3 8.01 8.6 9.01 9.59 10.01 10.37 10.22 9.86 
5.46 6.69 6.41 6.68 6.16 7.16 7.63 8.0 8.59 8.99 9.06 8.96 
10.39 10.99 9.79 9.62 9.6 10.1 10.33 11.07 11.52 11.83 11.49 10.8 
10.83 11.65 10.47 10.26 10.43 10.93 11.02 11.82 12.35 12.69 12.56 12.05 
9.57 10.15 8.72 8.51 8.6 9.17 9.38 10.03 10.55 10.87 10.73 10.3 
10.63 11.69 10.63 10.24 10.32 10.59 10.81 11.58 12.31 12.71 12.5 11.89 
9.41 10.16 9.24 9.23 9.47 9.44 9.72 10.4 10.88 11.26 10.96 10.5 
10.17 10.78 9.96 9.65 10.09 10.41 10.77 11.38 11.61 11.89 11.57 11.24 
8.54 11.11 9.99 9.66 9.96 10.61 10.7 11.26 11.36 11.65 11.42 11.29 
8.5 10.35 9.48 9.01 9.28 9.64 9.79 10.24 10.55 10.81 10.63 10.41 
10.19 10.92 10.0 9.45 9.9 10.31 10.53 11.36 11.68 11.96 11.68 11.27 
9.36 10.35 9.38 9.09 9.8 9.74 10.26 10.82 11.05 11.49 11.31 11.13 
9.88 10.52 9.31 8.84 9.08 9.72 10.26 10.79 11.32 11.69 11.51 11.13 
9.42 10.24 9.9 9.28 9.63 9.81 9.82 10.44 11.05 11.28 11.15 10.95 
8.63 10.88 10.01 9.66 10.39 10.21 10.63 11.21 11.62 11.88 11.56 11.17 
10.71 11.27 10.38 9.67 10.52 10.78 11.11 11.79 12.08 12.32 12.18 11.83 
9.27 9.99 8.98 8.49 8.93 9.41 9.73 10.17 10.48 10.87 10.72 10.5 
10.14 10.93 10.01 9.43 9.83 10.24 10.55 11.06 11.57 11.98 11.85 11.33 
8.76 10.2 9.46 9.54 9.49 10.04 10.43 10.6 11.13 11.61 11.52 10.69 
8.46 9.65 9.1 8.98 9.03 9.34 9.7 9.97 10.54 10.85 10.68 10.15 
10.12 10.71 9.52 9.04 9.57 9.71 10.29 10.87 11.3 11.61 11.48 11.31 
9.2 9.81 9.32 8.73 9.65 9.53 9.62 9.99 10.32 10.71 10.79 11.17 
10.44 11.72 10.43 9.98 10.84 10.85 11.56 11.92 12.23 12.45 12.2 12.03 
9.61 10.3 9.14 8.7 9.17 9.46 9.96 10.57 10.88 10.98 10.58 10.34 
9.78 10.57 9.77 9.01 9.59 9.94 10.18 10.71 11.07 11.25 10.96 10.94 
9.76 10.43 9.88 9.02 9.37 9.68 9.78 10.37 10.84 10.85 10.76 10.96 
8.7 10.21 10.25 8.89 9.85 9.48 9.5 10.07 10.64 10.37 10.34 10.8 
10.74 11.61 10.84 10.12 11.16 10.85 11.43 12.01 12.19 12.39 12.11 12.1 
9.16 9.75 9.03 8.68 9.48 9.35 10.05 10.27 10.62 10.93 10.67 10.59 
9.25 11.12 10.11 9.31 9.55 9.89 10.46 10.8 11.53 11.74 11.73 12.01 
9.41 10.22 9.59 8.61 9.33 9.39 9.74 10.26 10.72 10.86 10.68 10.63 
9.76 10.31 9.42 9.0 9.93 9.96 10.48 10.88 11.13 11.37 11.15 11.29 
10.37 11.51 10.5 10.0 10.19 10.77 10.83 11.48 12.01 12.37 12.29 12.36 
9.15 10.05 9.49 9.05 9.46 9.88 9.81 10.24 10.63 10.96 10.8 10.61 
9.95 10.91 10.66 9.68 10.63 10.28 10.26 10.96 11.5 11.36 11.2 11.36 
9.3 10.04 8.88 8.67 9.86 9.27 9.77 10.15 10.58 10.84 10.58 10.58 
9.79 10.61 9.7 9.13 9.89 10.07 10.53 11.03 11.08 11.32 10.84 10.97 
10.77 11.7 10.55 10.04 10.03 10.85 11.3 11.97 12.21 12.46 12.03 11.81 
8.55 10.35 9.63 9.35 9.68 10.02 10.25 10.71 11.0 11.26 10.99 10.49 
9.17 10.29 9.6 9.43 9.99 10.58 10.75 11.23 11.76 12.05 11.72 10.98 
9.45 10.4 9.38 9.25 9.61 9.93 10.28 10.7 11.08 11.4 11.2 10.79 
9.71 10.32 9.61 9.24 9.89 10.2 10.5 10.95 11.12 11.38 11.07 11.13 
9.7 10.41 9.7 8.99 9.64 9.88 10.3 10.79 11.1 11.44 11.15 11.0 
9.71 10.44 9.6 8.96 9.8 9.84 10.04 10.69 11.13 11.37 11.18 11.1 
9.75 10.83 9.83 9.15 9.55 9.96 10.23 10.91 11.18 11.36 11.08 11.05 
9.16 10.88 10.26 9.62 9.94 10.11 10.4 10.96 11.14 11.3 11.09 11.18 
10.47 11.31 10.47 9.81 10.69 10.45 10.97 11.23 11.59 11.79 11.54 11.64 
9.54 10.18 9.4 8.94 9.14 9.61 10.2 10.72 10.85 11.07 10.68 10.5 
9.54 10.51 9.49 9.1 9.53 9.85 10.27 10.57 10.64 11.09 10.94 11.19 
8.84 10.27 9.23 8.85 9.08 9.52 9.75 10.11 10.6 11.07 11.0 11.12 
10.25 10.83 9.82 9.3 9.95 10.28 10.35 11.0 11.57 11.77 11.5 11.26 
9.75 11.43 10.82 10.33 10.89 11.21 11.41 11.87 12.08 12.38 12.08 11.79 
9.1 10.18 9.28 8.69 8.74 9.4 9.69 10.41 10.78 10.99 10.59 10.3 
9.55 11.01 9.46 9.05 9.03 9.59 10.05 10.44 10.95 11.4 11.03 10.48 
8.98 11.12 9.29 8.54 8.97 9.31 9.98 10.16 10.71 11.09 10.71 9.78 
9.47 10.76 10.02 9.76 9.92 10.48 10.38 11.15 11.61 11.87 11.62 10.96 
2.76 2.54 2.05 1.89 1.98 2.11 2.19 2.26 2.43 2.48 2.45 2.52 
