maxTimeSong 208.18
 ---beats--- 
0.46 0.78 1.1 1.42 1.74 2.06 2.38 2.7 3.02 3.33 3.65 3.97 4.29 4.6 4.93 5.25 5.57 5.89 6.2 6.52 6.84 7.16 7.48 7.8 8.12 8.44 8.76 9.07 9.39 9.71 10.02 10.35 10.68 11.0 11.31 11.63 11.95 12.27 12.59 12.91 13.23 13.54 13.85 14.18 14.49 14.81 15.13 15.45 15.76 16.08 16.39 16.71 17.02 17.35 17.67 18.01 18.3 18.63 18.95 19.26 19.58 19.92 20.23 20.56 20.86 21.19 21.49 21.81 22.12 22.46 22.77 23.1 23.4 23.74 24.05 24.37 24.69 25.03 25.33 25.66 25.96 26.29 26.61 26.93 27.24 27.58 27.88 28.22 28.51 28.85 29.15 29.47 29.8 30.13 30.44 30.76 31.07 31.4 31.71 32.03 32.35 32.68 32.99 33.32 33.61 33.96 34.27 34.59 34.91 35.24 35.55 35.88 36.19 36.52 36.83 37.15 37.46 37.79 38.1 38.43 38.74 39.08 39.39 39.72 40.02 40.35 40.65 40.98 41.29 41.62 41.93 42.26 42.56 42.89 43.2 43.52 43.84 44.18 44.49 44.82 45.12 45.45 45.75 46.06 46.38 46.67 47.04 47.36 47.67 48.0 48.31 48.62 48.94 49.27 49.59 49.9 50.22 50.54 50.86 51.18 51.51 51.82 52.15 52.47 52.78 53.11 53.43 53.75 54.07 54.39 54.7 55.02 55.33 55.66 55.98 56.29 56.61 56.93 57.26 57.58 57.89 58.22 58.53 58.85 59.16 59.49 59.81 60.13 60.44 60.77 61.09 61.41 61.72 62.04 62.36 62.69 63.0 63.33 63.64 63.96 64.27 64.59 64.91 65.23 65.54 65.87 66.19 66.51 66.82 67.14 67.45 67.78 68.09 68.44 68.75 69.06 69.37 69.68 70.01 70.35 70.66 70.98 71.3 71.62 71.94 72.26 72.57 72.9 73.21 73.54 73.85 74.18 74.48 74.82 75.13 75.45 75.77 76.11 76.42 76.74 77.06 77.36 77.67 77.98 78.31 78.64 78.95 79.29 79.58 79.91 80.23 80.55 80.86 81.2 81.5 81.83 82.13 82.46 82.77 83.11 83.41 83.75 84.06 84.38 84.69 85.02 85.33 85.63 85.97 86.3 86.61 86.94 87.24 87.58 87.89 88.23 88.52 88.85 89.17 89.49 89.8 90.14 90.45 90.77 91.09 91.41 91.72 92.04 92.35 92.68 92.99 93.33 93.62 93.96 94.27 94.58 94.9 95.24 95.55 95.88 96.19 96.52 96.82 97.17 97.46 97.79 98.1 98.42 98.74 99.06 99.38 99.7 100.02 100.34 100.67 100.98 101.3 101.62 101.93 102.25 102.57 102.89 103.21 103.53 103.84 104.18 104.5 104.81 105.13 105.45 105.77 106.09 106.39 106.72 107.03 107.38 107.67 107.99 108.32 108.63 108.95 109.27 109.59 109.91 110.21 110.54 110.86 111.2 111.51 111.83 112.14 112.49 112.77 113.08 113.43 113.75 114.06 114.38 114.7 115.01 115.33 115.65 115.97 116.3 116.62 116.94 117.26 117.58 117.89 118.21 118.55 118.85 119.16 119.49 119.8 120.12 120.42 120.75 121.08 121.41 121.72 122.04 122.36 122.67 122.98 123.3 123.64 123.96 124.28 124.6 124.91 125.24 125.55 125.87 126.2 126.52 126.83 127.15 127.47 127.79 128.09 128.42 128.76 129.06 129.37 129.69 130.01 130.34 130.66 130.97 131.3 131.62 131.93 132.26 132.57 132.89 133.19 133.52 133.85 134.17 134.49 134.81 135.12 135.44 135.76 136.08 136.4 136.72 137.04 137.38 137.67 138.0 138.3 138.63 138.97 139.27 139.6 139.92 140.22 140.54 140.86 141.19 141.51 141.82 142.15 142.46 142.78 143.1 143.43 143.74 144.08 144.38 144.7 145.02 145.34 145.67 145.97 146.3 146.62 146.93 147.25 147.58 147.89 148.22 148.52 148.85 149.18 149.5 149.82 150.14 150.46 150.78 151.1 151.42 151.75 152.06 152.38 152.69 153.01 153.33 153.65 153.96 154.27 154.59 154.91 155.24 155.57 155.88 156.19 156.49 156.79 157.12 157.45 157.78 158.11 158.4 158.74 159.06 159.39 159.7 160.02 160.34 160.66 160.99 161.29 161.62 161.94 162.26 162.57 162.9 163.21 163.53 163.85 164.17 164.5 164.81 165.13 165.46 165.77 166.09 166.4 166.72 167.03 167.37 167.67 168.0 168.32 168.63 168.94 169.27 169.59 169.9 170.23 170.56 170.88 171.18 171.5 171.83 172.14 172.46 172.78 173.1 173.42 173.75 174.06 174.39 174.7 175.03 175.34 175.66 175.98 176.3 176.6 176.94 177.26 177.57 177.88 178.21 178.54 178.86 179.17 179.5 179.81 180.13 180.44 180.76 181.08 181.41 181.72 182.05 182.37 182.7 183.0 183.32 183.64 183.97 184.28 184.61 184.92 185.24 185.55 185.87 186.19 186.51 186.82 187.15 187.46 187.79 188.1 188.42 188.73 189.05 189.37 189.72 190.02 190.34 190.65 190.95 191.28 191.62 191.93 192.26 192.57 192.89 193.2 193.52 193.86 194.16 194.48 194.8 195.13 195.46 195.77 196.09 196.41 196.72 197.04 197.36 197.68 198.01 198.32 198.64 198.95 199.27 199.59 199.91 200.23 200.56 200.87 201.19 201.52 201.82 202.16 202.47 202.79 203.11 203.41 
 ---spectro--- 
638 12
0.46 0.61 0.61 0.56 0.58 0.6 0.65 0.7 0.66 0.54 0.52 0.55 
7.45 9.39 10.64 8.35 10.32 10.65 11.55 12.3 11.52 9.02 7.77 7.99 
7.77 9.03 11.65 8.45 10.67 10.83 11.57 12.06 11.04 8.79 7.94 8.04 
7.27 9.23 10.61 8.76 9.94 10.15 10.83 11.23 10.31 8.71 7.91 8.0 
8.73 10.7 10.56 9.68 9.6 9.97 11.03 11.71 10.99 10.3 9.31 8.69 
7.39 9.33 10.61 8.3 10.21 10.62 11.51 12.21 11.41 8.92 7.67 7.77 
7.2 8.31 10.78 7.73 9.85 9.98 10.68 11.15 10.16 7.75 7.02 7.12 
7.02 8.69 10.27 8.42 9.59 9.86 10.49 10.9 9.92 7.99 7.24 7.25 
5.28 6.19 5.92 5.42 5.55 6.05 6.95 7.34 6.63 5.6 4.92 4.86 
7.84 10.04 11.16 9.04 10.75 11.06 11.95 12.67 11.93 9.54 8.13 8.14 
8.67 10.98 12.11 10.64 10.97 11.3 11.66 11.79 11.63 10.78 9.44 8.86 
8.52 11.28 11.7 10.94 10.98 10.96 11.83 11.97 12.1 11.09 9.62 8.98 
8.45 10.61 11.42 10.3 10.06 10.41 10.94 10.84 11.04 10.44 9.06 8.38 
8.95 11.38 11.84 11.25 11.19 11.46 12.02 12.42 12.76 12.26 10.55 9.39 
8.2 10.47 11.34 10.0 10.54 10.49 11.03 11.27 11.23 10.23 8.93 8.3 
8.67 11.86 11.78 11.1 11.03 10.97 11.7 11.89 12.42 11.75 10.22 9.05 
8.53 11.58 11.16 12.04 10.71 10.99 11.28 11.47 12.24 11.86 10.06 8.86 
8.61 11.62 11.54 11.44 11.01 11.13 11.6 12.0 12.33 11.69 10.03 8.69 
8.03 10.37 11.11 10.05 9.97 10.35 10.87 11.0 11.03 10.18 8.71 7.88 
8.03 10.75 11.16 10.42 10.44 10.44 11.3 11.43 11.56 10.53 9.04 8.35 
8.05 10.23 11.03 9.94 9.64 10.03 10.57 10.49 10.72 10.05 8.6 7.77 
8.67 11.09 11.58 11.0 10.9 11.19 11.76 12.16 12.5 11.99 10.32 8.94 
8.1 10.28 11.17 9.84 10.35 10.31 10.84 11.1 11.09 10.0 8.77 8.02 
8.57 11.71 11.65 10.96 10.9 10.82 11.57 11.75 12.28 11.64 10.1 8.76 
8.75 11.87 11.43 12.34 10.97 11.25 11.56 11.76 12.54 12.13 10.28 9.07 
8.35 11.23 11.14 11.06 10.59 10.72 11.19 11.55 11.88 11.29 9.68 8.43 
7.94 10.34 11.06 10.01 9.97 10.29 10.8 10.93 11.0 10.14 8.76 8.08 
8.0 10.69 11.11 10.34 10.36 10.4 11.26 11.41 11.53 10.48 9.01 8.3 
8.05 10.23 10.99 9.93 9.61 10.0 10.55 10.45 10.69 10.06 8.64 7.95 
8.93 11.44 11.9 11.32 11.22 11.53 12.1 12.49 12.86 12.34 10.59 9.12 
7.77 9.92 10.8 9.48 9.99 9.98 10.49 10.73 10.69 9.65 8.42 7.79 
8.57 11.72 11.65 10.95 10.9 10.81 11.53 11.73 12.28 11.63 10.09 8.69 
8.46 11.5 11.09 11.95 10.63 10.9 11.2 11.38 12.14 11.75 9.93 8.79 
8.56 11.57 11.46 11.4 10.94 11.06 11.53 11.94 12.25 11.64 9.97 8.73 
7.98 10.36 11.06 9.98 9.92 10.3 10.81 10.9 10.97 10.16 8.77 8.01 
8.0 10.71 11.1 10.36 10.39 10.4 11.28 11.39 11.52 10.47 8.94 8.11 
8.07 10.21 11.0 9.91 9.65 10.01 10.52 10.47 10.66 10.06 8.66 7.95 
8.65 11.08 11.54 10.95 10.89 11.18 11.73 12.13 12.47 11.97 10.28 8.92 
8.11 10.3 11.12 9.8 10.35 10.27 10.83 11.1 11.03 9.99 8.64 7.9 
8.56 11.72 11.63 10.95 10.89 10.81 11.56 11.77 12.27 11.61 10.08 8.64 
8.66 11.81 11.45 12.03 10.92 11.48 11.72 11.85 12.41 12.16 11.12 10.5 
9.29 11.94 11.49 11.23 10.8 11.12 11.4 11.66 12.0 11.51 10.47 10.0 
10.17 12.26 11.11 10.62 10.22 10.49 10.91 10.99 11.78 11.98 11.91 11.53 
9.78 11.83 11.02 10.6 10.58 10.83 11.41 11.46 11.67 11.79 11.61 11.51 
9.91 11.76 10.68 10.01 9.88 10.0 10.5 10.39 11.07 11.23 10.86 10.52 
9.24 11.83 11.12 10.51 10.56 11.03 11.23 11.55 11.82 11.56 10.94 10.87 
9.94 11.83 10.79 9.82 10.08 10.26 10.38 10.59 10.78 10.57 9.92 9.72 
9.79 11.84 11.04 10.49 10.44 10.72 11.31 11.37 11.64 11.26 10.73 10.77 
9.63 11.7 10.54 11.18 9.98 10.37 10.63 10.81 11.46 11.18 10.21 10.12 
9.76 12.35 11.29 11.17 10.93 11.31 11.55 11.82 12.08 11.68 10.98 10.91 
9.48 11.54 10.37 9.66 9.43 9.85 10.11 10.15 10.35 9.9 9.13 9.22 
9.59 11.65 10.9 10.35 10.33 10.7 10.97 11.15 11.14 10.82 10.58 10.62 
9.7 11.7 10.72 9.86 9.56 9.92 10.22 10.17 10.48 10.17 9.54 9.6 
9.68 12.16 11.3 10.66 10.69 11.13 11.52 11.82 12.09 11.76 10.96 10.87 
9.67 11.79 10.7 9.77 9.96 10.15 10.36 10.48 10.57 10.13 9.5 9.64 
9.42 11.72 10.97 10.46 10.47 10.68 11.15 11.32 11.57 11.21 10.72 10.71 
9.26 11.13 10.18 10.79 9.53 9.96 10.23 10.41 11.05 10.75 9.77 9.66 
9.35 11.59 10.94 10.76 10.41 10.88 11.21 11.46 11.7 11.29 10.65 10.6 
9.69 12.15 10.65 9.99 9.79 10.07 10.44 10.51 10.76 10.31 9.45 9.39 
9.84 11.96 11.22 10.62 10.49 11.02 11.41 11.5 11.49 11.15 10.84 10.9 
9.36 11.31 10.41 9.66 9.44 9.83 10.23 10.31 10.53 10.1 9.32 9.25 
9.28 11.73 11.0 10.42 10.39 10.97 11.25 11.47 11.74 11.51 10.68 10.6 
9.36 11.74 10.29 9.45 9.68 9.7 9.94 10.18 10.39 9.88 9.08 9.03 
9.48 11.77 10.9 10.42 10.36 10.67 11.16 11.32 11.55 11.21 10.72 10.72 
9.42 11.51 10.43 11.15 9.92 10.38 10.64 10.84 11.44 11.15 10.1 9.94 
9.34 11.83 11.08 10.84 10.65 10.91 11.19 11.44 11.72 11.31 10.57 10.5 
9.83 11.75 10.56 9.82 9.58 10.09 10.27 10.34 10.63 10.06 9.27 9.14 
9.49 11.35 10.46 10.1 10.11 10.52 10.89 11.05 10.99 10.68 10.41 10.47 
9.69 11.54 10.21 9.45 9.42 9.68 9.99 10.07 10.59 10.07 9.2 9.15 
9.21 11.72 10.92 10.22 10.46 10.93 11.29 11.33 11.75 11.33 10.59 10.57 
9.63 11.62 10.68 9.38 9.63 10.12 10.31 10.57 10.78 10.17 9.31 9.21 
9.44 11.38 10.9 10.27 10.1 10.7 10.96 11.13 11.49 11.12 10.62 10.65 
9.45 11.38 10.16 10.32 9.59 10.16 10.92 10.65 11.45 11.11 10.17 10.1 
9.44 12.05 10.99 10.85 10.25 10.91 11.23 11.86 12.18 11.94 11.86 12.05 
9.39 12.09 10.41 10.77 10.47 10.85 10.38 10.43 11.24 10.88 9.63 10.25 
9.3 11.96 10.78 10.71 10.23 10.7 11.11 11.03 11.41 11.02 10.79 10.89 
9.32 11.86 10.33 10.61 9.73 10.17 10.48 10.64 11.1 10.58 10.21 10.38 
9.14 11.74 10.76 10.58 10.18 10.61 11.07 11.01 11.55 11.45 11.43 11.34 
9.49 11.63 10.33 9.96 10.14 10.31 10.37 10.01 10.71 10.3 9.94 10.19 
9.34 11.81 10.67 10.81 10.19 10.56 10.76 10.87 11.3 10.94 10.58 10.82 
9.23 11.61 10.17 11.38 9.67 10.12 10.57 10.57 11.1 10.7 9.98 10.07 
9.11 11.67 10.66 10.99 10.24 10.75 10.74 10.8 11.3 10.94 10.68 10.57 
9.45 11.73 10.36 10.53 9.73 10.09 10.75 10.14 10.72 10.48 9.92 9.9 
9.34 11.61 10.65 10.19 10.05 10.35 10.66 10.56 11.05 11.37 11.58 12.22 
9.68 12.09 10.31 10.13 9.48 9.82 9.96 10.41 10.85 10.01 9.87 9.89 
9.1 11.56 10.54 10.04 9.86 10.26 10.51 10.85 11.35 11.33 11.81 12.03 
9.23 11.87 10.4 10.93 9.82 10.58 10.1 10.21 10.66 10.18 9.43 9.58 
9.24 11.35 10.4 10.01 9.76 10.44 10.72 10.71 11.12 10.83 10.75 10.7 
9.37 11.87 10.72 10.13 9.84 10.37 10.21 10.35 10.86 10.43 10.32 10.41 
9.22 11.64 10.72 10.97 10.21 10.71 10.79 10.85 11.45 11.12 10.71 10.7 
9.32 11.93 10.21 10.71 9.64 10.63 10.42 10.14 11.12 10.44 9.87 9.93 
9.27 11.68 10.78 10.9 10.15 10.65 11.05 11.0 11.66 11.82 12.21 12.29 
8.89 11.27 10.0 10.99 9.57 10.2 10.09 10.24 11.19 10.99 10.52 10.49 
9.13 11.51 10.85 10.87 11.18 10.75 10.99 10.9 11.33 10.88 10.42 10.31 
9.4 11.6 10.28 10.34 10.3 10.19 10.7 10.32 10.79 10.41 10.49 10.26 
9.24 11.21 10.56 9.92 10.14 10.44 10.68 10.78 11.23 10.89 10.65 10.66 
9.43 11.68 10.6 9.95 9.85 10.16 10.3 10.25 10.7 10.39 10.31 10.6 
9.24 11.93 10.74 10.69 10.12 10.62 10.91 11.23 11.49 11.23 10.98 10.93 
9.54 11.75 10.21 10.37 9.55 9.74 10.19 10.5 11.03 11.03 11.13 11.02 
9.14 11.44 10.62 10.96 10.02 10.87 10.96 10.77 11.4 11.35 11.38 11.45 
9.09 11.16 10.32 11.2 9.67 10.28 10.49 10.73 11.32 11.35 11.64 11.9 
9.25 11.5 10.83 10.64 9.99 10.47 10.73 11.06 11.61 11.7 11.69 12.16 
9.56 11.76 11.09 10.4 10.34 10.56 10.32 10.16 10.76 10.45 9.8 9.8 
9.31 11.54 10.83 10.93 10.62 10.57 10.73 10.96 11.12 11.01 10.56 10.85 
9.33 11.5 10.49 9.9 9.54 9.67 9.95 10.13 10.62 11.35 12.05 12.35 
8.97 11.84 10.99 10.72 10.15 10.77 10.73 10.99 11.36 11.1 10.75 10.97 
9.81 12.23 10.81 11.16 10.22 10.45 10.66 10.89 11.68 10.76 10.53 10.34 
9.27 11.56 10.77 10.54 10.14 10.35 10.75 10.94 11.32 11.17 11.01 11.05 
9.3 11.69 11.25 10.95 10.01 10.08 10.39 10.9 11.32 10.87 10.19 10.3 
8.73 11.43 10.75 10.2 10.13 10.37 10.75 10.67 10.98 10.61 10.14 10.11 
9.73 12.22 11.36 10.79 10.6 10.57 10.99 10.71 11.32 10.65 10.38 10.09 
9.43 11.54 10.65 10.13 10.14 10.3 10.52 10.32 10.52 10.34 10.14 10.2 
9.2 11.1 9.94 9.16 9.13 9.28 9.48 9.41 9.8 9.41 8.7 8.86 
9.56 11.86 11.16 10.43 10.46 10.76 11.16 11.25 11.8 11.5 10.67 10.62 
9.2 11.27 10.24 9.22 9.16 9.33 10.01 10.3 10.56 10.0 8.96 8.94 
9.38 11.64 10.75 10.11 10.2 10.44 10.85 11.14 11.38 11.04 10.52 10.51 
9.49 11.66 10.32 10.22 9.49 10.11 10.77 10.84 11.4 10.96 10.26 10.33 
9.28 11.77 10.92 10.96 10.54 11.0 11.34 11.44 11.82 11.61 11.49 11.7 
9.58 11.62 10.09 10.9 10.01 10.49 10.55 10.18 10.79 10.05 9.82 10.1 
9.48 11.61 10.68 10.74 10.17 10.58 10.97 11.24 11.51 11.21 11.19 11.31 
9.51 12.12 10.34 10.25 9.43 9.71 10.05 10.47 11.09 10.53 10.29 10.19 
9.17 11.79 10.79 10.63 10.23 10.78 11.27 11.31 11.55 11.23 11.0 10.77 
9.18 11.77 10.13 10.73 10.15 9.97 10.88 10.01 11.18 10.14 9.81 9.93 
9.22 11.56 10.55 10.93 10.02 10.46 11.14 11.13 11.36 11.07 10.67 10.89 
9.58 11.89 10.51 11.61 10.03 10.4 10.92 11.24 11.75 11.33 10.83 10.96 
8.97 11.32 10.31 10.54 9.69 10.14 10.56 10.69 11.03 10.74 10.62 10.79 
9.38 11.59 10.48 10.83 9.56 9.64 10.22 10.62 10.74 10.11 9.77 9.84 
9.27 11.54 10.81 10.48 10.55 10.67 10.83 10.55 11.1 10.62 10.37 10.35 
9.51 11.68 10.49 10.69 10.29 10.57 10.83 10.51 11.0 10.63 10.39 10.39 
8.82 11.48 10.29 10.44 9.82 10.2 10.33 10.65 10.93 11.31 11.65 11.94 
9.29 11.84 10.48 10.89 9.7 10.44 10.04 10.06 10.72 10.33 9.58 9.65 
9.21 11.49 10.26 10.09 10.0 10.41 10.87 10.66 11.13 10.84 10.64 10.67 
9.43 11.84 10.48 10.27 9.58 10.22 10.36 10.16 10.72 10.42 10.63 10.78 
9.02 11.3 10.76 11.01 10.02 10.87 10.82 10.85 11.37 11.08 10.57 10.68 
9.4 11.92 10.27 10.82 9.66 9.95 10.23 10.08 10.65 10.32 10.15 9.9 
9.12 11.51 10.59 10.5 10.12 10.61 11.0 11.48 11.47 11.22 11.09 11.5 
9.19 11.22 10.42 11.48 10.17 10.64 10.94 10.87 11.37 10.87 10.51 10.32 
9.2 11.64 10.62 10.81 11.15 10.66 10.96 11.0 11.33 10.91 10.54 10.38 
9.61 11.44 10.29 10.06 9.81 9.79 10.23 10.49 10.87 10.71 10.59 10.8 
9.4 11.28 10.48 10.13 10.03 10.38 10.61 10.83 10.98 10.8 10.59 10.6 
9.42 11.65 10.82 10.11 9.58 9.9 10.22 10.89 11.12 10.85 10.91 11.07 
9.0 11.46 10.85 10.96 10.18 10.71 10.97 11.07 11.6 11.3 10.76 10.83 
9.56 11.61 10.26 10.5 9.67 10.27 9.93 10.22 10.77 10.99 10.78 10.93 
9.21 11.6 10.94 11.15 10.57 11.39 11.43 11.08 11.61 11.34 11.17 11.2 
8.87 11.19 10.03 11.17 9.6 10.6 10.32 10.14 11.1 10.73 10.55 10.54 
9.33 11.99 10.9 10.88 10.48 10.97 11.3 11.53 11.76 11.93 12.03 12.32 
9.54 11.66 11.25 10.58 10.53 11.04 11.12 11.46 11.93 11.63 11.67 11.59 
9.24 11.26 11.25 10.15 10.91 11.04 11.31 11.61 11.8 11.49 11.37 11.54 
9.58 11.16 11.12 10.12 10.46 10.69 11.11 11.43 11.58 11.14 10.99 11.32 
9.37 11.66 11.13 10.55 10.92 11.11 11.47 11.65 11.83 11.6 11.5 11.69 
9.33 11.2 11.2 9.91 10.12 10.8 11.1 11.5 11.8 11.44 11.32 11.19 
9.4 10.93 11.07 10.23 10.61 11.13 11.37 11.68 12.09 11.61 11.52 11.65 
9.5 11.12 10.98 10.13 10.53 10.93 11.07 11.51 11.88 11.27 11.0 11.35 
9.13 11.4 11.15 10.47 10.76 11.22 11.58 11.78 12.03 11.73 11.55 11.72 
9.38 11.02 10.7 10.17 10.38 10.94 11.11 11.68 11.93 11.63 11.59 11.42 
9.41 11.09 10.95 10.4 10.76 11.23 11.37 11.87 12.03 11.67 11.55 11.83 
9.44 11.12 11.2 10.05 10.17 10.97 11.17 11.62 11.94 11.35 11.16 11.45 
9.42 11.67 11.48 10.89 10.95 11.58 11.94 12.27 12.37 12.14 11.96 12.13 
9.26 11.22 11.12 10.36 10.12 10.78 11.14 11.88 11.96 11.55 11.5 11.37 
8.7 10.24 10.96 10.12 10.0 10.74 10.9 11.43 11.53 11.41 11.82 12.39 
8.93 10.73 11.36 11.02 9.97 10.68 10.95 11.33 11.27 10.79 10.55 10.56 
9.3 11.41 11.22 10.32 10.64 11.29 11.37 11.4 11.58 11.27 11.24 11.7 
9.36 11.41 10.93 10.82 10.48 10.85 10.97 11.57 11.91 11.78 11.85 11.88 
9.14 11.38 11.15 10.62 10.81 11.01 11.47 11.58 11.8 11.4 11.25 11.08 
9.31 11.41 10.83 10.51 10.81 11.12 11.47 11.41 11.67 11.13 10.91 10.9 
8.7 11.42 10.89 10.25 10.63 11.0 11.39 11.62 11.78 11.36 11.23 11.09 
9.49 11.57 10.97 10.55 10.75 10.84 11.17 11.51 11.59 10.95 10.67 10.52 
9.35 11.34 11.01 10.6 10.55 11.1 11.4 11.65 11.99 11.4 11.11 11.03 
9.55 11.51 10.9 11.06 10.5 10.86 11.16 11.57 11.78 11.2 11.03 11.07 
9.12 11.43 10.92 11.07 10.81 11.12 11.57 11.55 11.84 11.5 11.32 11.36 
9.16 11.53 10.53 11.23 9.96 10.5 11.13 11.65 11.67 11.32 10.96 10.9 
9.25 11.54 10.78 11.12 10.65 11.04 11.32 11.43 11.71 11.21 10.98 10.7 
9.73 11.48 10.69 10.46 10.18 10.85 10.96 11.4 11.64 11.04 10.77 10.93 
9.02 11.74 10.98 10.76 10.44 10.97 11.35 11.4 11.61 11.16 10.98 11.03 
9.14 11.73 10.78 10.76 10.94 10.98 10.93 11.02 11.43 10.72 10.54 10.44 
9.14 11.25 11.06 10.39 10.52 10.87 11.09 11.35 11.72 11.46 11.47 11.89 
9.24 11.47 10.93 10.67 10.89 10.96 11.19 11.0 11.5 10.83 10.68 10.82 
9.34 11.56 10.82 10.56 10.78 10.82 11.2 11.38 11.65 11.11 11.01 11.12 
9.27 11.3 10.78 10.42 11.44 10.72 11.24 11.28 11.53 11.12 10.99 10.72 
9.27 11.35 10.71 10.78 11.01 10.89 11.26 11.3 11.66 11.09 10.87 10.58 
9.16 11.44 10.55 10.01 10.86 10.89 11.21 11.39 11.59 10.9 10.46 10.25 
8.6 11.14 10.89 10.09 10.64 10.96 11.16 11.39 11.69 11.09 10.95 10.64 
9.36 11.51 10.97 10.24 10.6 10.7 11.1 11.39 11.55 10.85 10.54 10.24 
9.37 11.42 11.0 10.26 10.65 11.1 11.35 11.73 11.92 11.2 10.87 10.62 
9.48 11.47 10.9 11.02 10.33 10.78 10.98 11.47 11.57 10.88 10.58 10.81 
9.29 11.53 10.86 11.05 10.97 11.0 11.53 11.57 11.86 11.22 11.01 11.09 
9.39 11.51 11.02 10.83 10.82 10.83 11.33 11.35 11.66 11.07 11.1 11.29 
9.31 11.4 10.87 11.29 10.73 10.97 11.47 11.49 11.98 11.29 11.05 10.88 
9.32 11.35 11.09 10.43 10.62 11.0 11.22 11.38 11.71 11.09 11.5 11.84 
8.92 11.41 11.06 10.49 10.53 10.94 11.3 11.56 11.72 11.59 11.84 12.27 
9.16 11.75 10.88 10.91 10.46 11.13 11.15 11.2 11.5 10.99 10.81 10.76 
9.0 11.39 10.76 10.8 10.57 10.98 11.23 11.41 11.83 11.4 11.51 11.8 
9.28 11.41 10.92 10.48 10.6 10.98 10.94 11.19 11.65 11.24 11.54 11.64 
9.23 11.98 10.95 10.96 10.73 11.19 11.43 11.64 11.91 11.54 11.43 11.4 
9.43 11.71 10.85 10.77 10.73 11.16 11.26 11.36 11.7 11.39 11.39 11.11 
9.57 11.55 11.37 10.27 10.96 11.39 11.6 11.93 12.15 11.69 11.44 11.09 
9.02 10.89 10.57 9.65 10.17 10.47 10.84 11.18 11.38 10.73 10.47 10.23 
9.17 11.5 10.86 10.18 10.85 11.02 11.34 11.63 11.81 11.22 11.06 10.83 
9.51 11.37 11.1 10.52 10.91 10.83 11.18 11.35 11.53 10.97 10.91 10.96 
9.51 11.31 10.84 10.52 10.84 11.08 11.31 11.76 11.87 11.33 11.02 10.69 
9.72 11.56 10.96 10.52 10.33 11.02 11.47 11.71 11.8 11.19 11.25 11.54 
9.04 11.7 10.8 11.14 10.61 11.04 11.42 11.45 11.8 11.3 11.08 11.09 
9.45 11.73 10.72 10.96 10.51 10.92 11.08 11.49 11.65 11.23 11.47 11.7 
9.37 11.47 11.07 11.44 10.76 11.11 11.49 11.54 11.84 11.21 10.98 10.89 
9.63 11.81 11.31 11.32 10.85 11.17 11.5 11.95 12.0 11.3 11.26 11.49 
8.82 11.14 10.66 10.23 10.0 10.61 10.97 11.19 11.29 10.96 11.31 11.59 
9.32 11.75 10.92 10.76 10.77 10.73 10.88 11.09 11.41 11.04 11.05 11.23 
9.32 11.71 11.21 11.21 11.14 11.27 11.73 11.57 12.11 11.63 11.62 11.69 
9.25 11.48 10.78 10.43 10.6 10.55 10.97 11.25 11.65 11.26 11.71 12.18 
8.77 11.29 10.8 10.64 10.44 11.02 11.15 11.01 11.45 11.19 11.0 10.85 
9.14 11.61 10.82 10.52 10.42 10.95 11.09 11.16 11.62 11.4 11.39 11.23 
9.42 11.26 10.92 10.3 10.43 11.08 11.22 11.43 11.73 11.31 11.23 11.04 
9.4 11.73 10.94 9.89 10.4 10.71 10.84 11.19 11.55 11.09 10.88 10.72 
9.01 11.45 11.28 9.95 10.78 10.95 11.31 11.51 11.78 11.42 11.24 11.1 
9.67 11.82 11.25 10.13 10.58 10.73 11.07 11.17 11.72 11.58 12.09 12.48 
9.12 11.44 11.23 11.31 10.72 11.13 11.5 11.36 11.83 11.22 10.99 10.89 
9.19 11.06 10.9 10.56 10.04 10.79 11.22 11.33 11.7 11.24 11.64 12.21 
9.37 12.05 11.56 11.22 11.52 11.54 11.96 11.9 12.2 12.01 11.77 11.76 
9.33 11.29 10.71 10.57 10.89 10.87 11.43 11.59 11.77 11.54 11.43 11.14 
9.21 10.98 10.79 10.47 10.39 10.97 11.28 11.52 11.77 11.42 11.52 11.57 
9.25 11.21 10.18 9.85 9.96 10.28 10.67 10.98 11.16 10.63 10.53 10.36 
9.09 11.21 10.74 10.51 10.8 11.01 11.32 11.65 11.84 11.29 11.08 10.95 
9.4 11.66 11.0 11.13 10.6 10.74 11.05 11.33 11.71 10.93 10.67 10.55 
9.41 11.56 10.71 11.11 10.45 11.06 11.26 11.61 11.99 11.27 10.94 10.91 
9.36 11.34 10.73 11.25 10.13 11.06 11.13 11.31 11.58 11.04 10.76 10.67 
9.5 11.9 11.12 11.39 11.06 11.56 11.81 11.89 12.09 11.79 12.0 12.13 
9.43 11.65 10.94 10.17 10.33 10.39 10.47 10.76 11.27 11.44 11.66 11.74 
9.37 11.41 10.8 10.27 10.65 10.81 10.73 10.85 11.0 11.12 10.89 10.85 
9.49 11.48 10.24 9.56 9.66 9.9 10.06 10.01 10.55 10.67 10.32 10.01 
9.13 11.53 10.77 10.15 10.26 10.71 10.83 11.18 11.39 11.14 10.52 10.45 
9.63 11.77 10.5 9.54 9.8 9.88 10.03 10.2 10.42 10.21 9.56 9.36 
9.47 11.5 10.66 10.26 10.09 10.46 11.05 11.15 11.39 11.0 10.52 10.54 
9.21 11.15 9.85 10.64 9.5 9.87 10.05 10.27 10.91 10.59 9.56 9.48 
9.57 12.15 11.27 11.07 10.76 11.14 11.43 11.66 11.89 11.52 10.84 10.8 
9.31 11.29 10.18 9.39 9.17 9.66 9.77 9.88 10.02 9.6 8.9 8.97 
9.52 11.53 10.73 10.22 10.24 10.66 10.94 11.12 11.05 10.74 10.52 10.6 
9.81 11.37 10.33 9.65 9.38 9.69 9.96 9.93 10.22 9.91 9.3 9.43 
9.29 11.69 10.98 10.33 10.26 10.8 11.15 11.38 11.68 11.36 10.57 10.52 
9.78 11.89 10.58 9.75 9.89 9.98 10.24 10.33 10.55 10.11 9.48 9.59 
9.8 11.84 11.13 10.67 10.71 11.06 11.52 11.66 12.01 11.57 11.07 11.05 
9.3 11.52 10.21 10.08 9.19 9.68 10.5 10.65 11.1 10.67 10.02 10.02 
9.48 12.11 11.04 10.82 10.16 10.84 11.06 11.29 11.59 11.18 10.7 10.92 
9.72 12.09 10.52 10.2 9.71 10.01 10.37 11.05 11.29 11.04 11.5 11.73 
9.5 11.67 10.74 11.03 10.19 10.72 11.11 10.84 11.36 11.25 11.14 11.05 
9.35 11.48 10.33 10.06 9.32 9.85 10.33 10.42 11.05 11.27 12.05 12.72 
9.11 11.71 10.61 10.8 10.22 10.6 11.12 10.97 11.54 11.13 10.68 10.56 
9.47 11.47 10.08 10.03 9.92 10.19 10.21 10.26 10.88 11.19 11.3 11.44 
9.58 11.97 10.92 10.99 10.3 10.92 11.17 11.28 11.76 11.61 11.76 12.25 
9.0 10.95 9.9 10.76 9.41 10.04 10.14 10.14 10.94 11.26 11.17 11.35 
9.06 11.58 10.46 11.4 10.23 10.79 10.78 11.08 11.44 11.03 10.65 10.77 
9.36 11.67 10.33 10.51 9.98 10.36 10.52 10.1 10.87 10.61 10.22 9.99 
9.2 11.51 10.94 10.65 10.35 10.89 11.11 10.73 10.92 10.82 10.69 10.95 
9.74 11.72 10.47 10.41 10.16 10.47 10.61 10.29 11.03 10.32 9.75 9.75 
9.09 11.43 10.62 10.05 9.99 10.41 10.55 10.83 11.4 11.41 11.95 12.3 
9.32 11.87 10.42 10.95 9.77 10.77 10.3 10.38 10.9 10.33 9.49 9.67 
8.99 11.29 10.43 9.99 9.8 10.53 10.73 10.84 11.23 10.87 10.75 10.7 
9.29 11.71 10.62 10.54 9.65 10.61 10.27 10.44 10.85 10.32 10.03 9.86 
8.95 11.42 10.68 10.62 10.08 10.66 10.84 11.17 11.92 11.46 11.26 11.05 
9.25 11.85 10.22 11.04 9.55 10.14 10.35 10.17 10.95 10.47 9.99 9.96 
8.97 11.39 10.37 10.64 10.01 10.58 10.73 10.74 11.41 11.14 11.34 11.91 
9.0 11.28 10.53 10.9 9.64 10.1 10.25 10.84 11.32 11.3 11.31 11.9 
9.01 11.86 10.71 10.74 10.34 10.59 10.88 11.06 11.51 11.24 11.29 11.38 
9.48 11.68 10.29 10.38 10.78 10.85 10.24 10.12 10.6 10.1 9.3 9.34 
9.24 11.1 10.45 9.82 9.93 10.35 10.52 10.51 10.87 11.21 11.42 11.71 
9.54 11.66 10.96 10.39 9.96 10.6 10.33 10.21 10.89 10.26 10.14 10.0 
8.98 11.5 10.73 10.68 10.05 10.85 10.91 10.89 11.36 11.44 11.63 11.62 
9.45 11.7 10.3 10.66 9.79 10.27 10.14 10.22 10.76 10.65 10.62 10.74 
9.04 11.34 10.67 11.09 10.03 10.89 10.83 11.0 11.47 11.17 10.94 10.89 
9.03 11.46 10.25 11.35 9.49 10.28 10.38 10.61 11.12 10.69 10.16 10.17 
8.9 11.55 10.67 10.71 9.94 10.42 10.65 10.86 11.49 11.68 12.1 12.54 
9.09 11.69 10.58 10.37 10.36 10.61 9.95 9.91 10.45 10.25 9.44 9.4 
9.27 11.26 10.63 10.12 10.13 10.3 10.67 10.41 10.6 10.55 10.29 10.3 
9.46 11.52 10.36 9.66 9.5 9.63 9.88 9.88 10.18 9.83 9.1 9.15 
9.16 11.6 10.75 10.15 10.18 10.6 10.81 11.03 11.43 11.24 10.37 10.32 
9.81 11.86 10.31 9.6 9.69 9.63 9.78 9.72 10.1 9.8 9.21 9.23 
9.38 11.65 10.6 10.44 10.24 10.54 10.78 10.93 11.36 11.03 10.54 10.51 
9.54 11.37 10.43 11.05 9.89 10.26 10.44 10.92 11.51 11.07 10.29 10.28 
9.51 12.0 11.13 11.05 10.62 10.96 11.2 11.34 11.74 11.71 11.59 11.83 
9.67 11.84 10.56 10.46 9.99 10.31 10.78 10.68 11.43 11.6 11.59 11.99 
9.47 11.82 10.68 11.05 10.15 10.52 10.81 10.98 11.34 11.07 10.87 11.11 
9.55 11.86 10.34 10.97 9.96 10.16 10.59 10.51 11.07 10.61 10.4 10.46 
9.05 11.59 10.6 10.56 10.29 10.53 11.02 10.95 11.48 11.31 11.55 12.06 
9.42 11.79 10.37 10.9 9.83 10.12 10.62 10.36 10.99 10.42 10.26 10.2 
9.49 11.87 10.78 11.09 10.64 11.12 11.26 10.99 11.57 11.14 11.04 11.2 
8.95 10.82 9.51 10.18 9.34 9.85 10.59 9.95 10.86 10.93 10.87 11.12 
8.95 11.78 10.6 10.79 9.81 10.66 10.8 10.85 11.22 10.91 10.77 10.99 
9.54 12.11 10.1 10.14 9.5 9.43 9.74 10.28 10.95 10.41 10.67 10.41 
9.25 11.49 10.76 10.83 10.75 10.51 10.65 10.63 10.89 10.4 10.4 10.48 
9.73 11.68 10.43 10.22 9.62 9.91 9.94 10.31 10.73 10.14 9.53 9.6 
8.87 11.63 10.64 10.8 9.96 10.31 10.39 10.62 11.14 10.44 10.52 10.77 
9.22 11.74 10.36 10.87 9.74 10.9 10.11 10.07 10.67 10.21 9.8 9.7 
9.1 11.32 10.26 9.93 9.96 10.43 10.77 11.0 11.25 10.85 10.59 10.67 
9.28 11.03 10.32 9.96 9.97 10.53 10.44 10.64 11.15 10.71 10.81 11.14 
9.12 11.11 10.86 10.53 10.06 10.65 10.82 11.07 11.56 11.35 11.54 12.32 
9.27 11.89 10.55 9.94 9.83 10.04 10.17 10.08 10.42 10.25 9.85 10.08 
9.25 11.63 10.93 10.8 10.32 11.05 11.16 11.06 11.61 11.58 11.72 11.9 
9.05 11.08 10.24 11.03 9.65 10.24 10.4 10.36 11.06 10.87 10.99 11.74 
9.17 11.65 10.78 10.93 10.18 10.74 10.89 10.94 11.46 11.08 10.8 10.99 
9.37 11.55 10.44 10.59 11.12 10.43 10.69 10.56 11.03 10.28 10.26 9.91 
9.14 11.35 10.62 10.29 10.34 10.44 10.67 10.81 10.99 10.71 10.65 10.53 
9.35 11.22 10.63 9.94 9.92 10.01 10.5 11.24 11.98 11.56 11.47 11.02 
8.97 11.29 10.59 11.03 10.16 10.8 10.94 10.91 11.41 11.05 10.43 10.47 
9.56 11.72 10.4 10.41 9.4 9.94 10.18 10.76 10.7 10.03 10.02 9.88 
8.98 11.29 10.68 10.88 10.27 10.89 11.11 11.02 11.3 11.08 10.95 11.23 
9.0 11.18 10.28 11.22 10.16 11.03 10.67 10.36 11.32 10.88 10.26 10.35 
9.35 12.06 10.76 11.02 10.54 10.76 10.99 11.2 11.61 11.53 11.43 11.65 
9.5 11.69 10.99 10.36 10.95 11.13 11.01 11.39 11.86 11.47 11.29 11.13 
9.1 10.92 11.13 10.08 10.72 11.01 11.2 11.61 11.79 11.44 11.36 11.52 
9.47 11.19 11.3 10.18 10.29 10.7 11.17 11.46 11.66 11.18 11.0 11.3 
9.23 11.72 11.16 10.41 10.78 11.07 11.52 11.71 11.89 11.64 11.56 11.77 
9.39 11.53 11.31 9.87 10.06 10.76 11.17 11.5 11.81 11.5 11.52 11.37 
9.36 11.01 11.19 10.21 10.53 11.07 11.43 11.67 12.05 11.63 11.42 11.67 
9.25 10.9 10.79 10.17 10.53 11.03 11.11 11.51 11.86 11.31 11.18 11.48 
9.47 11.78 10.9 10.6 10.7 11.15 11.55 11.77 12.03 11.71 11.61 11.77 
9.36 11.16 10.69 10.13 10.38 10.87 11.11 11.68 11.93 11.62 11.57 11.38 
9.56 11.07 11.14 10.04 10.51 11.17 11.31 11.76 12.0 11.69 11.53 11.71 
9.43 10.92 11.3 10.09 10.3 10.92 11.16 11.6 11.91 11.29 11.06 11.39 
9.43 11.51 11.26 10.65 10.67 11.15 11.58 11.95 12.1 11.8 11.63 11.8 
9.48 11.46 11.06 10.78 10.46 10.99 11.58 12.0 12.2 11.83 11.74 11.56 
8.71 10.15 10.97 9.75 9.62 10.51 10.79 11.22 11.45 11.44 11.87 12.18 
8.9 10.81 11.34 11.16 10.03 10.74 11.1 11.46 11.58 11.02 10.93 10.89 
9.27 11.45 11.12 10.25 10.87 11.32 11.43 11.29 11.46 11.13 11.18 11.57 
9.24 11.38 10.69 10.74 10.54 10.84 11.09 11.61 11.92 11.73 11.76 11.75 
9.34 11.4 11.09 10.64 11.06 11.0 11.51 11.49 11.78 11.44 11.21 11.1 
9.3 11.43 10.79 10.55 10.62 11.02 11.42 11.37 11.62 11.07 10.83 10.78 
9.08 11.44 10.98 10.23 10.65 10.92 11.41 11.58 11.77 11.3 11.16 11.06 
9.48 11.49 10.91 10.65 10.75 10.79 11.17 11.51 11.59 11.06 10.8 10.57 
9.24 11.39 10.94 10.55 10.55 11.03 11.39 11.64 11.94 11.27 10.91 10.6 
9.46 11.66 11.02 11.13 10.48 10.84 11.25 11.63 11.87 11.08 11.0 10.98 
9.14 11.58 10.98 11.12 10.89 11.04 11.54 11.52 11.81 11.31 11.15 11.36 
9.44 11.57 10.62 11.13 10.09 10.59 11.16 11.63 11.67 11.2 10.7 10.72 
9.23 11.49 10.74 10.95 10.6 11.03 11.3 11.41 11.74 11.19 11.04 11.05 
9.69 11.35 10.73 10.58 10.09 10.78 10.88 11.34 11.61 10.94 10.76 10.84 
9.2 11.65 11.04 10.75 10.4 10.86 11.29 11.41 11.54 11.03 10.8 10.78 
9.25 11.68 10.94 10.68 10.92 10.95 10.82 10.98 11.41 10.84 10.66 10.65 
9.17 11.28 11.06 10.4 10.79 10.68 11.3 11.53 11.68 11.52 11.52 12.01 
9.1 11.55 10.88 10.96 10.77 10.98 11.26 11.03 11.46 11.0 10.8 10.67 
9.35 11.46 10.72 10.67 10.93 11.05 11.35 11.45 11.77 11.52 11.31 11.15 
9.48 11.41 10.82 10.44 11.3 10.73 11.17 11.27 11.65 11.35 11.29 10.99 
9.14 11.19 10.42 10.73 11.01 10.84 11.16 11.38 11.69 11.16 11.02 10.81 
9.29 11.53 10.47 10.56 10.84 10.88 11.33 11.28 11.56 10.86 10.5 10.45 
8.94 11.3 10.9 10.08 10.59 10.87 11.02 11.34 11.65 11.18 10.93 10.76 
9.47 11.42 11.04 10.34 10.58 10.58 10.99 11.3 11.51 10.86 10.53 10.23 
9.24 11.28 10.93 10.16 10.47 10.98 11.22 11.67 11.92 11.23 10.84 10.63 
9.53 11.55 10.96 10.57 10.17 10.64 10.92 11.43 11.61 10.85 10.82 10.79 
9.16 11.57 10.89 10.99 10.9 10.83 11.45 11.6 11.84 11.36 11.15 11.31 
9.52 11.65 10.85 10.77 10.75 10.81 11.28 11.34 11.66 11.14 10.97 10.93 
9.33 11.31 10.89 11.18 10.58 10.83 11.38 11.45 11.98 11.46 11.16 11.07 
9.35 11.44 11.11 10.64 10.48 11.03 11.17 11.36 11.64 11.28 11.48 11.77 
9.16 11.34 11.12 10.34 10.46 10.9 11.24 11.45 11.62 11.62 11.9 12.24 
9.24 11.72 11.03 10.79 10.24 10.92 11.13 11.22 11.43 10.87 10.76 10.8 
8.97 11.4 10.75 10.75 10.71 10.92 11.26 11.41 11.76 11.25 11.23 11.42 
9.34 11.52 10.97 10.53 10.48 10.84 10.8 11.08 11.61 11.18 11.52 11.83 
9.12 11.79 10.93 10.59 10.59 10.94 11.11 11.48 11.75 11.56 11.45 11.55 
9.42 11.64 10.82 10.49 10.66 11.09 11.29 11.41 11.66 11.38 11.34 11.15 
9.18 11.36 10.98 10.37 10.65 10.86 11.31 11.45 11.76 11.29 11.0 10.75 
9.32 11.25 10.75 9.91 10.66 10.78 11.15 11.49 11.71 10.97 10.68 10.55 
8.88 11.19 10.83 10.15 10.66 11.03 11.28 11.61 11.79 11.18 10.84 10.41 
9.53 11.52 11.16 10.46 10.88 10.79 11.21 11.35 11.53 10.82 10.45 10.23 
9.45 11.38 10.99 10.63 10.77 11.05 11.3 11.73 11.86 11.41 11.17 11.07 
9.64 11.55 10.91 10.64 10.4 11.06 11.52 11.76 12.05 11.54 11.39 11.62 
9.36 11.72 10.77 11.34 10.64 11.16 11.39 11.43 11.8 11.42 11.23 11.15 
9.37 11.66 10.71 10.91 10.34 10.83 11.11 11.45 11.69 11.46 11.59 11.54 
9.25 11.41 11.11 11.25 10.76 11.19 11.53 11.61 11.85 11.47 11.34 11.21 
9.51 11.39 11.03 10.87 10.38 10.93 11.16 11.54 11.64 11.11 11.02 11.09 
9.1 11.22 11.08 10.33 10.25 10.95 11.27 11.55 11.71 11.55 12.01 12.55 
9.15 11.72 11.02 10.96 10.68 10.71 10.95 11.13 11.4 10.81 10.62 10.66 
9.17 11.23 10.99 10.81 10.74 10.88 11.25 11.29 11.74 11.44 11.65 11.87 
9.19 11.47 10.84 10.36 10.61 10.72 10.98 11.13 11.56 11.05 11.3 11.52 
8.92 11.61 11.03 10.9 10.72 11.29 11.31 11.33 11.67 11.5 11.51 11.55 
9.19 11.79 10.99 10.72 10.53 11.03 11.18 11.13 11.61 11.32 11.3 11.09 
9.39 11.29 10.92 10.03 10.35 11.02 11.11 11.36 11.73 11.28 11.29 11.23 
9.5 11.6 10.87 9.97 10.31 10.79 10.85 11.18 11.48 10.95 10.8 10.7 
8.99 11.49 11.25 9.98 10.65 10.91 11.38 11.51 11.75 11.34 11.17 10.95 
9.6 11.82 11.2 9.91 10.44 10.63 10.96 11.09 11.68 11.53 11.98 12.29 
9.15 11.48 11.25 11.33 10.53 11.1 11.44 11.26 11.81 11.21 10.99 10.83 
8.89 11.34 10.92 10.47 9.9 10.77 11.18 11.32 11.75 11.08 11.47 11.99 
9.26 11.51 11.06 10.94 11.14 10.99 11.48 11.55 11.78 11.56 11.35 11.3 
9.31 11.24 10.69 10.51 10.89 10.82 11.4 11.53 11.77 11.53 11.36 11.03 
9.1 11.14 10.86 10.47 10.53 11.01 11.3 11.52 11.74 11.47 11.54 11.58 
9.44 11.45 10.64 10.16 10.27 10.74 11.18 11.43 11.64 11.2 10.8 10.73 
9.11 11.38 10.62 10.68 10.83 10.96 11.36 11.68 11.88 11.31 11.01 10.87 
9.56 11.69 11.03 11.17 10.65 10.72 11.05 11.29 11.68 10.89 10.58 10.46 
9.34 11.43 10.77 11.13 10.35 10.94 11.18 11.57 11.99 11.39 11.06 11.1 
9.06 11.36 10.87 11.35 10.33 11.09 11.18 11.36 11.65 11.15 11.05 10.99 
9.29 11.67 10.76 10.92 10.39 11.07 11.29 11.46 11.64 11.28 11.35 11.34 
9.48 11.51 10.91 10.06 11.11 11.15 11.2 11.64 12.11 11.66 11.79 11.99 
9.18 11.41 11.26 10.4 11.08 11.33 11.39 11.6 11.92 11.26 10.98 10.77 
9.26 11.28 10.8 10.05 10.58 11.15 11.54 11.59 12.08 10.98 10.6 10.4 
9.01 11.29 10.83 10.31 10.86 11.14 11.43 11.72 12.17 11.29 11.09 10.98 
9.46 11.43 10.81 10.42 10.94 10.84 11.31 11.75 12.08 10.99 10.71 10.5 
9.25 11.19 10.79 10.91 10.72 11.09 11.48 11.73 12.16 11.28 10.7 10.42 
9.46 11.37 10.78 10.94 10.53 10.8 11.35 11.71 12.03 11.04 10.71 10.62 
9.11 11.33 10.9 10.36 11.0 11.01 11.6 11.91 12.38 11.25 10.95 10.64 
9.31 11.43 11.16 10.19 10.61 10.81 11.41 11.82 12.23 11.29 10.85 10.68 
9.4 11.19 10.93 10.15 10.86 11.31 11.68 11.78 12.48 11.43 11.01 10.76 
9.3 11.34 11.06 9.99 10.65 11.13 11.52 11.76 12.24 11.21 10.92 10.79 
9.01 11.38 11.24 10.49 10.94 11.08 11.73 11.86 12.28 11.34 11.01 10.94 
9.38 11.73 11.27 10.88 11.14 11.06 11.36 11.59 12.17 11.11 10.78 10.62 
9.1 11.58 11.18 10.85 10.86 10.95 11.47 11.76 12.17 11.24 10.78 10.89 
9.54 11.57 10.93 10.85 10.91 11.12 11.31 11.41 11.92 11.06 10.78 10.88 
9.43 11.94 11.13 10.95 11.31 11.39 11.83 12.11 12.51 12.18 12.24 12.67 
8.95 11.31 10.88 10.42 10.78 10.56 11.08 11.08 11.61 11.04 10.9 10.85 
9.39 11.1 10.77 10.35 11.2 11.12 11.35 11.57 12.16 11.27 10.98 10.75 
9.17 11.03 10.98 9.96 10.82 11.11 11.47 11.74 12.05 11.05 10.5 10.18 
9.11 11.27 10.86 10.32 10.77 11.19 11.37 11.63 12.23 11.25 10.82 10.57 
9.36 11.35 10.92 10.21 10.57 10.87 11.28 11.63 12.01 11.13 10.65 10.35 
9.25 11.25 10.84 10.66 10.57 11.06 11.4 11.91 12.33 11.39 10.83 10.48 
9.26 11.34 10.64 10.87 10.31 10.78 11.35 11.7 12.08 11.11 10.45 10.27 
9.16 11.26 10.87 10.74 10.88 10.78 11.56 11.87 12.19 11.27 10.66 10.39 
9.72 11.53 11.55 10.73 11.57 11.04 11.84 12.0 12.49 11.43 10.91 10.68 
8.99 10.63 10.59 9.76 10.75 10.64 11.22 11.48 12.05 11.19 10.8 10.62 
9.38 11.03 10.99 10.14 11.03 10.93 11.64 11.82 12.23 11.32 10.77 10.49 
9.08 11.21 11.08 10.74 11.09 11.25 11.67 11.81 12.33 11.4 11.06 10.94 
9.4 11.57 11.11 11.22 10.94 11.26 11.51 11.59 12.11 11.19 10.99 10.85 
9.36 12.0 11.18 11.11 11.18 11.38 11.89 12.09 12.59 11.72 11.3 11.32 
8.82 11.09 10.7 10.66 10.53 10.68 10.9 11.1 11.56 10.75 10.43 10.5 
9.54 11.82 11.27 11.02 11.21 11.31 11.79 12.01 12.45 12.14 12.34 12.61 
8.97 11.28 10.73 10.47 10.25 10.9 10.99 11.12 11.72 10.97 10.86 10.68 
9.57 11.53 11.47 10.39 11.23 11.43 11.89 12.04 12.52 11.68 11.38 11.02 
8.81 10.97 10.55 9.69 10.18 10.61 11.04 11.35 11.76 10.73 10.41 10.14 
8.61 11.22 11.01 10.04 10.93 11.05 11.44 11.83 12.29 11.28 10.75 10.37 
9.46 11.46 11.03 10.45 10.71 10.77 11.34 11.6 12.09 11.06 10.7 10.44 
9.27 11.11 10.81 10.71 10.76 11.03 11.42 11.88 12.24 11.35 10.91 10.79 
9.33 11.16 10.37 10.97 10.44 10.75 11.56 11.74 12.1 11.14 10.74 10.51 
9.37 11.65 11.03 10.79 11.37 11.32 11.84 12.04 12.54 11.69 11.27 11.01 
9.33 10.95 10.79 10.03 10.48 10.52 11.02 11.53 11.85 10.84 10.57 10.5 
9.28 11.03 11.29 10.21 10.98 11.15 11.6 11.84 12.35 11.43 11.11 10.96 
9.56 10.98 11.21 10.14 10.86 11.12 11.57 11.71 12.23 11.22 10.88 10.84 
8.97 11.31 11.21 10.51 10.85 11.12 11.68 11.86 12.32 11.42 11.08 10.92 
9.96 12.1 11.38 10.93 11.34 11.27 11.74 12.05 12.54 11.5 11.1 10.91 
8.96 10.98 10.59 10.18 10.7 10.61 11.22 11.41 11.92 11.02 10.61 10.46 
9.49 11.55 11.23 10.86 11.44 11.0 11.76 12.0 12.5 11.53 11.16 11.02 
8.84 11.43 10.87 10.3 10.84 10.99 11.21 11.51 11.76 11.23 11.01 10.94 
9.37 11.7 10.96 10.06 10.99 10.96 11.46 11.73 12.1 11.53 11.47 11.35 
9.5 11.64 11.41 10.5 11.17 11.8 11.95 12.19 12.66 11.78 11.52 11.18 
9.08 11.28 10.54 9.53 10.21 10.89 10.97 11.12 11.64 10.85 10.5 10.38 
9.08 11.59 11.55 10.45 11.16 11.57 11.92 12.14 12.63 11.81 11.42 11.21 
9.01 11.24 10.66 9.68 10.6 10.43 10.94 11.19 11.58 10.65 10.29 10.06 
9.09 11.39 11.27 9.98 10.81 11.07 11.58 11.73 12.26 11.41 10.9 10.63 
9.6 11.8 11.18 10.39 10.73 11.57 11.79 12.01 12.49 11.44 11.01 10.79 
8.87 11.26 10.27 9.98 10.63 10.83 11.19 11.46 11.73 11.16 10.84 10.77 
9.39 11.4 10.47 10.22 10.63 10.82 11.3 11.76 12.12 11.54 11.28 10.93 
9.34 11.14 10.62 10.31 10.6 11.09 11.54 11.89 12.23 11.57 11.07 10.76 
9.3 11.48 10.61 10.16 10.38 11.08 11.27 11.68 12.03 11.15 10.85 10.65 
8.95 11.15 10.6 10.54 10.71 11.06 11.45 11.8 12.13 11.37 11.05 10.92 
9.55 11.27 10.55 10.32 10.41 10.43 11.37 11.76 12.18 11.39 10.81 10.56 
9.35 11.33 10.81 10.5 10.83 11.16 11.7 12.1 12.43 11.6 11.03 10.85 
9.24 11.01 10.64 10.21 10.41 11.01 11.25 11.51 11.9 11.11 10.71 10.59 
9.33 11.61 10.74 10.56 10.92 11.26 11.47 11.71 12.22 11.35 10.82 10.44 
9.57 12.02 11.1 10.12 10.62 10.82 10.87 10.96 12.26 11.95 11.77 11.64 
8.97 10.89 10.37 9.69 10.4 10.14 10.57 10.7 11.4 11.07 11.09 10.99 
9.78 12.03 11.04 10.17 10.71 10.4 10.99 10.91 11.8 11.42 11.26 10.98 
9.12 11.57 10.87 10.12 10.6 10.63 10.95 11.24 11.66 11.37 10.82 10.6 
9.34 11.37 10.17 9.2 10.0 9.53 10.08 10.06 10.75 10.62 10.59 10.49 
9.75 12.04 11.2 10.68 10.96 10.82 11.36 11.48 11.91 11.6 11.28 11.13 
9.19 10.98 10.0 10.75 9.62 9.9 10.14 10.35 11.05 10.82 10.31 10.05 
9.66 12.31 11.31 11.06 10.89 11.09 11.57 11.71 12.05 11.74 11.63 11.49 
9.08 11.58 10.32 9.6 9.43 9.68 9.99 10.09 10.73 10.57 10.58 10.42 
9.42 11.51 10.83 10.24 10.38 10.45 11.0 11.07 11.39 11.19 11.07 10.86 
9.73 11.87 10.6 9.93 9.49 9.83 10.26 10.46 11.07 10.94 10.77 10.5 
9.63 12.22 11.39 10.83 10.8 11.17 11.57 11.75 12.14 11.99 11.71 11.65 
9.68 11.96 10.68 9.74 9.91 10.15 10.34 10.57 11.28 11.04 10.85 10.53 
9.08 11.45 10.63 10.17 10.21 10.32 10.9 10.99 11.38 11.06 11.03 10.86 
10.13 11.81 11.0 11.58 10.47 10.71 11.12 11.34 12.12 11.92 11.47 11.28 
9.31 11.74 11.13 10.83 10.54 11.11 11.33 11.2 11.9 11.54 11.37 11.22 
7.48 10.71 10.32 9.75 9.73 10.04 10.4 9.98 10.73 10.41 10.48 10.09 
8.66 11.11 10.96 10.46 10.32 10.58 11.04 10.72 11.16 11.04 11.0 10.92 
7.55 11.04 10.93 10.52 10.39 10.79 10.72 10.17 10.58 10.43 10.02 10.18 
7.45 11.18 11.15 10.4 10.03 10.19 10.26 10.69 10.37 9.98 9.54 9.71 
7.35 11.37 11.01 10.04 9.93 10.11 10.37 10.52 10.5 10.1 9.59 10.14 
7.28 11.41 10.42 10.06 9.91 10.04 10.51 10.25 9.93 9.43 9.37 9.54 
7.75 10.44 10.35 9.84 8.89 9.16 10.24 10.5 9.98 9.53 9.25 9.03 
7.89 11.1 11.08 10.77 10.28 10.47 10.67 10.56 10.84 9.7 9.69 9.58 
7.22 11.19 11.19 10.79 10.79 10.34 10.67 10.28 10.81 9.7 10.23 9.82 
8.0 10.87 10.92 10.92 10.21 10.17 10.48 10.26 10.51 10.03 9.77 9.88 
7.48 10.61 10.49 11.2 10.03 9.99 10.64 10.47 10.7 11.34 11.46 11.66 
7.11 10.47 10.11 11.28 9.55 10.26 10.33 10.06 10.08 9.16 9.03 9.04 
7.42 10.64 10.47 11.2 9.4 10.27 10.38 10.23 10.49 9.52 9.48 9.37 
8.0 10.22 10.52 10.02 9.34 10.01 10.61 10.43 10.14 9.61 9.29 9.17 
7.48 10.01 10.18 9.51 8.61 9.14 10.08 10.22 10.01 9.62 9.77 9.35 
8.16 11.21 10.9 11.0 9.63 9.93 10.78 10.84 10.97 10.12 10.07 10.11 
7.28 11.07 10.32 11.02 10.23 10.57 11.02 10.68 11.05 10.0 9.54 10.0 
7.0 10.49 9.69 10.92 9.3 9.82 9.82 9.79 9.93 8.72 8.44 9.16 
6.88 10.48 9.71 10.87 9.67 9.59 10.21 9.75 9.87 9.34 9.41 9.46 
7.12 10.48 10.08 10.76 10.28 11.01 11.3 10.78 11.28 9.97 10.44 10.15 
7.08 10.42 10.14 10.31 9.53 9.49 10.34 10.21 10.45 9.69 9.6 9.64 
7.0 10.46 10.04 10.53 9.66 9.82 10.74 10.22 10.5 9.99 9.9 9.8 
7.82 10.16 10.15 9.93 9.44 9.64 10.51 10.48 10.48 10.08 9.81 9.95 
8.14 10.48 10.56 10.16 9.21 9.52 10.41 11.3 11.59 10.76 10.96 10.58 
7.61 10.94 10.55 10.9 9.95 10.26 10.38 10.51 10.54 9.58 9.53 9.74 
7.59 10.38 10.76 10.89 10.41 10.73 10.82 10.32 10.76 9.93 9.69 9.96 
7.81 11.08 10.8 10.7 10.76 10.63 10.76 10.27 10.64 9.62 9.14 9.6 
7.39 10.95 10.26 10.73 9.77 9.98 10.26 9.91 10.16 9.23 9.32 9.47 
7.74 10.82 10.41 11.13 9.91 10.73 10.8 10.63 10.8 10.37 10.47 10.45 
8.16 10.22 9.78 10.74 9.2 9.97 10.13 9.88 10.29 10.57 10.73 10.97 
8.07 10.81 10.77 10.98 10.13 10.97 10.97 10.76 10.9 10.86 10.77 10.76 
9.44 11.92 10.8 10.74 9.92 10.61 10.75 10.94 11.33 11.02 10.98 10.85 
9.69 12.24 10.41 10.34 9.74 10.0 10.28 10.86 11.71 12.14 12.24 12.41 
9.26 11.45 10.61 10.33 9.96 10.59 10.79 11.26 11.51 11.44 11.46 11.48 
9.39 12.01 10.18 10.56 9.52 9.82 10.34 10.4 10.97 10.78 10.88 10.73 
8.63 11.25 10.19 10.35 9.77 10.33 10.43 10.77 10.99 10.73 10.55 10.35 
9.41 11.59 10.16 10.04 10.13 10.26 10.31 9.9 10.61 10.35 9.98 9.91 
9.3 11.54 10.42 10.8 10.17 10.88 10.96 10.77 11.33 10.99 10.87 10.88 
9.27 11.23 10.11 11.12 10.09 10.54 10.34 10.37 11.12 10.87 10.6 10.92 
9.22 11.46 10.69 10.75 10.26 11.07 11.03 10.89 11.42 11.09 10.78 10.87 
9.48 11.58 10.27 10.0 10.19 10.32 10.54 9.94 10.56 10.22 10.0 10.34 
9.41 11.51 11.13 10.25 10.03 10.56 10.72 10.87 10.91 10.79 10.89 10.93 
9.56 11.65 10.34 10.24 10.12 10.44 10.4 10.29 10.72 10.91 11.15 11.34 
8.94 11.49 10.61 10.87 10.04 10.89 10.6 10.5 10.86 10.8 10.84 10.95 
9.24 11.87 10.3 10.98 9.73 10.7 10.07 10.02 10.68 10.22 9.95 10.06 
9.24 11.31 10.45 9.96 9.65 10.54 10.6 10.74 10.97 10.83 10.55 10.52 
9.49 11.73 10.61 10.13 9.57 9.93 10.49 11.0 11.67 11.16 11.17 10.94 
9.0 11.39 10.88 11.11 10.08 10.74 11.07 10.91 11.43 11.13 10.6 10.6 
9.33 11.91 10.35 10.6 9.66 10.51 10.58 10.13 10.63 10.1 9.99 10.31 
9.2 11.66 10.72 10.94 10.33 11.49 11.69 11.03 11.73 11.06 10.83 10.88 
8.76 11.03 9.85 11.23 9.56 10.76 10.64 10.2 11.01 10.55 10.09 10.21 
9.28 11.28 10.65 10.62 9.97 10.63 10.84 10.87 11.41 11.33 11.46 11.93 
9.4 11.28 10.17 10.58 11.11 10.79 11.08 10.16 11.03 10.49 10.4 10.35 
9.26 11.27 10.49 9.82 10.21 10.51 10.83 10.51 10.92 10.76 10.63 10.79 
9.41 11.07 11.01 10.11 9.76 10.12 10.33 10.31 11.02 11.15 11.62 11.85 
9.1 11.47 10.69 10.87 10.19 11.08 11.1 11.05 11.4 11.31 11.06 11.34 
9.5 11.52 10.36 10.0 9.84 10.15 10.49 10.96 12.35 12.15 11.9 11.7 
9.21 11.37 10.73 10.94 10.19 11.12 11.16 10.82 11.44 11.25 11.13 11.43 
9.42 11.59 10.1 11.41 9.91 10.51 10.51 10.64 11.29 11.12 11.0 11.29 
9.31 11.84 10.66 10.63 10.34 10.82 11.1 11.21 11.77 12.01 12.15 12.58 
9.25 11.19 11.27 10.24 10.7 11.0 10.97 11.38 11.82 11.46 11.4 11.28 
9.3 11.01 11.3 9.93 10.84 10.95 11.24 11.63 11.8 11.42 11.31 11.54 
9.15 11.17 11.33 10.2 10.52 10.74 11.14 11.52 11.66 11.19 11.01 11.33 
9.18 11.35 11.25 10.54 10.87 11.0 11.49 11.7 11.9 11.67 11.53 11.7 
9.18 11.1 11.21 9.92 10.22 10.81 11.18 11.54 11.87 11.54 11.49 11.29 
9.55 11.09 11.22 10.23 10.57 11.13 11.4 11.76 12.1 11.66 11.43 11.66 
9.3 11.16 11.01 10.14 10.5 10.97 11.16 11.52 11.9 11.32 11.08 11.31 
9.32 11.57 11.09 10.48 10.76 11.21 11.53 11.8 12.02 11.74 11.6 11.76 
9.3 11.04 11.08 10.32 10.52 10.87 11.14 11.7 11.95 11.58 11.55 11.37 
9.43 11.02 11.11 10.33 10.53 11.28 11.32 11.79 12.0 11.78 11.59 11.75 
9.48 11.11 11.23 10.1 10.37 10.94 11.15 11.6 11.91 11.38 11.2 11.41 
9.26 11.36 11.24 10.58 10.71 11.21 11.58 11.89 12.1 11.76 11.56 11.71 
9.47 11.33 11.29 10.68 10.2 10.89 11.32 11.93 12.12 11.76 11.74 11.59 
8.88 10.4 11.23 10.0 9.91 10.78 11.01 11.56 11.78 11.62 12.0 12.58 
8.71 10.69 11.21 10.67 9.74 10.5 10.95 11.13 11.04 10.6 10.53 10.48 
9.32 11.52 11.19 10.56 10.55 11.2 11.43 11.37 11.44 11.14 11.05 11.18 
9.42 11.36 10.98 10.75 10.49 10.8 11.02 11.51 11.86 11.67 11.76 11.81 
9.2 11.4 11.05 10.76 10.64 11.09 11.44 11.48 11.74 11.41 11.23 11.08 
9.32 11.37 10.6 10.45 10.56 10.98 11.5 11.44 11.72 11.24 10.95 10.97 
9.0 11.43 10.94 10.23 10.61 11.03 11.39 11.6 11.76 11.34 11.22 11.08 
9.49 11.49 10.94 10.59 10.73 10.84 11.15 11.52 11.6 10.92 10.66 10.5 
9.31 11.43 10.96 10.6 10.53 11.1 11.37 11.67 11.97 11.41 11.14 11.08 
9.54 11.6 11.1 11.3 10.6 10.9 11.17 11.81 11.94 11.26 11.04 11.29 
9.21 11.56 10.9 11.08 10.75 11.1 11.57 11.64 11.86 11.53 11.32 11.54 
9.16 11.6 10.58 11.26 10.1 10.55 11.17 11.66 11.66 11.3 10.93 11.0 
9.26 11.5 10.77 11.03 10.66 11.1 11.27 11.48 11.77 11.26 10.94 10.86 
9.58 11.7 10.77 10.47 10.24 10.84 10.95 11.4 11.68 11.08 10.83 11.08 
9.1 11.67 11.04 10.82 10.45 10.99 11.44 11.5 11.69 11.27 11.08 11.22 
9.27 11.76 10.89 10.78 10.9 10.96 10.99 11.11 11.43 10.81 10.61 10.5 
9.16 11.22 11.08 10.18 10.62 10.87 11.29 11.62 11.74 11.55 11.78 12.17 
9.37 11.39 11.03 10.93 10.95 10.86 11.25 11.02 11.46 10.92 10.73 10.9 
9.36 11.53 10.9 10.56 10.86 10.91 11.31 11.41 11.72 11.2 11.07 11.18 
9.26 11.5 10.89 10.4 11.26 10.77 11.2 11.3 11.57 11.23 11.1 10.86 
9.39 11.36 10.69 10.65 11.04 10.9 11.27 11.33 11.67 11.15 10.88 10.7 
9.28 11.44 10.49 10.2 10.79 10.93 11.26 11.34 11.58 10.94 10.46 10.51 
9.05 11.05 10.76 10.01 10.48 10.92 11.14 11.36 11.63 11.03 10.89 10.61 
9.44 11.32 10.92 10.33 10.57 10.6 11.05 11.3 11.48 10.74 10.46 10.19 
9.29 11.24 10.94 10.32 10.58 11.05 11.32 11.67 11.87 11.16 10.83 10.68 
9.56 11.52 10.9 10.92 10.25 10.68 10.96 11.43 11.57 10.86 10.56 10.76 
9.2 11.61 10.83 10.96 10.92 10.98 11.48 11.61 11.79 11.22 11.0 11.13 
9.48 11.53 10.98 10.76 10.72 10.78 11.32 11.33 11.62 11.01 10.9 11.0 
9.2 11.41 10.95 11.21 10.7 10.89 11.44 11.51 11.99 11.36 11.02 10.93 
9.49 11.37 11.08 10.66 10.36 11.01 11.23 11.36 11.65 11.24 11.47 11.83 
9.04 11.28 11.18 10.48 10.51 11.01 11.32 11.56 11.67 11.71 12.0 12.36 
9.26 11.75 11.0 10.87 10.33 11.03 11.17 11.23 11.45 10.97 10.83 10.84 
9.26 11.62 10.67 10.74 10.65 10.96 11.29 11.36 11.77 11.32 11.35 11.51 
9.28 11.27 11.19 10.56 10.57 10.93 10.88 11.11 11.63 11.17 11.52 11.81 
9.31 11.69 10.99 10.68 10.69 11.1 11.31 11.62 11.9 11.68 11.65 11.69 
9.42 11.56 10.9 10.6 10.76 11.11 11.36 11.41 11.71 11.42 11.38 11.16 
9.25 11.37 10.94 10.31 10.57 11.0 11.29 11.51 11.75 11.27 11.01 10.75 
9.4 11.37 11.02 9.9 10.42 10.71 11.08 11.44 11.67 10.99 10.75 10.56 
9.19 11.12 10.8 10.05 10.75 10.97 11.27 11.6 11.78 11.16 11.0 10.78 
9.29 11.43 11.17 10.56 10.91 10.83 11.19 11.35 11.53 10.99 10.91 10.95 
9.49 11.37 10.96 10.66 10.74 11.07 11.35 11.77 11.87 11.36 11.03 10.82 
9.64 11.58 10.86 10.81 10.38 11.03 11.48 11.64 11.83 11.34 11.25 11.55 
9.27 11.68 10.75 11.22 10.55 11.08 11.41 11.46 11.81 11.28 11.08 11.1 
9.29 11.38 10.58 10.99 10.48 10.84 11.16 11.47 11.71 11.34 11.5 11.67 
9.52 11.67 11.05 11.25 10.87 11.07 11.55 11.61 11.85 11.25 10.98 10.94 
9.41 11.33 11.0 10.9 10.46 10.84 11.19 11.64 11.65 11.0 10.85 11.12 
9.2 11.51 11.28 10.55 10.36 10.98 11.31 11.52 11.66 11.41 11.92 12.25 
9.21 11.72 10.97 10.88 10.73 10.66 10.89 11.07 11.37 10.87 10.68 10.72 
9.1 11.34 10.91 10.69 10.8 10.85 11.25 11.28 11.75 11.62 11.56 12.03 
9.23 11.27 10.8 10.72 10.78 10.82 11.13 11.23 11.66 11.13 11.12 11.25 
9.35 11.7 11.02 11.0 10.73 11.27 11.42 11.45 11.84 11.7 11.86 11.88 
9.27 11.73 10.86 10.58 10.49 11.04 11.18 11.15 11.63 11.36 11.3 11.11 
9.18 11.29 10.86 10.3 10.39 11.12 11.16 11.43 11.75 11.36 11.39 11.3 
9.4 11.65 10.95 9.9 10.27 10.74 10.83 11.19 11.53 11.11 10.89 10.68 
8.99 11.55 11.3 10.06 10.7 10.93 11.3 11.49 11.77 11.43 11.25 11.13 
9.68 11.66 11.14 10.18 10.59 10.72 11.07 11.23 11.72 11.55 12.12 12.51 
9.17 11.6 11.31 11.21 10.66 11.17 11.54 11.35 11.78 11.26 10.95 10.92 
8.94 11.53 10.94 10.66 9.89 10.81 11.29 11.33 11.64 11.22 11.45 11.65 
8.95 11.65 10.98 10.99 11.03 11.23 11.52 11.53 11.77 11.57 11.64 11.73 
9.44 11.32 10.81 10.44 10.9 10.88 11.32 11.42 11.61 11.39 11.39 11.13 
9.34 11.18 10.66 10.39 10.4 10.89 11.12 11.49 11.76 11.33 11.41 11.31 
9.6 11.48 10.54 10.08 10.37 10.58 10.96 11.32 11.51 10.97 10.92 10.67 
9.26 11.33 10.76 10.44 10.77 10.99 11.3 11.62 11.82 11.29 11.03 10.9 
9.45 11.76 11.15 11.2 10.62 10.76 10.95 11.33 11.66 10.89 10.67 10.54 
9.33 11.63 10.73 11.17 10.51 11.01 11.15 11.59 11.87 11.17 10.89 10.95 
9.21 11.52 10.78 11.4 10.18 11.11 11.12 11.29 11.54 11.04 10.77 10.75 
9.39 11.53 10.65 10.86 10.61 11.21 11.45 11.56 11.82 11.63 11.77 12.08 
9.41 11.46 10.91 10.11 10.42 10.56 10.35 10.57 11.25 11.45 11.64 11.8 
9.26 11.35 10.5 10.11 10.52 10.65 10.76 10.8 11.15 11.2 11.1 11.2 
9.28 11.59 10.25 9.75 9.68 9.87 10.07 10.11 10.78 10.76 10.6 10.75 
8.96 11.57 10.87 10.19 10.25 10.87 10.99 11.24 11.51 11.28 10.88 11.06 
9.66 11.7 10.5 9.65 9.77 9.82 10.22 10.33 10.89 10.68 10.48 10.78 
9.37 11.6 10.78 10.36 10.2 10.57 11.02 11.17 11.53 11.23 10.95 11.26 
9.55 11.24 10.47 11.06 9.79 10.16 10.47 10.76 11.4 11.17 10.64 10.91 
9.43 11.53 10.9 10.71 10.5 10.86 11.19 11.34 11.63 11.34 11.01 11.35 
9.75 11.96 10.61 9.92 9.62 9.96 10.33 10.31 10.63 10.5 10.51 10.94 
9.73 11.52 10.86 10.28 10.23 10.58 11.1 11.1 11.13 10.96 10.96 11.31 
9.64 11.9 10.56 9.86 9.58 9.78 10.17 10.14 10.51 10.53 10.55 11.0 
9.2 11.8 10.97 10.32 10.32 10.81 11.18 11.38 11.67 11.5 11.06 11.43 
9.77 11.83 10.64 9.64 9.81 9.99 10.32 10.27 10.64 10.65 10.7 11.18 
9.56 11.82 10.85 10.46 10.36 10.72 11.19 11.25 11.59 11.35 11.18 11.51 
9.41 11.33 10.48 11.14 9.96 10.36 10.67 10.93 11.48 11.23 10.78 11.21 
9.56 11.93 11.09 10.84 10.78 10.99 11.35 11.48 11.83 11.72 11.41 11.59 
9.77 11.81 10.64 9.87 9.69 10.22 10.42 10.46 10.74 10.84 10.88 11.39 
9.59 11.44 10.8 10.3 10.41 10.42 11.02 11.09 11.12 11.09 11.07 11.44 
9.72 11.73 10.51 9.76 9.52 9.79 10.17 9.99 10.46 10.51 10.53 10.96 
9.29 11.82 11.0 10.4 10.26 10.76 11.09 11.42 11.68 11.49 11.11 11.46 
9.78 11.9 10.62 9.65 9.86 9.98 10.25 10.36 10.65 10.64 10.66 11.16 
9.51 11.6 10.87 10.51 10.39 10.72 11.31 11.28 11.65 11.41 11.27 11.57 
9.54 11.52 10.47 11.17 9.92 10.27 10.66 10.76 11.46 11.3 10.84 11.23 
9.49 11.71 11.03 10.81 10.66 10.89 11.31 11.38 11.7 11.47 11.22 11.61 
9.73 11.89 10.69 9.9 9.83 10.18 10.47 10.51 10.86 10.78 10.82 11.29 
9.48 11.55 10.63 10.29 10.14 10.77 11.18 11.2 11.15 11.1 11.17 11.54 
9.8 11.82 10.54 9.73 9.59 9.71 10.09 9.84 10.52 10.72 10.83 11.28 
9.25 11.7 10.84 10.27 10.26 10.8 11.3 11.45 11.73 11.54 11.27 11.66 
9.8 11.81 10.6 9.56 9.85 10.08 10.37 10.47 10.82 10.84 10.87 11.34 
9.55 11.6 10.99 10.45 10.42 10.72 11.21 11.42 11.66 11.45 11.38 11.71 
9.49 11.59 10.25 10.8 9.54 10.19 11.02 10.67 11.47 11.56 11.25 11.52 
2.64 2.9 2.68 2.68 2.65 2.65 2.58 2.53 2.59 2.53 2.44 2.38 
