maxTimeSong 331.58
 ---beats--- 
0.48 0.92 1.37 1.82 2.27 2.72 3.17 3.61 4.06 4.51 4.96 5.4 5.85 6.3 6.75 7.21 7.65 8.09 8.54 8.99 9.44 9.88 10.33 10.78 11.23 11.67 12.12 12.6 13.02 13.47 13.92 14.37 14.81 15.26 15.71 16.14 16.6 17.05 17.5 17.97 18.39 18.84 19.29 19.73 20.18 20.63 21.09 21.52 21.97 22.42 22.87 23.32 23.77 24.21 24.66 25.11 25.56 26.0 26.45 26.9 27.35 27.79 28.24 28.69 29.14 29.59 30.03 30.48 30.93 31.38 31.83 32.27 32.72 33.17 33.61 34.06 34.51 34.93 35.34 35.85 36.3 36.75 37.2 37.65 38.09 38.54 38.99 39.44 39.89 40.33 40.78 41.23 41.68 42.12 42.57 43.02 43.47 43.91 44.36 44.81 45.26 45.71 46.15 46.6 47.05 47.5 47.94 48.39 48.84 49.29 49.74 50.18 50.63 51.08 51.53 51.97 52.42 52.87 53.32 53.76 54.21 54.66 55.11 55.56 56.0 56.45 56.9 57.35 57.8 58.24 58.69 59.14 59.59 60.03 60.48 60.93 61.38 61.82 62.27 62.72 63.17 63.62 64.06 64.51 64.96 65.41 65.86 66.3 66.75 67.2 67.65 68.09 68.54 68.98 69.44 69.88 70.33 70.78 71.23 71.67 72.12 72.57 73.02 73.47 73.92 74.36 74.81 75.26 75.71 76.15 76.6 77.05 77.5 77.94 78.39 78.84 79.29 79.73 80.18 80.63 81.08 81.53 81.97 82.42 82.87 83.32 83.76 84.21 84.66 85.11 85.56 86.0 86.45 86.9 87.35 87.79 88.24 88.69 89.14 89.58 90.03 90.48 90.93 91.38 91.82 92.27 92.72 93.17 93.61 94.06 94.51 94.96 95.41 95.85 96.3 96.75 97.2 97.65 98.09 98.54 98.99 99.44 99.88 100.33 100.78 101.23 101.67 102.12 102.57 103.02 103.47 103.91 104.36 104.81 105.26 105.7 106.15 106.6 107.05 107.49 107.94 108.39 108.84 109.29 109.74 110.18 110.63 111.08 111.53 111.97 112.42 112.87 113.32 113.77 114.21 114.66 115.11 115.56 116.0 116.45 116.9 117.35 117.79 118.24 118.69 119.14 119.58 120.03 120.48 120.93 121.38 121.82 122.27 122.72 123.17 123.61 124.06 124.51 124.96 125.41 125.86 126.3 126.75 127.2 127.65 128.09 128.54 128.99 129.44 129.88 130.33 130.78 131.22 131.67 132.12 132.57 133.02 133.47 133.91 134.36 134.81 135.26 135.69 136.15 136.6 137.05 137.5 137.94 138.39 138.84 139.29 139.72 140.18 140.63 141.08 141.52 141.97 142.42 142.87 143.32 143.77 144.21 144.66 145.11 145.56 146.0 146.45 146.9 147.35 147.79 148.24 148.69 149.14 149.59 150.03 150.47 150.93 151.38 151.82 152.27 152.72 153.17 153.62 154.06 154.51 154.96 155.41 155.85 156.3 156.75 157.2 157.64 158.09 158.54 158.99 159.44 159.88 160.33 160.78 161.22 161.68 162.12 162.57 163.02 163.47 163.97 164.37 164.81 165.26 165.71 166.15 166.6 167.05 167.5 167.94 168.39 168.84 169.29 169.74 170.18 170.63 171.08 171.53 171.97 172.42 172.87 173.32 173.76 174.21 174.66 175.11 175.56 176.0 176.45 176.9 177.35 177.8 178.24 178.69 179.14 179.59 180.03 180.48 180.93 181.38 181.83 182.27 182.72 183.17 183.62 184.06 184.51 184.96 185.41 185.85 186.3 186.75 187.2 187.65 188.09 188.54 188.99 189.44 189.88 190.33 190.78 191.23 191.67 192.12 192.57 193.02 193.46 193.92 194.36 194.81 195.26 195.71 196.15 196.6 197.05 197.5 197.94 198.39 198.84 199.29 199.74 200.18 200.63 201.08 201.53 201.97 202.42 202.87 203.32 203.76 204.21 204.66 205.11 205.56 206.0 206.45 206.9 207.35 207.79 208.24 208.69 209.14 209.58 210.03 210.48 210.93 211.38 211.83 212.27 212.72 213.17 213.62 214.06 214.51 214.96 215.41 215.85 216.3 216.75 217.2 217.65 218.09 218.54 218.99 219.44 219.88 220.33 220.78 221.23 221.68 222.12 222.57 223.02 223.47 223.91 224.36 224.81 225.26 225.7 226.15 226.6 227.05 227.5 227.94 228.39 228.84 229.29 229.74 230.18 230.63 231.08 231.53 231.97 232.42 232.87 233.32 233.76 234.21 234.66 235.11 235.56 236.0 236.45 236.9 237.35 237.79 238.24 238.69 239.14 239.59 240.03 240.48 240.93 241.38 241.82 242.27 242.72 243.17 243.61 244.06 244.51 244.96 245.41 245.85 246.3 246.75 247.2 247.65 248.09 248.54 248.99 249.43 249.94 250.38 250.78 251.24 251.68 252.12 252.57 253.02 253.47 253.91 254.36 254.82 255.26 255.71 256.14 256.6 257.05 257.5 257.94 258.39 258.84 259.29 259.73 260.18 260.63 261.08 261.53 261.98 262.42 262.91 263.32 263.77 264.2 264.66 265.11 265.56 266.0 266.45 266.89 267.35 267.79 268.24 268.69 269.14 269.59 270.03 270.48 270.93 271.38 271.82 272.27 272.72 273.17 273.61 274.06 274.51 274.95 275.41 275.85 276.3 276.75 277.2 277.64 278.09 278.54 278.99 279.44 279.89 280.33 280.78 281.23 281.68 282.12 282.57 283.02 283.47 283.91 284.36 284.81 285.26 285.7 286.15 286.6 287.05 287.5 287.94 288.39 288.84 289.29 289.73 290.18 290.63 291.08 291.53 291.97 292.42 292.87 293.32 293.76 294.2 294.66 295.11 295.55 296.01 296.45 296.9 297.35 297.8 298.24 298.69 299.14 299.59 300.03 300.48 300.93 301.38 301.82 302.27 302.72 303.17 303.61 304.06 304.51 304.95 305.41 305.85 306.3 306.75 307.2 307.65 308.09 308.54 308.99 309.44 309.88 310.33 310.78 311.23 311.68 312.12 312.57 313.02 313.47 313.92 314.36 314.81 315.26 315.7 316.15 316.6 317.05 317.5 317.94 318.39 318.84 319.29 319.74 320.19 320.63 321.08 321.53 321.98 322.42 
 ---spectro--- 
721 12
0.49 0.61 0.56 0.51 0.51 0.54 0.55 0.56 0.56 0.57 0.57 0.58 
7.2 9.95 9.09 7.78 8.23 9.43 9.76 10.63 10.96 11.03 11.19 11.32 
7.12 9.97 9.03 7.49 7.87 8.78 9.24 10.06 10.33 10.42 10.44 10.24 
6.9 9.72 8.84 7.54 8.02 9.13 9.46 10.39 10.57 10.73 10.9 10.98 
6.26 9.15 8.36 6.83 7.21 8.11 8.43 9.56 9.64 9.75 9.78 9.57 
7.71 10.62 9.75 8.43 8.91 10.06 10.38 11.3 11.49 11.62 11.83 11.87 
5.91 8.54 7.76 6.08 6.59 7.53 8.0 8.84 8.98 9.08 9.11 8.88 
7.52 10.43 9.65 8.25 8.74 9.9 10.23 11.17 11.37 11.54 11.71 11.77 
5.71 8.47 7.63 6.11 6.44 7.53 7.97 8.87 8.99 9.08 9.11 8.89 
6.97 9.66 8.87 7.61 8.09 9.18 9.46 10.35 10.53 10.67 10.85 10.92 
5.43 8.2 7.35 5.84 6.19 7.26 7.64 8.63 8.7 8.76 8.84 8.62 
7.43 10.37 9.44 8.1 8.6 9.8 10.09 11.02 11.22 11.39 11.59 11.65 
5.22 7.98 7.08 5.56 5.9 6.87 7.18 8.33 8.37 8.49 8.5 8.33 
7.66 10.59 9.71 8.38 8.87 9.99 10.34 11.3 11.53 11.67 11.81 11.9 
5.13 7.85 6.99 5.4 5.85 6.8 7.12 8.06 8.25 8.35 8.33 8.19 
7.54 10.22 9.37 8.13 8.56 9.71 9.98 10.8 11.12 11.17 11.28 11.43 
10.53 11.86 10.83 10.4 10.43 11.43 11.88 12.3 12.54 12.26 11.61 11.58 
10.38 12.02 10.82 10.19 10.21 11.34 11.73 12.2 12.4 12.27 11.73 11.76 
10.16 11.47 10.69 10.22 10.16 11.24 11.72 12.16 12.44 12.2 11.48 11.4 
9.08 10.69 9.9 9.47 9.45 10.43 10.76 11.3 11.5 11.38 10.87 10.76 
10.1 11.34 10.34 9.87 9.92 10.88 11.33 11.76 12.0 11.73 11.06 11.03 
10.14 11.71 10.52 9.96 9.92 11.05 11.42 11.92 12.11 11.97 11.41 11.5 
9.54 10.79 10.06 9.57 9.54 10.57 11.04 11.46 11.73 11.5 10.81 10.72 
9.83 11.13 10.24 9.81 9.76 10.8 11.22 11.7 11.89 11.72 11.14 11.22 
10.02 11.25 10.25 9.82 9.81 10.79 11.24 11.68 11.92 11.65 10.97 10.94 
10.14 11.62 10.54 9.94 9.94 11.03 11.38 11.86 12.07 11.92 11.35 11.45 
9.54 10.77 10.02 9.59 9.49 10.53 10.98 11.42 11.7 11.46 10.76 10.7 
9.5 11.11 10.32 9.78 9.81 10.78 11.12 11.68 11.91 11.79 11.22 11.1 
10.03 11.25 10.23 9.75 9.77 10.8 11.26 11.71 11.94 11.65 11.01 10.96 
9.85 11.38 10.29 9.7 9.71 10.81 11.13 11.61 11.8 11.65 11.11 11.2 
9.7 11.03 10.26 9.8 9.73 10.78 11.24 11.69 11.97 11.73 11.03 10.96 
9.05 10.64 9.78 9.0 8.84 10.12 10.34 10.84 11.08 10.85 10.57 10.65 
10.09 11.38 10.33 9.89 9.88 10.91 11.35 11.78 12.02 11.74 11.09 11.05 
10.37 11.9 10.71 10.14 10.07 11.29 11.65 12.19 12.42 12.24 11.67 11.77 
9.38 10.56 9.82 9.39 9.32 10.35 10.78 11.21 11.48 11.25 10.57 10.51 
9.43 11.09 10.26 9.79 9.79 10.8 11.14 11.73 11.93 11.81 11.26 11.14 
10.49 11.81 10.79 10.26 10.32 11.32 11.8 12.24 12.49 12.21 11.52 11.48 
9.5 10.9 9.81 9.28 9.28 10.32 10.64 11.09 11.28 11.15 10.64 10.7 
9.75 11.02 10.24 9.8 9.72 10.78 11.25 11.69 11.97 11.74 11.03 10.95 
9.81 11.11 10.27 9.79 9.79 10.79 11.19 11.65 11.85 11.71 11.09 11.16 
9.98 11.22 10.22 9.78 9.78 10.79 11.24 11.69 11.92 11.64 10.98 10.95 
9.88 11.39 10.29 9.66 9.68 10.76 11.12 11.6 11.79 11.65 11.12 11.2 
9.74 11.03 10.29 9.78 9.76 10.79 11.25 11.68 11.96 11.73 11.02 10.95 
9.37 11.09 10.28 9.76 9.75 10.8 11.13 11.69 11.91 11.78 11.24 11.14 
10.02 11.24 10.31 9.81 9.84 10.81 11.27 11.69 11.93 11.66 10.99 10.94 
10.13 11.69 10.49 9.84 9.87 10.99 11.36 11.84 12.02 11.92 11.41 11.46 
9.49 10.83 10.12 9.59 9.54 10.57 10.99 11.41 11.69 11.47 10.79 10.69 
8.95 10.17 9.61 9.12 8.9 10.04 10.38 10.72 10.92 10.53 9.7 9.15 
10.67 11.53 10.62 10.2 9.92 10.92 11.32 11.61 11.82 11.58 11.05 10.98 
10.29 11.45 10.33 9.79 9.55 10.67 10.96 11.27 11.46 11.31 10.87 10.9 
10.36 11.11 10.31 9.76 9.57 10.51 10.94 11.24 11.47 11.26 10.69 10.62 
10.04 10.94 10.16 9.62 9.47 10.36 10.76 11.15 11.36 11.21 10.75 10.71 
10.25 11.02 10.12 9.69 9.43 10.42 10.86 11.13 11.33 11.11 10.57 10.48 
10.05 11.13 10.01 9.48 9.26 10.38 10.67 10.98 11.2 11.03 10.59 10.62 
10.22 10.93 10.13 9.65 9.4 10.38 10.77 11.05 11.29 11.1 10.53 10.46 
10.05 10.93 9.88 9.5 9.35 10.34 10.73 11.04 11.24 11.07 10.56 10.66 
10.18 10.94 10.06 9.6 9.38 10.33 10.78 11.06 11.26 11.04 10.5 10.41 
10.0 11.14 10.01 9.44 9.2 10.32 10.63 10.92 11.15 10.99 10.53 10.58 
10.16 10.92 10.12 9.59 9.41 10.36 10.76 11.03 11.26 11.07 10.51 10.43 
9.94 10.84 10.03 9.53 9.38 10.33 10.66 11.04 11.25 11.11 10.65 10.61 
10.2 10.94 10.07 9.6 9.33 10.34 10.77 11.05 11.26 11.04 10.5 10.41 
10.02 11.15 9.98 9.45 9.18 10.33 10.63 10.92 11.15 11.0 10.54 10.58 
10.15 10.91 10.12 9.58 9.35 10.37 10.77 11.02 11.26 11.07 10.49 10.41 
9.77 10.65 9.71 8.96 8.63 9.73 9.93 10.24 10.4 10.31 10.06 10.15 
10.23 10.96 10.07 9.62 9.36 10.35 10.78 11.08 11.28 11.06 10.5 10.43 
10.04 11.15 10.02 9.49 9.24 10.36 10.68 10.94 11.17 11.03 10.58 10.61 
10.17 10.92 10.1 9.59 9.34 10.35 10.76 11.0 11.25 11.07 10.49 10.4 
9.92 10.82 10.04 9.51 9.4 10.33 10.65 11.05 11.26 11.13 10.65 10.62 
10.2 10.95 10.1 9.62 9.34 10.35 10.76 11.06 11.26 11.04 10.49 10.42 
10.02 11.12 10.03 9.48 9.24 10.36 10.65 10.95 11.16 11.01 10.55 10.63 
10.16 10.92 10.1 9.59 9.39 10.39 10.77 11.01 11.27 11.07 10.51 10.4 
10.47 11.45 10.36 9.93 9.74 10.76 11.19 11.53 11.72 11.56 11.0 11.14 
9.7 10.45 9.6 9.14 8.89 9.85 10.24 10.54 10.74 10.53 10.0 9.92 
10.02 11.11 10.0 9.44 9.26 10.31 10.64 10.97 11.16 10.99 10.55 10.61 
10.16 10.92 9.99 9.57 9.33 10.38 10.76 11.02 11.27 11.07 10.49 10.42 
9.94 10.83 10.05 9.46 9.35 10.28 10.6 11.03 11.24 11.12 10.61 10.57 
10.18 10.95 10.01 9.58 9.3 10.32 10.77 11.05 11.26 11.04 10.49 10.39 
9.63 10.99 10.0 9.32 9.22 10.28 10.54 11.02 11.19 11.07 10.54 10.62 
9.88 11.63 11.75 11.05 10.6 11.25 12.01 12.01 12.3 12.05 11.63 11.32 
8.63 10.35 10.34 9.5 9.14 9.79 10.49 10.79 10.66 10.44 10.18 9.59 
10.85 11.99 11.31 10.94 10.95 11.6 11.73 11.9 12.04 11.91 11.39 11.43 
9.73 10.74 9.79 9.28 9.02 10.06 10.31 10.63 10.83 10.68 10.27 10.36 
10.67 11.58 10.88 10.43 10.15 11.15 11.53 11.71 11.88 11.72 11.32 11.29 
9.64 10.46 9.79 9.27 9.12 9.98 10.28 10.61 10.77 10.66 10.24 10.24 
10.68 11.49 10.72 10.22 10.05 10.99 11.44 11.6 11.82 11.62 11.14 11.17 
9.63 10.64 9.68 9.22 8.88 9.95 10.23 10.55 10.73 10.6 10.19 10.27 
10.21 10.91 10.27 9.73 9.52 10.54 10.87 11.08 11.27 11.09 10.62 10.53 
9.98 10.89 9.87 9.46 9.36 10.25 10.66 10.99 11.19 11.03 10.49 10.63 
10.2 10.99 10.26 9.76 9.62 10.51 10.92 11.06 11.28 11.08 10.67 10.65 
10.08 11.11 10.1 9.58 9.36 10.4 10.63 11.01 11.21 11.07 10.63 10.7 
10.18 11.02 10.31 9.88 9.61 10.6 10.93 11.11 11.29 11.13 10.72 10.72 
10.03 10.89 10.21 9.73 9.54 10.41 10.71 11.05 11.23 11.08 10.7 10.69 
10.17 10.96 10.15 9.69 9.61 10.46 10.89 11.08 11.25 11.06 10.64 10.64 
10.09 11.12 10.1 9.62 9.24 10.35 10.69 11.01 11.2 11.06 10.62 10.69 
10.19 10.88 10.27 9.73 9.48 10.51 10.88 11.05 11.26 11.09 10.59 10.5 
9.75 10.63 9.69 8.97 8.62 9.67 9.89 10.26 10.4 10.27 10.03 10.14 
10.25 11.0 10.19 9.76 9.66 10.52 10.93 11.13 11.29 11.09 10.69 10.68 
10.07 11.13 10.15 9.65 9.32 10.37 10.72 11.02 11.22 11.07 10.66 10.72 
10.18 10.97 10.31 9.9 9.61 10.61 10.99 11.14 11.32 11.15 10.78 10.74 
10.02 10.9 10.24 9.71 9.54 10.45 10.7 11.03 11.23 11.12 10.7 10.7 
10.2 10.94 10.18 9.68 9.62 10.46 10.87 11.11 11.24 11.07 10.64 10.65 
10.07 11.11 10.13 9.65 9.37 10.39 10.71 11.0 11.21 11.05 10.64 10.71 
10.17 10.87 10.24 9.74 9.43 10.47 10.85 11.05 11.24 11.06 10.57 10.48 
9.98 10.9 9.84 9.4 9.35 10.26 10.68 10.99 11.19 11.01 10.51 10.62 
10.23 10.94 10.17 9.73 9.62 10.47 10.86 11.13 11.27 11.09 10.65 10.66 
10.05 11.1 10.14 9.65 9.38 10.39 10.73 11.0 11.23 11.05 10.67 10.72 
10.13 10.95 10.29 9.93 9.61 10.58 10.94 11.08 11.25 11.06 10.68 10.66 
10.02 10.91 10.22 9.68 9.53 10.45 10.71 11.03 11.25 11.08 10.71 10.67 
10.21 10.91 10.14 9.65 9.59 10.45 10.8 11.12 11.25 11.07 10.65 10.64 
9.73 10.99 10.29 9.59 9.53 10.47 10.72 11.07 11.26 11.15 10.72 10.73 
9.98 11.03 10.96 10.4 10.03 10.69 11.37 11.36 11.68 11.45 11.09 10.92 
9.27 10.82 10.85 9.92 9.53 10.11 10.89 11.14 10.94 10.67 10.44 9.88 
10.35 11.47 10.78 10.47 10.52 11.11 11.22 11.4 11.52 11.34 10.94 11.0 
10.15 11.18 10.32 9.68 9.61 10.48 10.92 11.15 11.32 11.16 10.86 10.92 
10.19 11.07 10.25 9.96 9.67 10.61 11.02 11.16 11.33 11.18 10.76 10.71 
10.12 11.07 10.21 9.73 9.53 10.54 10.81 11.1 11.26 11.09 10.75 10.76 
10.19 11.03 10.34 9.86 9.74 10.56 10.98 11.2 11.32 11.08 10.77 10.79 
10.08 11.09 10.24 9.63 9.51 10.4 10.8 11.08 11.23 11.08 10.76 10.81 
10.18 10.99 10.23 9.82 9.57 10.52 10.93 11.12 11.28 11.06 10.65 10.54 
10.1 11.06 9.96 9.5 9.35 10.39 10.75 11.03 11.16 11.0 10.54 10.64 
10.18 11.0 10.29 9.85 9.69 10.53 10.97 11.16 11.28 11.09 10.76 10.76 
10.1 11.08 10.22 9.61 9.5 10.36 10.78 11.08 11.2 11.05 10.75 10.81 
10.14 11.01 10.21 9.87 9.63 10.54 10.93 11.1 11.23 11.05 10.7 10.64 
10.12 11.03 10.15 9.73 9.5 10.52 10.8 11.09 11.2 11.07 10.7 10.75 
10.17 10.99 10.25 9.81 9.69 10.51 10.96 11.12 11.24 11.06 10.74 10.73 
10.07 11.05 10.23 9.62 9.54 10.38 10.79 11.08 11.2 11.05 10.73 10.8 
10.15 11.08 10.21 9.73 9.55 10.52 10.84 11.07 11.15 10.98 10.64 10.72 
9.66 10.45 9.42 8.99 8.52 9.62 9.91 10.27 10.37 10.18 9.74 9.75 
10.26 11.08 10.39 9.92 9.78 10.63 11.04 11.23 11.32 11.15 10.81 10.81 
10.13 11.11 10.25 9.67 9.57 10.44 10.82 11.09 11.25 11.11 10.74 10.84 
10.2 11.09 10.14 9.78 9.67 10.58 10.99 11.12 11.27 11.11 10.72 10.7 
10.13 11.05 10.18 9.78 9.47 10.52 10.82 11.09 11.22 11.06 10.7 10.77 
10.18 11.01 10.27 9.85 9.71 10.55 10.99 11.15 11.26 11.07 10.74 10.72 
10.08 11.07 10.23 9.63 9.51 10.39 10.8 11.06 11.21 11.07 10.71 10.8 
10.16 11.03 10.14 9.73 9.57 10.55 10.9 11.08 11.26 11.06 10.61 10.5 
10.09 11.02 10.04 9.54 9.32 10.38 10.76 11.03 11.17 10.99 10.54 10.66 
10.19 11.03 10.27 9.85 9.7 10.53 10.97 11.15 11.29 11.09 10.76 10.73 
10.07 11.08 10.24 9.65 9.52 10.37 10.81 11.06 11.2 11.07 10.72 10.79 
10.17 11.05 10.1 9.79 9.64 10.55 10.94 11.08 11.26 11.1 10.71 10.66 
10.12 11.02 10.19 9.77 9.48 10.48 10.81 11.06 11.21 11.06 10.68 10.74 
10.17 10.98 10.25 9.82 9.68 10.54 10.99 11.14 11.27 11.06 10.75 10.72 
9.96 10.82 10.04 9.39 9.33 10.45 10.82 11.09 11.26 11.11 10.74 10.82 
9.97 11.18 11.0 10.25 9.79 10.74 11.29 11.3 11.5 11.24 10.97 10.89 
9.77 11.17 10.79 10.05 9.55 10.43 11.04 11.33 11.15 10.93 10.62 10.37 
10.23 11.4 10.67 10.43 10.36 11.07 11.15 11.28 11.48 11.4 11.03 11.11 
9.64 10.5 9.83 9.84 9.97 10.68 10.87 10.99 11.15 11.08 10.87 10.91 
10.18 11.1 10.13 9.89 9.59 10.55 10.88 11.04 11.3 11.23 10.93 10.95 
10.09 10.85 10.32 10.11 10.48 11.05 11.2 11.39 11.52 11.47 11.26 11.34 
10.15 10.96 10.25 9.94 9.64 10.54 10.96 11.08 11.33 11.2 10.88 10.94 
10.04 10.92 10.22 10.23 10.32 11.11 11.28 11.42 11.59 11.51 11.29 11.34 
10.59 11.53 10.64 10.32 9.86 10.94 11.3 11.49 11.78 11.7 11.35 11.39 
9.52 10.46 9.46 9.73 9.83 10.53 10.69 10.84 11.0 10.95 10.68 10.71 
10.56 11.47 10.72 10.44 10.14 11.06 11.45 11.6 11.84 11.74 11.42 11.44 
9.59 10.47 9.79 9.77 9.87 10.63 10.78 10.92 11.08 11.01 10.78 10.83 
10.15 11.04 10.13 9.83 9.5 10.51 10.81 11.0 11.27 11.22 10.86 10.91 
10.05 10.83 10.33 10.04 10.52 11.02 11.21 11.36 11.5 11.48 11.22 11.3 
10.13 10.94 10.26 9.95 9.67 10.53 10.9 11.09 11.33 11.2 10.87 10.92 
9.98 10.95 10.27 10.23 10.34 11.11 11.28 11.43 11.61 11.5 11.27 11.33 
10.14 11.02 10.14 9.79 9.38 10.46 10.76 10.99 11.24 11.16 10.89 10.98 
9.62 10.4 9.22 8.99 8.47 9.77 10.29 10.46 10.78 10.73 10.3 10.31 
10.18 11.02 10.32 10.03 9.75 10.6 10.96 11.15 11.39 11.25 10.93 10.98 
10.51 11.48 10.74 10.82 10.82 11.65 11.85 12.0 12.18 12.07 11.83 11.87 
9.71 10.55 9.62 9.5 9.15 10.05 10.31 10.53 10.77 10.71 10.41 10.43 
10.06 10.88 10.33 10.09 10.52 11.03 11.25 11.38 11.52 11.44 11.26 11.33 
10.12 10.99 10.21 9.96 9.7 10.55 10.89 11.09 11.33 11.18 10.9 10.92 
9.99 10.93 10.27 10.25 10.34 11.11 11.27 11.43 11.61 11.5 11.28 11.33 
10.13 11.0 10.13 9.87 9.45 10.44 10.77 10.99 11.26 11.17 10.85 10.86 
10.48 11.49 10.4 10.72 10.75 11.55 11.78 11.9 12.06 11.99 11.7 11.72 
10.1 11.02 10.28 9.89 9.71 10.57 10.91 11.11 11.34 11.21 10.88 10.94 
10.04 10.94 10.26 10.26 10.32 11.1 11.27 11.42 11.6 11.5 11.25 11.3 
10.11 11.02 10.09 9.92 9.54 10.5 10.82 11.02 11.24 11.2 10.88 10.89 
9.6 10.37 9.85 9.56 10.05 10.51 10.71 10.88 10.99 10.95 10.73 10.81 
10.07 10.99 10.24 9.85 9.67 10.54 10.9 11.06 11.3 11.19 10.84 10.91 
9.74 10.83 10.28 10.24 10.37 11.18 11.32 11.46 11.63 11.54 11.29 11.36 
10.01 10.98 10.15 9.84 9.45 10.56 10.82 11.02 11.32 11.26 10.93 11.04 
9.2 10.15 9.19 9.12 8.66 9.92 10.34 10.64 10.96 10.9 10.4 10.45 
10.5 11.37 10.59 10.16 9.94 10.83 11.33 11.63 11.8 11.63 11.36 11.42 
9.61 10.42 9.7 9.38 9.2 9.89 10.29 10.69 10.99 10.95 10.81 10.77 
10.48 11.37 10.56 10.24 9.88 10.74 11.27 11.53 11.75 11.57 11.29 11.31 
9.31 10.25 9.53 9.37 9.13 9.94 10.25 10.7 10.95 11.03 10.87 10.9 
10.07 10.81 10.08 9.75 9.54 10.34 10.84 11.1 11.29 11.15 10.88 10.91 
10.07 10.92 10.23 9.94 9.7 10.43 10.86 11.22 11.54 11.51 11.34 11.29 
10.02 10.85 10.04 9.67 9.4 10.2 10.69 11.0 11.2 11.05 10.75 10.76 
9.83 10.82 10.0 9.75 9.59 10.48 10.9 11.28 11.5 11.56 11.39 11.39 
10.02 10.9 10.09 9.69 9.57 10.36 10.83 11.12 11.29 11.14 10.87 10.92 
10.06 10.9 10.24 9.91 9.68 10.4 10.88 11.24 11.52 11.51 11.34 11.28 
10.01 10.83 10.08 9.73 9.42 10.19 10.7 11.0 11.21 11.06 10.76 10.76 
9.73 10.76 9.96 9.75 9.57 10.44 10.76 11.23 11.48 11.53 11.38 11.38 
10.05 10.83 10.07 9.73 9.54 10.31 10.82 11.12 11.28 11.13 10.89 10.9 
10.08 10.91 10.24 9.93 9.66 10.43 10.85 11.23 11.5 11.5 11.34 11.29 
10.04 10.89 10.11 9.71 9.57 10.29 10.75 10.99 11.2 11.05 10.75 10.75 
9.78 10.75 9.89 9.7 9.55 10.17 10.51 10.92 11.3 11.26 11.11 10.98 
10.05 10.9 10.1 9.68 9.55 10.33 10.8 11.08 11.28 11.11 10.85 10.87 
10.07 10.91 10.2 9.88 9.68 10.42 10.85 11.24 11.52 11.49 11.34 11.28 
10.07 10.85 10.1 9.77 9.51 10.26 10.71 11.01 11.22 11.09 10.79 10.77 
9.75 10.71 9.91 9.78 9.57 10.44 10.73 11.25 11.48 11.53 11.39 11.37 
10.02 10.81 10.11 9.69 9.59 10.33 10.81 11.14 11.28 11.15 10.89 10.89 
10.08 10.92 10.1 9.77 9.71 10.41 10.86 11.26 11.52 11.49 11.33 11.28 
10.07 10.87 10.02 9.61 9.58 10.29 10.74 11.05 11.21 11.07 10.79 10.76 
9.81 10.75 9.94 9.77 9.58 10.48 10.85 11.23 11.51 11.53 11.38 11.4 
10.02 10.88 10.13 9.7 9.64 10.39 10.84 11.15 11.31 11.14 10.89 10.92 
10.06 10.81 10.03 9.76 9.71 10.44 10.9 11.28 11.52 11.51 11.34 11.28 
10.03 10.86 10.01 9.73 9.44 10.31 10.71 11.05 11.21 11.09 10.81 10.77 
9.77 10.69 9.94 9.83 9.69 10.51 10.76 11.24 11.47 11.53 11.39 11.37 
10.05 10.86 10.14 9.78 9.54 10.36 10.8 11.09 11.27 11.12 10.87 10.86 
10.05 10.81 10.08 9.76 9.69 10.43 10.87 11.28 11.53 11.51 11.34 11.26 
10.03 10.87 10.06 9.77 9.51 10.3 10.73 11.05 11.22 11.08 10.8 10.77 
9.79 10.6 9.9 9.67 9.33 10.14 10.52 10.97 11.34 11.31 11.15 11.05 
10.02 10.85 10.12 9.81 9.54 10.38 10.84 11.08 11.28 11.13 10.86 10.87 
10.09 10.81 10.08 9.79 9.69 10.39 10.89 11.28 11.52 11.52 11.35 11.27 
10.04 10.9 10.09 9.73 9.5 10.27 10.74 11.05 11.22 11.08 10.78 10.75 
9.76 10.74 9.94 9.8 9.71 10.53 10.77 11.2 11.47 11.54 11.4 11.38 
10.07 10.87 10.15 9.8 9.63 10.42 10.83 11.09 11.28 11.15 10.88 10.88 
10.05 10.79 10.06 9.77 9.65 10.41 10.82 11.23 11.51 11.5 11.35 11.25 
10.01 10.89 10.07 9.66 9.52 10.29 10.77 11.03 11.23 11.07 10.78 10.76 
9.84 10.77 9.96 9.84 9.66 10.54 10.9 11.25 11.51 11.54 11.39 11.39 
10.03 10.86 10.13 9.85 9.66 10.4 10.86 11.1 11.28 11.14 10.9 10.9 
10.05 10.82 10.09 9.81 9.69 10.46 10.86 11.27 11.53 11.52 11.35 11.26 
10.02 10.89 10.02 9.62 9.45 10.27 10.7 10.98 11.22 11.06 10.77 10.72 
9.76 10.76 9.89 9.73 9.71 10.49 10.76 11.21 11.47 11.52 11.38 11.35 
10.06 10.89 10.15 9.81 9.61 10.41 10.85 11.1 11.27 11.14 10.9 10.87 
10.04 10.88 10.12 9.89 9.63 10.43 10.87 11.25 11.52 11.5 11.35 11.26 
10.05 10.89 10.01 9.59 9.58 10.28 10.69 10.96 11.17 11.01 10.73 10.7 
9.77 10.74 9.85 9.68 9.68 10.25 10.52 10.99 11.3 11.28 11.13 10.99 
10.02 10.88 10.13 9.83 9.61 10.4 10.87 11.1 11.27 11.11 10.86 10.87 
10.08 10.88 10.12 9.86 9.66 10.47 10.87 11.23 11.5 11.51 11.35 11.27 
10.05 10.85 9.96 9.58 9.39 10.3 10.71 11.01 11.22 11.07 10.79 10.73 
9.74 10.72 9.91 9.83 9.77 10.48 10.74 11.22 11.47 11.54 11.39 11.34 
10.02 10.86 10.13 9.78 9.63 10.43 10.82 11.1 11.28 11.14 10.87 10.85 
10.07 10.87 10.1 9.86 9.66 10.46 10.88 11.24 11.52 11.5 11.35 11.26 
10.07 10.87 9.97 9.61 9.46 10.3 10.75 11.05 11.22 11.09 10.81 10.76 
9.81 10.78 9.94 9.75 9.65 10.46 10.88 11.25 11.48 11.53 11.37 11.38 
10.02 10.9 10.14 9.81 9.65 10.41 10.85 11.1 11.27 11.13 10.87 10.87 
10.07 10.89 10.12 9.89 9.61 10.43 10.88 11.24 11.53 11.5 11.35 11.27 
10.07 10.85 9.96 9.56 9.47 10.3 10.74 11.05 11.21 11.07 10.82 10.74 
9.78 10.73 9.86 9.79 9.77 10.47 10.72 11.23 11.44 11.53 11.4 11.34 
10.03 10.83 10.17 9.8 9.6 10.4 10.81 11.1 11.27 11.12 10.87 10.84 
9.68 10.77 10.13 9.77 9.61 10.4 10.85 11.18 11.42 11.27 11.0 10.96 
9.82 10.74 10.01 9.59 9.49 10.47 10.94 11.25 11.41 11.23 10.82 10.66 
9.05 11.03 11.16 10.39 10.09 10.74 11.3 11.43 11.69 11.36 11.13 10.56 
9.95 11.36 11.07 10.88 10.26 11.21 11.65 11.72 11.67 11.67 11.5 11.46 
9.83 11.04 10.38 10.23 9.92 10.93 11.33 11.45 11.52 11.44 11.25 11.23 
9.73 10.94 10.21 10.07 9.78 10.78 11.17 11.28 11.41 11.34 11.15 11.05 
9.7 10.77 10.06 9.84 9.49 10.66 10.91 11.17 11.27 11.17 11.04 11.07 
9.83 10.97 10.35 10.19 10.1 11.0 11.4 11.48 11.49 11.45 11.25 11.19 
9.71 10.94 10.25 10.12 9.71 10.78 11.17 11.24 11.35 11.24 11.04 11.0 
9.68 10.73 10.24 9.96 9.91 10.8 11.13 11.2 11.3 11.24 11.1 11.09 
9.68 10.76 10.04 9.96 9.66 10.48 10.92 10.93 10.89 10.74 10.54 10.31 
9.81 10.96 10.2 10.29 9.78 10.93 11.22 11.3 11.43 11.43 11.28 11.26 
9.74 10.93 10.24 10.09 9.81 10.78 11.19 11.32 11.38 11.32 11.11 11.1 
9.68 10.8 10.18 10.05 9.72 10.74 11.12 11.23 11.35 11.28 11.09 10.97 
9.69 10.72 10.01 9.84 9.46 10.62 10.89 11.11 11.22 11.14 10.99 11.03 
9.83 10.94 10.36 10.14 10.0 10.97 11.39 11.42 11.44 11.4 11.21 11.15 
9.67 10.98 10.21 10.17 9.85 10.8 11.2 11.28 11.34 11.3 11.07 10.97 
9.7 10.76 10.3 9.98 9.87 10.69 11.14 11.28 11.34 11.27 11.06 10.97 
9.62 10.96 10.8 10.35 9.95 10.56 11.13 11.16 11.38 11.08 10.87 10.43 
9.75 11.11 10.93 10.31 10.27 10.92 11.41 11.55 11.4 11.45 11.27 11.27 
9.62 10.87 10.0 9.94 9.74 10.84 11.04 11.3 11.38 11.38 11.13 11.12 
9.59 10.81 10.04 9.74 9.77 10.65 10.99 11.18 11.2 11.26 11.06 10.99 
9.65 10.7 9.84 9.77 9.66 10.49 10.77 11.08 11.19 11.15 11.01 11.05 
9.78 11.05 10.08 10.05 10.0 11.0 11.26 11.46 11.48 11.53 11.28 11.22 
9.69 10.89 10.09 9.9 9.83 10.8 11.03 11.29 11.3 11.34 11.09 11.03 
9.61 10.78 10.28 9.79 9.87 10.62 10.96 11.18 11.18 11.25 11.08 11.07 
9.65 10.7 9.79 9.72 9.56 10.55 10.73 10.9 10.87 10.83 10.59 10.34 
9.99 10.96 10.37 10.15 10.12 10.7 11.18 11.35 11.44 11.49 11.38 11.47 
9.87 11.0 10.36 10.24 9.91 10.76 11.18 11.28 11.48 11.4 11.3 11.3 
9.73 10.73 10.26 10.02 9.77 10.62 11.03 11.22 11.27 11.29 11.19 11.18 
9.73 10.8 10.32 9.63 9.8 10.45 10.91 11.11 11.3 11.28 11.15 11.22 
9.97 11.1 10.28 10.15 10.01 10.81 11.33 11.41 11.53 11.55 11.43 11.45 
8.82 10.64 10.38 10.09 9.96 10.74 11.25 11.43 11.54 11.54 11.42 11.47 
8.34 10.92 11.15 10.51 10.19 10.8 11.35 11.46 11.68 11.48 11.28 11.04 
8.26 10.66 10.92 10.09 9.84 10.31 11.15 11.42 11.18 10.95 10.73 10.18 
10.34 11.56 10.86 10.89 10.75 11.45 11.48 11.53 11.67 11.74 11.53 11.68 
9.89 10.94 10.44 10.31 9.9 10.98 11.3 11.49 11.72 11.74 11.69 11.7 
10.16 10.92 10.35 10.11 9.9 10.79 11.1 11.25 11.42 11.32 11.26 11.33 
9.85 10.68 10.2 10.16 9.52 10.57 10.84 11.14 11.51 11.53 11.45 11.51 
10.11 10.91 10.38 10.02 10.0 10.87 11.19 11.29 11.37 11.36 11.26 11.34 
9.8 10.8 10.33 10.2 9.71 10.88 11.14 11.25 11.54 11.6 11.52 11.55 
10.06 10.8 10.18 10.03 9.77 10.69 11.04 11.11 11.24 11.24 11.12 11.3 
9.81 10.61 10.08 10.26 9.77 10.59 11.01 11.11 11.38 11.38 11.3 11.29 
10.11 10.98 10.27 10.25 9.72 10.8 11.1 11.14 11.31 11.33 11.24 11.35 
9.8 10.76 10.23 10.19 9.67 10.8 11.15 11.32 11.52 11.56 11.51 11.55 
10.08 10.86 10.25 10.01 9.93 10.68 11.06 11.11 11.27 11.23 11.14 11.24 
9.78 10.58 10.14 10.17 9.68 10.58 10.88 11.1 11.45 11.44 11.37 11.44 
10.11 10.89 10.36 10.03 9.98 10.8 11.18 11.21 11.36 11.36 11.26 11.34 
9.79 10.78 10.25 10.26 9.69 10.68 11.08 11.26 11.55 11.57 11.52 11.55 
10.04 10.79 10.35 9.99 9.72 10.69 11.03 11.16 11.24 11.21 11.12 11.25 
9.78 10.48 9.88 10.09 9.83 10.42 10.65 10.93 11.17 11.21 11.22 11.3 
10.09 10.98 10.24 10.24 9.9 10.95 11.03 11.22 11.33 11.39 11.29 11.39 
9.77 10.84 10.03 10.23 9.86 10.84 10.97 11.35 11.54 11.63 11.55 11.57 
10.49 11.43 10.63 10.49 10.26 11.21 11.48 11.63 11.76 11.77 11.65 11.82 
9.32 10.2 9.53 9.42 9.21 10.11 10.21 10.65 10.91 10.98 10.91 10.97 
10.08 10.99 10.23 10.24 9.98 10.87 11.16 11.25 11.39 11.42 11.28 11.39 
10.23 11.33 10.67 10.56 10.33 11.32 11.52 11.86 12.04 12.15 12.05 12.08 
9.58 10.35 9.93 9.55 9.27 10.26 10.41 10.58 10.69 10.76 10.66 10.79 
9.75 10.7 9.97 10.11 9.9 10.61 10.8 11.14 11.37 11.41 11.33 11.3 
10.56 11.22 10.85 10.84 10.4 11.25 11.63 11.64 11.79 11.9 11.84 11.93 
9.36 10.33 9.61 9.78 9.27 10.07 10.55 10.75 11.02 11.12 11.03 11.04 
9.99 10.71 10.28 10.02 9.82 10.53 10.95 11.13 11.21 11.24 11.14 11.22 
10.16 11.12 10.69 10.38 10.03 10.85 11.3 11.62 11.97 12.02 11.93 11.98 
9.65 10.43 9.8 9.59 9.39 10.15 10.67 10.69 10.78 10.9 10.82 10.85 
8.7 10.39 10.32 10.1 9.9 10.77 11.27 11.45 11.62 11.78 11.7 11.71 
8.44 10.92 11.15 10.8 10.07 11.11 11.4 11.43 11.65 11.58 11.52 11.6 
8.55 10.69 11.11 10.76 9.83 10.91 11.27 11.55 11.58 11.58 11.56 11.57 
10.3 11.46 10.81 10.82 10.73 11.42 11.47 11.52 11.63 11.61 11.48 11.57 
10.49 11.54 10.91 10.78 10.36 11.46 11.83 12.08 12.28 12.26 12.16 12.17 
9.67 10.39 9.78 9.66 9.56 10.26 10.62 10.72 10.84 10.72 10.65 10.78 
9.84 10.65 10.14 10.11 9.75 10.62 10.94 11.18 11.5 11.51 11.42 11.49 
10.57 11.43 10.86 10.67 10.61 11.34 11.78 11.81 11.95 11.94 11.77 11.87 
9.54 10.4 9.85 9.68 9.4 10.41 10.62 10.87 11.06 11.07 11.01 10.99 
10.0 10.82 10.12 10.06 9.86 10.84 11.06 11.17 11.29 11.21 11.13 11.25 
9.93 10.85 10.2 10.34 9.87 10.72 10.99 11.34 11.51 11.49 11.42 11.43 
10.12 10.97 10.21 10.2 9.78 10.82 11.11 11.14 11.36 11.32 11.27 11.36 
9.91 10.91 10.27 10.22 9.83 10.8 11.14 11.42 11.6 11.62 11.52 11.53 
10.54 11.31 10.58 10.65 10.27 11.23 11.56 11.67 11.76 11.74 11.6 11.65 
9.8 10.6 10.01 10.04 9.6 10.61 10.8 11.12 11.43 11.43 11.34 11.41 
9.67 10.44 9.97 9.62 9.68 10.34 10.73 10.79 10.91 10.83 10.75 10.81 
10.38 11.46 10.8 10.59 10.35 11.36 11.66 11.92 12.1 12.07 12.0 12.02 
9.63 10.21 9.99 9.45 9.63 10.27 10.59 10.73 10.73 10.67 10.58 10.72 
9.73 10.42 10.13 10.06 9.67 10.42 10.65 10.95 11.12 11.19 11.2 11.32 
10.51 11.49 10.75 10.63 10.39 11.48 11.57 11.84 11.89 11.92 11.82 11.91 
9.45 10.38 9.6 9.78 9.36 10.39 10.58 10.94 11.07 11.13 11.03 11.03 
10.06 10.87 10.22 10.0 9.79 10.72 10.92 11.19 11.26 11.25 11.15 11.27 
10.26 11.08 10.44 10.6 10.27 11.08 11.41 11.72 11.97 11.98 11.94 11.99 
9.67 10.53 9.94 9.7 9.58 10.39 10.65 10.84 10.95 10.91 10.8 10.85 
9.98 10.86 10.1 10.1 9.87 10.86 11.08 11.39 11.51 11.58 11.57 11.56 
10.49 11.26 10.88 10.54 10.28 11.29 11.43 11.7 11.79 11.76 11.68 11.8 
9.51 10.36 9.67 9.61 9.54 10.26 10.45 10.81 10.98 10.98 10.88 10.89 
10.11 10.86 10.39 10.2 9.88 10.74 11.07 11.19 11.29 11.35 11.3 11.37 
9.9 10.92 10.1 10.06 9.72 10.72 11.16 11.38 11.57 11.62 11.55 11.53 
10.08 10.74 10.21 9.99 9.85 10.59 11.05 11.13 11.22 11.21 11.15 11.24 
9.73 10.62 10.07 9.69 9.64 10.4 10.88 11.12 11.39 11.44 11.38 11.44 
10.56 11.33 10.74 10.38 10.23 11.05 11.4 11.58 11.79 11.72 11.63 11.71 
8.51 9.73 9.81 9.3 9.18 10.04 10.29 10.64 10.82 10.87 10.77 10.82 
9.94 11.05 11.07 10.7 9.87 10.96 11.37 11.3 11.52 11.4 11.32 11.37 
8.75 10.52 11.05 10.56 9.7 10.49 11.03 11.26 11.24 11.09 10.97 10.78 
10.33 11.48 10.78 10.43 10.45 11.04 11.07 11.33 11.44 11.33 10.74 10.7 
10.1 11.23 10.08 9.65 9.35 10.45 10.77 11.07 11.27 11.11 10.65 10.74 
10.22 10.97 10.16 9.64 9.4 10.44 10.83 11.05 11.31 11.12 10.55 10.43 
10.44 11.36 10.56 10.07 9.84 10.86 11.19 11.6 11.82 11.67 11.17 11.15 
9.76 10.49 9.65 9.2 8.91 9.89 10.28 10.57 10.77 10.57 10.03 9.96 
10.48 11.64 10.5 9.97 9.72 10.85 11.17 11.5 11.7 11.53 11.07 11.14 
9.74 10.42 9.67 9.16 8.95 9.91 10.27 10.51 10.77 10.58 10.01 9.93 
10.0 10.93 9.87 9.45 9.32 10.25 10.65 11.02 11.2 11.04 10.5 10.62 
10.17 10.96 10.01 9.57 9.33 10.34 10.77 11.04 11.26 11.03 10.49 10.42 
10.02 11.1 9.99 9.45 9.28 10.3 10.64 10.97 11.16 11.0 10.53 10.6 
10.16 10.9 10.12 9.61 9.37 10.41 10.78 11.03 11.27 11.07 10.48 10.4 
9.93 10.84 9.99 9.47 9.35 10.3 10.6 11.04 11.24 11.1 10.6 10.6 
10.64 11.42 10.55 10.02 9.84 10.8 11.28 11.56 11.78 11.55 10.98 10.93 
9.58 10.61 9.52 9.0 8.81 9.82 10.13 10.48 10.65 10.51 10.04 10.13 
10.65 11.39 10.61 10.09 9.81 10.9 11.31 11.55 11.8 11.58 10.99 10.91 
9.74 10.6 9.68 8.92 8.58 9.65 9.87 10.26 10.42 10.26 9.99 10.12 
9.75 10.48 9.65 9.11 8.99 9.83 10.29 10.55 10.76 10.56 10.03 9.97 
10.01 11.12 9.98 9.45 9.24 10.31 10.66 11.0 11.17 11.02 10.55 10.63 
10.21 10.88 10.11 9.62 9.39 10.42 10.81 11.06 11.28 11.08 10.51 10.42 
9.95 10.83 10.04 9.51 9.4 10.31 10.66 11.05 11.25 11.13 10.63 10.61 
10.16 10.94 10.06 9.53 9.35 10.27 10.73 11.02 11.25 11.03 10.47 10.4 
10.45 11.63 10.49 9.91 9.7 10.79 11.15 11.49 11.68 11.5 11.03 11.12 
9.74 10.37 9.65 9.2 8.88 9.91 10.3 10.54 10.76 10.57 10.0 9.92 
10.05 10.93 9.89 9.46 9.38 10.27 10.68 11.01 11.2 11.04 10.52 10.64 
10.19 10.93 10.05 9.55 9.39 10.29 10.75 11.02 11.24 11.01 10.47 10.41 
10.01 11.12 9.92 9.33 9.17 10.28 10.59 10.92 11.14 10.98 10.52 10.59 
10.16 10.85 10.1 9.62 9.37 10.39 10.78 11.03 11.27 11.07 10.5 10.4 
10.37 11.33 10.51 9.98 9.88 10.86 11.15 11.56 11.77 11.62 11.14 11.11 
9.74 10.46 9.52 9.07 8.96 9.78 10.22 10.53 10.74 10.53 9.99 9.93 
9.51 10.93 9.91 9.31 9.17 10.25 10.57 11.05 11.25 11.13 10.58 10.58 
9.4 10.92 11.09 10.43 10.01 10.66 11.42 11.49 11.73 11.46 11.17 10.82 
8.94 10.63 10.3 9.75 9.42 10.07 10.77 11.04 10.89 10.65 10.41 9.8 
10.39 11.51 10.79 10.51 10.51 11.13 11.24 11.42 11.51 11.46 10.98 11.06 
10.2 11.23 10.29 9.91 9.54 10.56 10.9 11.15 11.36 11.24 10.84 10.9 
10.22 11.01 10.4 10.05 9.79 10.72 11.03 11.19 11.34 11.22 10.83 10.85 
10.06 10.98 10.29 9.84 9.59 10.54 10.78 11.1 11.29 11.18 10.8 10.79 
10.23 11.0 10.29 9.78 9.67 10.53 10.88 11.16 11.27 11.16 10.75 10.77 
10.04 11.08 10.23 9.76 9.38 10.43 10.76 11.01 11.22 11.12 10.73 10.8 
10.17 10.87 10.29 9.87 9.48 10.55 10.88 11.05 11.23 11.08 10.66 10.6 
9.98 10.9 9.89 9.54 9.52 10.31 10.77 11.02 11.21 11.09 10.63 10.76 
10.22 10.94 10.22 9.83 9.62 10.51 10.85 11.11 11.25 11.11 10.71 10.75 
10.08 11.09 10.18 9.66 9.45 10.39 10.76 10.99 11.23 11.09 10.71 10.76 
10.15 10.91 10.32 9.97 9.72 10.64 10.96 11.13 11.3 11.17 10.8 10.79 
10.03 10.9 10.2 9.8 9.55 10.47 10.7 11.02 11.23 11.11 10.7 10.71 
10.21 10.94 10.25 9.73 9.69 10.5 10.85 11.12 11.26 11.1 10.71 10.75 
10.0 11.05 10.2 9.67 9.4 10.4 10.76 10.97 11.23 11.11 10.72 10.8 
10.13 10.85 10.35 9.76 9.62 10.54 10.89 11.09 11.27 11.11 10.64 10.61 
9.74 10.63 9.72 8.9 8.69 9.81 10.09 10.36 10.47 10.33 10.07 10.15 
10.24 10.99 10.22 9.85 9.62 10.57 10.87 11.12 11.28 11.11 10.73 10.77 
10.05 11.1 10.18 9.64 9.46 10.4 10.75 10.98 11.24 11.09 10.7 10.79 
10.16 10.92 10.34 10.0 9.7 10.61 10.99 11.13 11.29 11.18 10.78 10.79 
10.05 10.92 10.21 9.81 9.52 10.49 10.72 11.04 11.24 11.14 10.73 10.71 
10.19 10.93 10.25 9.77 9.63 10.53 10.88 11.1 11.25 11.15 10.72 10.74 
10.05 11.06 10.18 9.67 9.42 10.4 10.74 10.96 11.21 11.11 10.75 10.8 
10.18 10.83 10.29 9.82 9.48 10.52 10.89 11.06 11.26 11.11 10.67 10.61 
9.98 10.86 9.91 9.56 9.46 10.32 10.73 11.03 11.2 11.11 10.63 10.78 
10.2 10.94 10.16 9.85 9.52 10.54 10.83 11.04 11.2 11.1 10.71 10.74 
10.05 11.07 10.17 9.67 9.4 10.39 10.72 11.02 11.21 11.09 10.68 10.76 
10.18 10.97 10.34 9.95 9.77 10.55 10.96 11.13 11.26 11.13 10.8 10.82 
10.03 10.87 10.24 9.83 9.52 10.47 10.72 11.08 11.24 11.12 10.71 10.75 
10.17 10.94 10.27 9.76 9.58 10.53 10.87 11.07 11.2 11.11 10.69 10.73 
9.71 10.76 9.92 9.42 9.22 10.35 10.71 11.07 11.27 11.19 10.76 10.83 
10.05 11.03 11.1 10.44 10.05 10.83 11.38 11.46 11.65 11.4 11.13 11.03 
9.19 10.63 10.48 9.89 9.35 10.13 10.74 11.0 10.85 10.64 10.38 9.97 
9.78 11.43 10.87 10.62 10.64 11.35 11.32 11.46 11.45 11.46 11.13 11.1 
9.68 10.81 10.32 10.08 9.75 10.79 11.15 11.28 11.36 11.27 11.04 11.0 
9.67 10.71 10.16 10.01 9.86 10.75 11.11 11.22 11.24 11.12 10.91 10.88 
9.64 10.73 10.15 9.87 9.49 10.62 10.86 11.16 11.25 11.11 10.92 10.92 
9.8 10.91 10.37 10.08 9.8 10.84 11.21 11.31 11.33 11.25 11.06 11.03 
9.64 10.87 10.38 10.15 9.76 10.81 11.18 11.3 11.4 11.3 11.08 11.03 
9.67 10.7 10.12 10.02 9.71 10.71 11.08 11.16 11.2 11.08 10.88 10.84 
9.63 10.64 10.01 9.83 9.46 10.58 10.89 10.86 10.83 10.65 10.48 10.3 
9.75 10.9 10.3 10.2 9.8 10.88 11.25 11.29 11.34 11.25 11.05 11.03 
9.67 10.88 10.32 10.16 9.73 10.79 11.14 11.29 11.38 11.29 11.08 11.02 
9.67 10.7 10.16 9.99 9.81 10.71 11.1 11.21 11.21 11.12 10.89 10.86 
9.61 10.75 10.21 9.78 9.44 10.57 10.87 11.1 11.2 11.08 10.92 10.92 
9.78 10.9 10.42 10.15 9.83 10.9 11.22 11.3 11.34 11.24 11.04 11.04 
9.64 10.88 10.34 10.07 9.77 10.77 11.18 11.28 11.4 11.29 11.08 11.02 
9.67 10.7 10.31 9.87 9.79 10.69 11.09 11.18 11.2 11.07 10.88 10.87 
9.66 10.34 9.84 9.21 9.29 10.24 10.59 10.6 10.54 10.22 9.87 9.53 
9.75 10.97 10.24 10.07 9.72 10.84 11.17 11.34 11.36 11.34 11.11 11.1 
9.68 10.94 10.2 9.95 9.69 10.81 11.05 11.34 11.39 11.38 11.13 11.07 
9.57 10.83 10.14 9.89 9.74 10.72 11.02 11.24 11.26 11.2 10.99 10.94 
9.67 10.73 9.91 9.76 9.48 10.56 10.72 11.08 11.22 11.14 10.97 10.95 
9.74 10.98 10.33 9.99 9.78 10.85 11.13 11.34 11.36 11.36 11.11 11.08 
9.65 10.91 10.28 9.94 9.66 10.79 11.05 11.33 11.38 11.36 11.12 11.1 
9.59 10.88 10.08 10.05 9.71 10.77 11.05 11.21 11.25 11.19 10.97 10.96 
9.59 10.66 9.75 9.45 9.53 10.41 10.71 10.86 10.86 10.73 10.53 10.3 
9.92 11.17 10.28 10.21 9.89 10.87 11.23 11.37 11.42 11.41 11.27 11.36 
9.82 10.97 10.37 10.15 9.74 10.66 11.11 11.33 11.44 11.37 11.27 11.31 
9.64 10.89 10.2 9.93 9.75 10.63 11.11 11.24 11.33 11.25 11.09 11.1 
9.74 10.84 10.27 9.78 9.7 10.45 10.91 11.11 11.3 11.24 11.14 11.15 
9.91 11.15 10.31 10.21 9.79 10.79 11.21 11.4 11.46 11.43 11.25 11.34 
8.73 10.6 10.08 9.97 9.95 10.83 11.19 11.46 11.61 11.55 11.42 11.42 
8.43 10.9 11.23 10.58 9.88 10.72 11.33 11.45 11.65 11.45 11.26 11.14 
8.32 10.66 10.77 10.37 9.68 10.39 11.13 11.44 11.18 10.91 10.65 10.23 
10.31 11.56 10.91 10.9 10.73 11.5 11.49 11.52 11.67 11.73 11.51 11.68 
9.92 11.0 10.52 10.15 9.8 10.94 11.28 11.52 11.73 11.75 11.69 11.78 
10.15 10.93 10.31 10.07 9.91 10.76 11.16 11.23 11.4 11.3 11.18 11.32 
9.85 10.84 10.22 10.05 9.58 10.69 10.9 11.25 11.52 11.54 11.43 11.59 
10.11 10.92 10.43 10.12 9.94 10.84 11.25 11.27 11.37 11.37 11.25 11.4 
9.81 10.85 10.35 10.17 9.66 10.74 11.15 11.29 11.53 11.58 11.52 11.6 
10.07 10.82 10.22 10.07 9.76 10.81 10.98 11.13 11.29 11.25 11.11 11.33 
9.8 10.73 10.14 10.09 10.02 10.66 10.99 11.16 11.41 11.43 11.32 11.38 
10.11 10.91 10.26 10.25 9.7 10.78 11.09 11.13 11.33 11.3 11.2 11.38 
9.78 10.82 10.34 10.18 9.83 10.76 11.12 11.38 11.54 11.59 11.54 11.62 
10.03 10.87 10.21 9.94 9.84 10.62 10.97 11.19 11.27 11.25 11.11 11.25 
9.79 10.73 10.15 9.98 9.48 10.59 10.83 11.15 11.42 11.48 11.39 11.54 
10.09 10.81 10.38 10.13 10.01 10.81 11.17 11.21 11.33 11.31 11.2 11.34 
9.8 10.85 10.36 10.19 9.7 10.78 11.13 11.29 11.51 11.54 11.49 11.6 
10.04 10.77 10.36 9.87 9.93 10.65 11.02 11.18 11.24 11.2 11.09 11.23 
9.75 10.52 10.09 10.04 9.68 10.49 10.59 10.91 11.25 11.21 11.19 11.34 
10.1 10.99 10.33 10.05 9.8 10.86 11.02 11.23 11.3 11.36 11.23 11.39 
9.76 10.72 10.31 10.08 9.72 10.87 11.01 11.35 11.56 11.62 11.55 11.66 
10.04 10.87 10.15 9.87 9.78 10.69 10.88 11.13 11.23 11.25 11.11 11.28 
9.76 10.66 10.25 9.96 9.57 10.6 10.78 11.16 11.43 11.48 11.38 11.54 
10.09 10.97 10.36 10.03 9.88 10.84 11.13 11.29 11.38 11.41 11.24 11.37 
9.8 10.79 10.29 10.02 9.67 10.78 11.05 11.29 11.52 11.61 11.51 11.63 
9.99 10.84 10.38 10.1 9.75 10.77 10.92 11.13 11.22 11.23 11.09 11.32 
9.73 10.71 10.2 10.08 9.69 10.6 10.88 11.13 11.39 11.36 11.31 11.37 
10.09 10.76 10.4 10.33 9.81 10.62 11.02 11.18 11.31 11.37 11.28 11.43 
9.71 10.74 10.28 10.24 9.68 10.64 10.95 11.31 11.5 11.61 11.54 11.61 
10.04 10.74 10.32 10.09 9.83 10.55 10.98 11.11 11.23 11.25 11.14 11.27 
9.71 10.62 10.4 9.76 9.47 10.36 10.7 11.13 11.41 11.47 11.39 11.51 
10.09 10.83 10.31 10.21 9.9 10.65 11.14 11.26 11.33 11.36 11.29 11.36 
8.66 10.3 10.43 10.14 9.81 10.82 11.12 11.43 11.63 11.79 11.64 11.72 
8.02 10.39 10.24 10.19 9.4 10.81 11.16 11.24 11.45 11.52 11.49 11.66 
8.12 10.52 10.26 10.62 9.78 10.91 10.98 11.35 11.72 11.63 11.63 11.74 
10.39 11.34 10.54 10.51 10.02 11.21 11.43 11.59 11.69 11.61 11.56 11.69 
10.11 11.18 10.58 10.38 9.97 11.07 11.37 11.67 11.81 11.79 11.73 11.8 
10.18 10.93 10.36 10.21 9.82 10.8 11.1 11.32 11.4 11.3 11.17 11.33 
9.81 10.76 10.21 10.11 9.54 10.6 10.94 11.22 11.5 11.57 11.41 11.61 
10.12 10.98 10.49 10.26 10.14 10.91 11.2 11.38 11.48 11.41 11.32 11.38 
9.94 11.0 10.36 10.07 9.8 10.87 11.18 11.43 11.58 11.63 11.55 11.6 
10.06 10.77 10.31 10.08 9.79 10.83 11.11 11.23 11.32 11.21 11.11 11.28 
9.97 10.88 10.26 10.24 9.93 10.75 11.1 11.34 11.5 11.48 11.44 11.5 
10.08 11.04 10.3 10.24 9.78 10.84 11.1 11.26 11.34 11.31 11.24 11.35 
9.97 10.97 10.34 10.12 9.75 10.84 11.15 11.47 11.57 11.59 11.53 11.58 
10.07 10.77 10.25 10.11 9.72 10.72 10.97 11.19 11.27 11.25 11.07 11.22 
9.75 10.74 10.17 10.08 9.53 10.64 10.79 11.16 11.43 11.43 11.36 11.51 
10.1 10.92 10.48 10.11 10.03 10.83 11.18 11.37 11.44 11.32 11.23 11.33 
9.97 10.98 10.24 10.03 9.73 10.87 11.07 11.41 11.55 11.59 11.5 11.55 
10.07 10.83 10.43 9.89 9.97 10.73 11.03 11.3 11.31 11.2 11.11 11.22 
9.67 10.63 10.17 9.99 9.58 10.52 10.59 10.88 11.19 11.23 11.19 11.34 
10.09 11.0 10.39 10.29 9.9 10.95 11.03 11.33 11.39 11.41 11.28 11.4 
9.92 10.87 10.31 10.26 9.63 10.89 11.09 11.46 11.62 11.63 11.54 11.62 
10.07 10.85 10.26 9.86 9.73 10.69 10.93 11.22 11.27 11.25 11.11 11.26 
9.74 10.59 10.2 10.02 9.65 10.58 10.73 11.18 11.41 11.44 11.37 11.54 
10.11 10.97 10.35 10.3 10.01 10.92 11.14 11.37 11.44 11.4 11.28 11.38 
9.93 10.87 10.38 10.07 9.83 10.93 11.02 11.42 11.56 11.58 11.51 11.56 
10.05 10.83 10.32 10.12 9.8 10.81 10.93 11.2 11.24 11.18 11.07 11.31 
9.92 10.78 10.3 10.13 9.89 10.82 10.99 11.34 11.47 11.48 11.41 11.5 
10.08 10.82 10.39 10.29 9.85 10.7 11.02 11.22 11.32 11.34 11.26 11.4 
9.89 10.83 10.39 10.17 9.72 10.73 11.11 11.45 11.54 11.61 11.54 11.59 
10.06 10.76 10.22 10.06 9.72 10.56 10.94 11.18 11.25 11.21 11.11 11.24 
9.7 10.6 10.4 9.68 9.39 10.25 10.71 11.15 11.39 11.43 11.33 11.49 
10.15 10.86 10.21 10.01 9.75 10.62 10.87 11.08 11.31 11.15 11.05 11.16 
9.11 10.4 10.45 9.95 9.77 10.68 10.87 11.45 11.58 11.64 11.55 11.65 
9.89 11.14 10.99 10.69 9.84 10.97 11.37 11.48 11.69 11.46 11.41 11.55 
8.86 10.53 10.89 10.79 9.62 10.82 11.0 11.37 11.46 11.47 11.44 11.45 
10.22 11.6 10.83 10.53 10.5 11.19 11.25 11.46 11.64 11.58 11.18 11.43 
9.9 10.96 10.32 9.96 9.65 10.58 11.03 11.33 11.55 11.49 11.18 11.38 
10.09 10.88 10.38 9.89 9.61 10.58 11.0 11.31 11.52 11.45 11.13 11.31 
9.73 10.53 10.23 9.8 9.71 10.31 10.7 11.26 11.43 11.43 11.11 11.32 
10.05 11.07 10.26 9.96 9.71 10.56 10.98 11.3 11.51 11.42 11.11 11.29 
9.89 11.01 10.33 9.88 9.52 10.47 10.97 11.23 11.5 11.41 11.1 11.31 
10.09 10.81 10.27 9.83 9.63 10.5 10.94 11.24 11.45 11.42 11.08 11.25 
9.89 10.88 9.99 9.85 9.57 10.42 10.93 11.22 11.46 11.46 11.14 11.34 
10.07 11.14 10.36 9.95 9.61 10.51 10.97 11.24 11.47 11.37 11.04 11.25 
9.81 10.85 10.26 9.8 9.54 10.45 10.93 11.23 11.46 11.4 11.07 11.3 
10.08 10.79 10.31 9.92 9.55 10.51 10.92 11.25 11.48 11.4 11.07 11.24 
9.78 10.53 10.25 9.79 9.72 10.33 10.68 11.23 11.4 11.38 11.09 11.3 
10.11 11.14 10.33 9.93 9.6 10.48 10.95 11.22 11.45 11.36 11.04 11.25 
9.84 10.97 10.32 9.85 9.53 10.44 10.94 11.21 11.49 11.38 11.09 11.3 
10.07 10.79 10.31 9.87 9.58 10.48 10.91 11.24 11.46 11.4 11.07 11.26 
9.78 10.55 9.81 9.27 8.94 10.06 10.37 10.67 10.96 10.66 10.34 10.41 
10.07 11.44 10.68 10.35 10.32 10.98 11.11 11.31 11.48 11.42 11.07 11.28 
9.83 10.96 10.3 9.83 9.5 10.4 10.89 11.18 11.46 11.36 11.07 11.26 
10.01 10.81 10.33 9.85 9.61 10.51 10.88 11.22 11.45 11.38 11.05 11.24 
9.78 10.5 10.26 9.74 9.69 10.33 10.7 11.22 11.41 11.39 11.08 11.3 
10.06 11.13 10.37 9.86 9.62 10.54 10.94 11.26 11.47 11.37 11.06 11.25 
9.86 10.95 10.29 9.76 9.55 10.42 10.9 11.22 11.46 11.38 11.06 11.29 
10.06 10.83 10.33 9.87 9.6 10.51 10.9 11.24 11.46 11.38 11.07 11.25 
9.83 10.81 10.07 9.91 9.73 10.48 10.94 11.27 11.47 11.44 11.17 11.34 
10.09 11.11 10.36 9.92 9.63 10.51 10.99 11.23 11.46 11.38 11.07 11.24 
9.82 10.88 10.2 9.9 9.58 10.42 10.89 11.2 11.47 11.39 11.07 11.27 
10.05 10.9 10.27 9.86 9.57 10.5 10.92 11.22 11.47 11.38 11.06 11.26 
9.78 10.51 10.23 9.77 9.71 10.33 10.69 11.21 11.44 11.38 11.08 11.29 
10.04 11.04 10.37 9.85 9.61 10.54 10.98 11.23 11.46 11.36 11.05 11.23 
9.85 10.97 10.33 9.86 9.58 10.44 10.92 11.21 11.48 11.38 11.09 11.29 
10.03 10.8 10.28 9.88 9.51 10.51 10.9 11.23 11.45 11.38 11.04 11.23 
9.77 10.56 9.88 9.28 9.08 10.04 10.37 10.72 10.95 10.64 10.32 10.41 
10.1 11.4 10.68 10.36 10.5 11.11 11.23 11.41 11.54 11.42 11.13 11.34 
9.78 10.93 10.26 9.83 9.7 10.61 11.05 11.33 11.49 11.32 11.13 11.32 
10.01 10.92 10.25 9.79 9.7 10.61 11.02 11.33 11.47 11.32 11.11 11.3 
9.75 10.67 10.12 9.85 9.74 10.42 10.81 11.34 11.48 11.36 11.15 11.35 
10.12 11.08 10.34 9.9 9.75 10.68 11.11 11.33 11.49 11.31 11.11 11.3 
9.82 10.96 10.28 9.81 9.69 10.59 11.05 11.33 11.49 11.31 11.12 11.32 
10.0 10.93 10.3 9.83 9.7 10.61 11.07 11.33 11.48 11.33 11.12 11.29 
9.91 10.96 10.09 9.76 9.76 10.54 11.05 11.33 11.48 11.43 11.22 11.37 
10.12 11.1 10.35 9.79 9.72 10.67 11.08 11.3 11.48 11.32 11.1 11.28 
9.81 10.93 10.28 9.83 9.71 10.6 11.05 11.31 11.5 11.31 11.11 11.32 
10.05 10.94 10.33 9.81 9.7 10.62 11.1 11.33 11.49 11.33 11.12 11.3 
9.71 10.66 10.11 9.85 9.7 10.39 10.8 11.32 11.47 11.33 11.11 11.34 
10.12 11.08 10.36 9.9 9.74 10.69 11.09 11.31 11.47 11.32 11.1 11.31 
9.8 10.93 10.24 9.77 9.7 10.62 11.03 11.3 11.52 11.33 11.13 11.32 
10.07 10.9 10.27 9.8 9.69 10.61 11.05 11.32 11.47 11.34 11.11 11.3 
9.74 10.53 9.86 9.22 9.1 9.9 10.38 10.74 10.97 10.59 10.4 10.48 
10.08 11.4 10.68 10.34 10.5 11.13 11.21 11.37 11.51 11.42 11.13 11.3 
9.79 10.91 10.26 9.82 9.73 10.61 11.02 11.29 11.5 11.32 11.09 11.32 
10.05 10.92 10.35 9.8 9.7 10.6 11.09 11.31 11.5 11.33 11.12 11.31 
9.76 10.67 10.15 9.84 9.71 10.42 10.84 11.32 11.49 11.34 11.12 11.36 
10.1 11.09 10.38 9.88 9.75 10.68 11.07 11.27 11.47 11.31 11.11 11.3 
9.79 10.91 10.28 9.81 9.72 10.62 11.05 11.29 11.51 11.29 11.09 11.32 
10.05 10.93 10.35 9.84 9.72 10.61 11.08 11.3 11.51 11.32 11.11 11.31 
9.93 10.95 10.11 9.73 9.69 10.6 11.1 11.36 11.5 11.45 11.23 11.4 
10.07 11.06 10.36 9.72 9.81 10.67 11.09 11.33 11.5 11.36 11.13 11.31 
9.79 10.88 10.23 9.67 9.64 10.56 10.97 11.29 11.46 11.3 11.1 11.32 
10.03 10.93 10.33 9.81 9.7 10.61 11.08 11.29 11.51 11.33 11.11 11.31 
9.76 10.66 10.12 9.79 9.7 10.46 10.86 11.32 11.5 11.32 11.13 11.36 
10.11 11.07 10.36 9.72 9.77 10.66 11.09 11.34 11.5 11.37 11.14 11.31 
8.74 10.69 10.22 9.67 9.59 10.57 11.02 11.48 11.66 11.52 11.25 11.48 
8.65 11.2 11.11 10.58 10.2 10.87 11.51 11.68 11.95 11.7 11.48 11.58 
8.29 10.91 10.75 10.04 9.6 10.33 11.0 11.28 11.32 10.9 10.72 10.66 
10.26 11.46 10.87 10.61 10.57 11.24 11.2 11.49 11.63 11.47 10.99 11.12 
9.98 10.93 10.1 9.76 9.63 10.66 11.06 11.4 11.7 11.53 10.92 10.87 
10.2 11.08 10.68 10.13 10.08 10.96 11.3 11.5 11.69 11.54 11.17 11.21 
9.98 10.77 10.5 10.1 9.95 10.77 11.07 11.51 11.74 11.6 11.09 10.93 
10.33 11.09 10.58 10.03 10.02 10.87 11.19 11.52 11.68 11.51 11.1 11.16 
10.07 10.95 10.31 9.85 9.71 10.71 11.11 11.42 11.72 11.56 11.05 11.03 
10.22 11.0 10.65 10.2 9.84 10.9 11.26 11.44 11.69 11.52 11.05 11.04 
10.0 10.83 10.15 9.86 9.98 10.65 11.11 11.5 11.72 11.56 10.99 11.06 
10.34 11.12 10.51 10.23 9.99 10.93 11.25 11.47 11.7 11.52 11.13 11.17 
10.55 11.5 10.71 10.36 10.18 11.24 11.68 12.04 12.35 12.16 11.55 11.49 
9.79 10.64 10.26 9.83 9.7 10.48 10.84 11.02 11.2 11.03 10.72 10.76 
10.0 10.83 10.53 10.16 9.94 10.79 11.11 11.54 11.76 11.62 11.1 10.95 
10.8 11.66 11.12 10.55 10.47 11.42 11.75 12.02 12.2 12.06 11.64 11.69 
9.61 10.5 9.84 9.37 9.3 10.25 10.61 10.94 11.21 11.07 10.56 10.56 
10.18 11.61 11.62 10.78 10.43 11.03 11.54 11.96 11.74 11.56 11.24 11.03 
9.48 11.34 10.66 10.7 10.4 10.66 11.32 11.45 11.29 11.5 10.75 10.25 
10.27 11.03 10.45 10.17 9.82 10.87 11.17 11.35 11.58 11.4 11.02 11.08 
10.51 11.45 10.62 10.27 10.09 11.2 11.59 12.0 12.26 12.09 11.47 11.41 
10.2 11.09 10.68 10.18 10.16 10.91 11.34 11.5 11.69 11.54 11.15 11.23 
9.48 10.34 10.03 9.67 9.48 10.27 10.58 11.0 11.19 11.06 10.58 10.41 
10.32 11.07 10.63 10.12 9.99 10.94 11.23 11.47 11.68 11.52 11.12 11.17 
10.02 10.96 10.3 9.79 9.71 10.7 11.08 11.46 11.73 11.58 11.07 11.03 
10.25 11.07 10.63 10.09 9.96 10.89 11.27 11.49 11.71 11.52 11.05 11.06 
10.44 11.33 10.6 10.48 10.36 11.14 11.63 11.98 12.27 12.09 11.51 11.58 
9.9 10.64 10.08 9.77 9.46 10.46 10.77 10.94 11.16 10.99 10.61 10.66 
10.1 11.03 10.21 9.84 9.67 10.75 11.14 11.53 11.78 11.61 11.01 10.95 
10.63 12.07 12.09 11.28 10.87 11.42 12.08 12.52 12.29 12.15 11.84 11.69 
9.4 10.85 10.13 10.25 10.02 10.29 10.91 11.05 11.15 11.13 10.53 10.33 
10.23 11.0 10.47 9.99 9.89 10.82 11.08 11.4 11.58 11.38 11.02 11.06 
10.02 10.89 10.23 9.69 9.56 10.63 11.03 11.4 11.66 11.5 10.97 10.96 
10.24 11.44 11.5 10.82 10.16 11.1 11.63 11.71 12.02 11.61 11.42 11.21 
7.97 9.87 9.87 9.34 8.53 9.45 9.98 10.18 9.95 9.66 9.48 8.96 
10.33 11.55 10.92 10.72 10.76 11.5 11.41 11.58 11.71 11.66 11.48 11.66 
10.06 11.16 10.46 10.28 9.86 10.92 11.2 11.41 11.47 11.39 11.25 11.45 
10.13 10.94 10.25 10.17 10.08 10.74 11.14 11.24 11.36 11.28 11.18 11.28 
9.86 10.85 10.17 9.89 9.64 10.63 10.81 11.09 11.3 11.18 11.05 11.3 
10.65 11.52 10.95 10.64 10.53 11.41 11.78 11.89 12.02 11.89 11.78 11.9 
9.89 10.97 10.35 10.05 9.78 10.73 11.08 11.22 11.34 11.25 11.18 11.36 
9.61 10.34 9.75 9.73 9.38 10.34 10.53 10.68 10.76 10.68 10.59 10.78 
9.94 10.92 10.14 10.21 9.89 10.71 10.99 11.2 11.32 11.2 11.09 11.32 
10.1 10.97 10.2 10.28 9.73 10.8 11.07 11.22 11.32 11.3 11.22 11.35 
10.38 11.5 10.83 10.57 10.23 11.3 11.63 11.79 11.87 11.77 11.66 11.88 
10.01 10.89 10.19 10.1 9.86 10.64 10.96 11.14 11.26 11.14 11.06 11.19 
9.32 10.27 9.65 9.59 9.04 10.07 10.28 10.55 10.74 10.62 10.49 10.73 
10.14 10.97 10.43 10.1 9.97 10.88 11.21 11.33 11.41 11.35 11.22 11.32 
9.95 10.92 10.22 10.2 9.77 10.77 11.12 11.28 11.36 11.28 11.21 11.37 
10.09 10.77 10.24 9.95 10.15 10.7 11.07 11.25 11.28 11.2 11.09 11.19 
9.69 10.62 10.04 9.87 9.68 10.29 10.57 10.73 10.99 10.88 10.84 11.14 
10.52 11.48 10.79 10.59 10.4 11.51 11.61 11.8 11.91 11.91 11.78 11.94 
9.49 10.32 9.8 9.61 9.23 10.41 10.49 10.71 10.85 10.8 10.66 10.85 
10.08 10.85 10.12 9.98 9.68 10.7 10.98 11.16 11.28 11.22 11.12 11.28 
9.78 10.69 10.24 9.91 9.52 10.58 10.71 10.99 11.19 11.1 11.03 11.28 
10.1 10.92 10.36 10.12 10.14 10.95 11.2 11.35 11.4 11.42 11.31 11.36 
9.96 10.86 10.44 9.97 9.74 10.9 11.0 11.22 11.31 11.26 11.22 11.4 
10.52 11.34 10.91 10.44 10.31 11.32 11.52 11.77 11.77 11.73 11.65 11.86 
9.92 10.84 10.2 9.96 9.81 10.78 10.85 11.07 11.25 11.15 11.11 11.3 
9.66 10.41 9.99 9.81 9.39 10.2 10.57 10.65 10.79 10.81 10.77 10.9 
9.87 10.84 10.23 10.09 9.71 10.69 10.95 11.27 11.28 11.28 11.19 11.27 
10.09 10.75 10.28 9.97 9.81 10.59 10.95 11.19 11.22 11.21 11.16 11.26 
9.71 10.64 10.31 9.98 9.53 10.31 10.59 11.02 11.04 11.07 10.97 11.21 
10.55 11.4 10.75 10.34 10.26 11.06 11.34 11.57 11.75 11.66 11.58 11.72 
8.92 10.23 10.49 9.72 9.55 10.59 10.7 11.22 11.28 11.31 11.18 11.46 
9.49 10.68 10.53 10.17 9.45 10.43 10.83 10.99 11.11 10.94 10.9 11.05 
8.74 10.64 11.02 10.58 9.7 10.66 11.0 11.3 11.27 11.24 11.18 11.24 
10.3 11.45 10.86 10.72 10.61 11.38 11.37 11.45 11.48 11.54 11.4 11.6 
10.16 10.99 10.32 10.31 9.97 11.0 11.23 11.47 11.61 11.66 11.59 11.68 
10.67 11.47 10.78 10.61 10.46 11.38 11.65 11.76 11.81 11.77 11.69 11.82 
9.64 10.45 9.7 9.59 9.12 10.34 10.46 10.73 10.93 10.96 10.89 11.02 
10.16 10.94 10.37 10.05 10.03 10.9 11.16 11.3 11.35 11.27 11.21 11.32 
10.05 10.94 10.27 10.15 9.79 10.95 11.19 11.37 11.5 11.53 11.51 11.57 
10.16 10.87 10.24 10.17 9.86 10.82 11.11 11.16 11.24 11.15 11.07 11.29 
10.06 10.94 10.15 10.17 10.09 10.76 11.06 11.34 11.42 11.45 11.4 11.5 
10.55 11.51 10.64 10.65 10.26 11.33 11.57 11.68 11.76 11.76 11.7 11.88 
10.09 10.99 10.38 10.15 9.9 10.84 11.12 11.38 11.51 11.56 11.49 11.56 
9.64 10.45 9.74 9.57 9.31 10.23 10.57 10.69 10.76 10.67 10.58 10.73 
10.02 10.89 10.1 10.12 9.55 10.69 10.96 11.22 11.43 11.38 11.33 11.48 
10.14 10.89 10.26 10.17 10.02 10.83 11.15 11.23 11.3 11.23 11.19 11.3 
10.07 10.98 10.31 10.12 9.76 10.86 11.1 11.35 11.47 11.52 11.5 11.57 
10.6 11.4 10.92 10.4 10.41 11.26 11.65 11.75 11.72 11.71 11.58 11.75 
9.69 10.51 9.85 10.09 9.61 10.4 10.67 10.85 11.17 11.22 11.21 11.35 
9.67 10.51 9.88 9.67 9.41 10.44 10.53 10.76 10.78 10.85 10.77 10.91 
10.03 10.9 10.39 10.26 9.83 10.95 11.15 11.38 11.58 11.62 11.52 11.63 
10.12 10.89 10.27 10.05 9.91 10.77 11.01 11.16 11.21 11.2 11.1 11.24 
10.03 10.79 10.33 9.96 9.64 10.75 10.93 11.24 11.4 11.41 11.38 11.49 
10.63 11.48 10.82 10.62 10.39 11.37 11.62 11.85 11.84 11.93 11.78 11.89 
10.05 10.93 10.32 10.12 9.81 10.87 11.09 11.35 11.47 11.57 11.54 11.59 
9.65 10.37 9.87 9.65 9.37 10.36 10.53 10.64 10.67 10.68 10.59 10.77 
10.07 10.81 10.27 10.17 9.74 10.78 11.0 11.29 11.4 11.44 11.4 11.48 
10.09 10.85 10.32 10.28 9.97 10.72 11.05 11.15 11.26 11.29 11.25 11.38 
10.01 10.87 10.36 9.93 9.73 10.76 11.05 11.37 11.48 11.56 11.5 11.55 
10.64 11.32 10.84 10.52 10.44 11.19 11.52 11.67 11.68 11.68 11.63 11.76 
10.02 10.77 10.27 9.92 9.76 10.49 10.81 11.22 11.31 11.4 11.36 11.48 
9.65 10.37 9.7 9.52 9.4 10.05 10.41 10.58 10.63 10.63 10.55 10.61 
9.67 10.45 10.39 9.89 9.75 10.7 10.86 11.29 11.46 11.54 11.47 11.59 
9.93 11.12 11.03 10.62 9.93 10.94 11.41 11.36 11.49 11.35 11.35 11.49 
9.05 10.56 10.83 10.6 9.62 10.54 10.86 11.27 11.3 11.38 11.36 11.41 
10.25 11.43 10.83 10.63 10.48 11.27 11.27 11.34 11.48 11.51 11.32 11.57 
10.56 11.47 10.93 10.98 10.95 11.8 12.0 12.15 12.22 12.19 12.06 12.22 
9.76 10.46 9.85 9.62 9.34 10.27 10.58 10.74 10.84 10.83 10.61 10.82 
10.03 10.89 10.17 10.3 10.22 11.15 11.35 11.44 11.58 11.59 11.43 11.59 
10.12 10.92 10.39 10.07 10.0 10.77 11.15 11.23 11.33 11.32 11.18 11.35 
10.03 10.95 10.42 10.35 10.34 11.18 11.35 11.48 11.61 11.62 11.47 11.62 
10.55 11.39 10.72 10.59 10.14 11.28 11.6 11.68 11.82 11.79 11.63 11.86 
10.01 10.92 10.26 10.42 10.4 11.1 11.4 11.47 11.59 11.58 11.41 11.54 
9.64 10.47 9.71 9.64 9.24 10.15 10.5 10.53 10.74 10.77 10.69 10.88 
10.04 10.91 10.29 10.36 10.31 11.21 11.38 11.51 11.6 11.61 11.49 11.61 
10.12 10.97 10.29 10.04 9.79 10.66 11.04 11.2 11.29 11.31 11.11 11.27 
10.02 10.88 10.16 10.25 10.24 11.13 11.3 11.41 11.57 11.58 11.42 11.56 
10.55 11.4 10.9 10.47 10.44 11.24 11.64 11.67 11.83 11.82 11.68 11.84 
10.03 10.98 10.35 10.29 10.34 11.17 11.34 11.49 11.56 11.58 11.46 11.57 
9.67 10.41 9.86 9.47 9.49 10.25 10.55 10.72 10.72 10.73 10.63 10.76 
9.6 10.46 9.88 10.08 9.79 10.47 10.84 11.04 11.36 11.54 11.3 11.46 
10.09 10.96 10.3 10.28 9.8 10.86 10.97 11.15 11.33 11.38 11.21 11.41 
10.04 10.89 10.41 10.41 10.39 11.27 11.36 11.54 11.62 11.67 11.52 11.66 
10.08 10.91 10.3 10.03 9.77 10.72 11.0 11.17 11.33 11.28 11.15 11.32 
10.44 11.2 10.88 10.81 10.84 11.65 11.82 11.94 12.11 12.13 11.98 12.09 
9.68 10.46 9.93 9.71 9.52 10.32 10.55 10.67 10.79 10.85 10.66 10.83 
10.03 10.88 10.4 10.35 10.3 11.24 11.34 11.49 11.6 11.62 11.51 11.62 
10.13 10.91 10.46 10.02 9.74 10.9 10.98 11.12 11.26 11.27 11.15 11.34 
10.04 10.82 10.29 10.35 10.37 11.18 11.34 11.46 11.58 11.58 11.43 11.54 
10.04 10.87 10.37 10.15 9.78 10.71 10.91 11.09 11.26 11.32 11.23 11.4 
10.46 11.39 10.82 10.69 10.84 11.67 11.94 12.06 12.16 12.15 12.05 12.16 
10.13 10.84 10.24 9.95 9.81 10.66 10.95 11.08 11.24 11.27 11.12 11.29 
9.54 10.35 9.9 9.7 9.84 10.58 10.77 10.9 11.02 11.09 10.95 11.03 
10.1 10.93 10.27 9.94 9.86 10.56 10.88 11.08 11.25 11.3 11.13 11.21 
9.55 10.61 10.57 10.15 10.41 11.23 11.37 11.57 11.67 11.69 11.54 11.62 
10.41 11.62 11.52 11.06 10.28 11.6 11.89 11.87 12.09 12.01 11.89 12.04 
9.05 10.54 10.57 10.65 9.48 10.64 11.03 11.3 11.57 11.67 11.43 11.56 
10.31 11.27 10.71 10.65 10.6 11.18 11.22 11.41 11.49 11.52 11.23 11.42 
9.6 10.5 9.88 9.91 10.01 10.7 10.94 11.17 11.21 11.2 11.0 11.1 
10.25 11.03 10.41 10.12 9.87 10.81 11.05 11.24 11.36 11.31 11.05 11.14 
9.93 10.87 10.21 10.27 10.23 11.12 11.23 11.5 11.57 11.59 11.35 11.48 
10.21 10.91 10.49 10.16 10.1 10.81 11.11 11.29 11.37 11.31 11.08 11.15 
10.43 11.48 10.87 10.74 10.84 11.67 11.87 12.13 12.19 12.14 11.92 12.03 
9.72 10.35 9.9 9.53 9.44 10.22 10.46 10.67 10.74 10.78 10.5 10.64 
9.91 10.94 10.19 10.36 10.44 11.07 11.3 11.65 11.66 11.61 11.36 11.44 
10.23 10.95 10.31 10.07 9.86 10.74 11.04 11.21 11.29 11.3 11.08 11.24 
9.98 10.9 10.27 10.28 10.43 11.16 11.38 11.62 11.65 11.62 11.45 11.55 
10.21 10.95 10.39 9.92 9.84 10.78 10.98 11.19 11.31 11.28 10.99 11.1 
10.39 11.34 10.65 10.77 10.73 11.63 11.77 11.97 12.08 12.09 11.88 11.98 
9.76 10.43 9.96 9.71 9.57 10.3 10.6 10.77 10.87 10.83 10.57 10.63 
9.98 11.0 10.34 10.33 10.42 11.12 11.33 11.58 11.64 11.64 11.4 11.47 
10.19 10.86 10.44 9.87 10.01 10.67 10.96 11.25 11.24 11.26 10.98 11.06 
9.66 10.56 9.62 9.73 9.34 10.35 10.81 11.0 11.37 11.52 11.13 11.15 
10.26 10.9 10.39 10.14 9.97 10.87 11.11 11.27 11.38 11.37 11.11 11.3 
10.47 11.34 10.94 10.89 10.84 11.73 11.88 12.17 12.23 12.21 12.0 12.1 
10.24 10.91 10.4 10.08 9.92 10.74 11.03 11.17 11.28 11.28 11.04 11.14 
9.48 10.24 9.93 9.76 9.85 10.65 10.71 10.93 11.06 11.08 10.88 10.99 
10.21 10.99 10.36 10.04 10.08 10.92 11.1 11.28 11.42 11.35 11.07 11.19 
9.96 10.81 10.53 10.37 10.35 11.12 11.28 11.55 11.68 11.66 11.42 11.48 
10.2 10.84 10.5 10.08 9.86 10.81 10.94 11.2 11.27 11.3 11.06 11.2 
10.36 11.38 10.67 10.8 10.88 11.64 11.81 12.13 12.19 12.17 11.88 11.95 
9.88 10.74 10.21 9.91 9.71 10.53 10.92 10.99 11.19 11.33 11.1 11.22 
8.08 9.95 10.05 9.83 10.06 10.8 11.05 11.1 11.26 11.27 11.12 11.16 
8.12 10.46 10.44 9.76 9.8 10.68 11.08 11.35 11.52 11.62 11.3 11.28 
8.34 10.71 10.92 10.52 10.8 11.53 11.73 11.85 12.03 12.07 11.87 11.93 
8.16 10.61 10.17 9.98 9.68 10.66 11.1 11.43 11.72 11.73 11.45 11.35 
8.88 11.09 11.32 11.2 11.4 12.21 12.27 12.53 12.72 12.63 12.39 12.37 
7.74 10.01 9.64 9.42 8.94 10.01 10.38 10.94 11.26 11.17 10.82 10.57 
8.25 10.2 10.7 9.72 9.27 10.84 11.09 11.46 11.78 11.74 11.43 11.54 
1.67 2.33 2.25 2.24 2.25 2.59 2.69 2.67 2.6 2.41 2.21 2.08 
