maxTimeSong 268.76
 ---beats--- 
12.74 13.07 13.41 13.75 14.09 14.44 14.79 15.13 15.49 15.83 16.17 16.5 16.84 17.18 17.53 17.87 18.22 18.55 18.91 19.24 19.58 19.91 20.24 20.59 20.92 21.26 21.59 21.92 22.25 22.59 22.92 23.26 23.61 23.94 24.26 24.59 24.92 25.25 25.61 25.97 26.3 26.63 26.96 27.27 27.62 27.94 28.29 28.62 28.94 29.29 29.65 29.98 30.32 30.68 30.99 31.34 31.68 32.0 32.33 32.63 32.97 33.32 33.67 34.01 34.36 34.69 35.03 35.37 35.72 36.03 36.39 36.74 37.06 37.39 37.73 38.06 38.4 38.73 39.07 39.4 39.75 40.09 40.43 40.77 41.12 41.48 41.77 42.13 42.46 42.78 43.11 43.44 43.78 44.11 44.46 44.81 45.15 45.51 45.81 46.14 46.47 46.81 47.12 47.45 47.76 48.14 48.46 48.78 49.12 49.43 49.74 50.07 50.41 50.77 51.08 51.4 51.73 52.06 52.4 52.71 53.04 53.36 53.68 54.01 54.32 54.67 54.99 55.31 55.63 55.97 56.32 56.64 56.97 57.31 57.61 57.94 58.27 58.6 58.92 59.25 59.58 59.91 60.22 60.55 60.88 61.21 61.52 61.85 62.18 62.51 62.83 63.16 63.45 63.79 64.11 64.45 64.77 65.07 65.38 65.72 66.04 66.37 66.7 67.03 67.34 67.73 68.03 68.36 68.7 69.03 69.37 69.67 70.01 70.33 70.67 71.0 71.35 71.69 72.0 72.33 72.66 72.98 73.33 73.64 73.98 74.31 74.65 74.98 75.3 75.63 75.98 76.31 76.66 77.03 77.33 77.66 78.0 78.3 78.64 78.96 79.31 79.62 79.97 80.31 80.63 80.95 81.3 81.64 81.96 82.29 82.62 82.94 83.27 83.59 83.94 84.27 84.6 84.93 85.25 85.58 85.91 86.24 86.57 86.93 87.24 87.56 87.89 88.21 88.55 88.87 89.18 89.5 89.82 90.15 90.47 90.82 91.14 91.47 91.8 92.14 92.44 92.76 93.09 93.43 93.76 94.08 94.41 94.75 95.07 95.39 95.71 96.05 96.37 96.68 96.97 97.28 97.59 97.93 98.22 98.54 98.85 99.16 99.55 99.86 100.18 100.51 100.85 101.17 101.51 101.81 102.17 102.49 102.8 103.12 103.44 103.8 104.13 104.42 104.8 105.13 105.43 105.81 106.11 106.42 106.72 107.04 107.37 107.68 108.0 108.32 108.71 109.04 109.36 109.64 110.03 110.33 110.68 111.04 111.4 111.76 112.12 112.49 112.81 113.13 113.45 113.79 114.1 114.44 114.77 115.09 115.41 115.72 116.05 116.38 116.68 117.02 117.33 117.64 117.96 118.26 118.61 118.93 119.25 119.59 119.89 120.2 120.52 120.83 121.18 121.5 121.82 122.14 122.47 122.84 123.22 123.52 123.84 124.16 124.5 124.85 125.25 125.58 125.88 126.2 126.54 126.84 127.16 127.46 127.75 128.07 128.44 128.81 129.12 129.4 129.73 130.06 130.46 130.77 131.09 131.37 131.71 132.03 132.34 132.69 133.04 133.41 133.73 134.05 134.38 134.72 135.05 135.39 135.72 136.1 136.42 136.72 137.07 137.36 137.66 137.97 138.29 138.59 138.94 139.27 139.61 139.96 140.3 140.62 140.95 141.29 141.62 141.95 142.27 142.6 142.93 143.27 143.6 143.92 144.26 144.6 144.93 145.25 145.58 145.93 146.26 146.59 146.92 147.26 147.63 147.92 148.25 148.59 148.91 149.24 149.57 149.89 150.22 150.54 150.85 151.2 151.52 151.85 152.15 152.54 152.88 153.2 153.52 153.85 154.18 154.52 154.85 155.18 155.51 155.84 156.17 156.49 156.85 157.16 157.5 157.84 158.16 158.51 158.82 159.15 159.47 159.81 160.14 160.45 160.77 161.1 161.45 161.79 162.13 162.44 162.76 163.09 163.41 163.74 164.07 164.38 164.71 165.04 165.4 165.72 166.04 166.36 166.7 167.01 167.34 167.65 167.98 168.3 168.63 168.96 169.29 169.62 169.94 170.26 170.58 170.91 171.22 171.55 171.86 172.18 172.53 172.88 173.21 173.55 173.88 174.21 174.53 174.84 175.18 175.53 175.88 176.2 176.52 176.87 177.2 177.5 177.83 178.17 178.51 178.84 179.17 179.5 179.85 180.14 180.48 180.8 181.13 181.46 181.8 182.11 182.43 182.73 183.09 183.45 183.81 184.13 184.45 184.78 185.1 185.4 185.74 186.02 186.4 186.71 187.05 187.38 187.7 188.02 188.36 188.65 189.0 189.32 189.66 189.96 190.32 190.64 190.97 191.29 191.61 191.92 192.27 192.58 192.89 193.19 193.5 193.83 194.16 194.49 194.82 195.17 195.53 195.89 196.3 196.71 197.03 197.35 197.66 197.96 198.26 198.57 198.89 199.18 199.55 199.84 200.18 200.5 200.81 201.16 201.46 201.77 202.08 202.41 202.71 203.07 203.44 203.8 204.17 204.48 204.8 205.1 205.41 205.71 206.03 206.34 206.65 206.96 207.28 207.58 207.87 208.19 208.5 208.81 209.13 209.45 209.76 210.09 210.42 210.75 211.08 211.42 211.76 212.11 212.47 212.84 213.14 213.45 213.76 214.12 214.42 214.75 215.09 215.43 215.75 216.09 216.43 216.77 217.12 217.46 217.77 218.06 218.48 218.77 219.12 219.47 219.8 220.12 220.46 220.8 221.2 221.52 221.84 222.16 222.49 222.83 223.18 223.51 223.84 224.15 224.52 224.85 225.17 225.51 225.84 226.17 226.5 226.83 227.17 227.5 227.85 228.18 228.52 228.85 229.19 229.53 229.85 230.18 230.52 230.86 231.19 231.53 231.87 232.2 232.53 232.86 233.2 233.53 233.87 234.21 234.54 234.89 235.21 235.54 235.87 236.21 236.54 236.88 237.21 237.61 238.02 238.35 238.68 239.02 239.35 239.68 240.01 240.34 240.68 241.02 241.36 241.7 242.01 242.39 242.82 243.16 243.5 243.83 244.16 244.49 244.78 245.09 245.44 245.8 246.17 246.5 246.83 247.16 247.48 247.8 248.13 248.48 248.82 249.14 249.47 249.8 250.16 250.48 250.81 251.13 251.46 251.77 252.09 252.42 252.75 253.07 253.39 253.71 254.05 254.36 254.67 255.01 255.34 255.67 256.0 256.3 256.63 256.97 257.31 257.63 257.95 258.26 258.59 258.93 259.29 259.59 259.91 260.24 260.57 260.88 261.2 261.52 261.86 262.16 262.5 262.82 263.16 263.5 263.84 264.25 264.56 264.88 265.2 265.5 265.83 266.14 266.48 266.82 267.15 267.49 267.82 268.16 268.47 
 ---spectro--- 
776 12
8.23 10.87 9.41 8.86 8.22 8.76 8.51 9.63 10.06 9.32 7.73 8.25 
10.75 12.12 9.93 9.47 9.13 9.59 9.75 10.15 10.94 10.82 10.68 11.09 
8.12 10.56 8.88 8.44 8.21 8.41 8.44 9.03 9.78 9.49 9.37 9.96 
9.29 11.24 10.07 9.59 9.27 10.07 10.76 10.88 11.21 11.25 11.12 11.35 
9.73 11.28 9.42 8.98 8.27 9.01 9.06 9.78 10.52 10.39 10.37 10.91 
8.08 10.24 8.53 8.41 7.52 8.21 8.09 8.92 9.45 9.41 9.57 10.18 
7.99 10.61 9.07 8.73 7.97 8.67 8.53 9.49 9.96 9.89 10.03 10.63 
8.27 10.85 10.16 9.72 9.42 10.1 10.93 11.04 11.14 11.16 11.09 11.39 
8.22 10.88 9.41 8.98 8.47 8.88 9.03 9.44 10.03 9.96 10.2 10.87 
10.94 12.08 10.27 9.53 9.15 9.57 9.84 10.32 11.03 11.17 11.14 11.7 
8.2 10.67 9.25 8.76 8.15 8.69 8.64 9.15 9.68 9.84 9.85 10.48 
9.09 10.75 9.68 8.91 8.84 9.41 10.06 10.38 10.65 10.61 10.54 10.79 
9.22 10.67 9.0 8.49 7.88 8.41 8.47 9.32 9.89 9.77 9.69 10.15 
8.23 10.59 8.95 8.61 7.86 8.42 8.38 9.37 10.07 9.83 9.94 10.67 
8.01 10.57 9.04 8.68 7.78 8.51 8.37 9.35 10.13 9.81 9.94 10.59 
8.32 10.91 10.05 9.64 9.36 10.1 10.94 11.04 11.29 11.24 11.14 11.46 
8.23 10.88 9.12 8.92 8.2 8.9 8.62 9.27 10.11 10.05 9.97 10.72 
10.28 11.59 9.58 9.14 8.62 9.27 9.34 9.78 10.54 10.59 10.49 10.93 
8.31 10.86 9.13 8.76 8.33 8.7 8.69 9.08 9.89 9.96 10.0 10.63 
9.91 11.9 10.6 10.0 9.79 10.58 11.33 11.48 11.77 11.82 11.73 11.99 
9.43 11.05 9.34 8.82 8.11 8.82 8.83 9.49 10.25 10.25 10.1 10.64 
7.86 9.96 8.37 8.05 7.31 7.88 7.78 8.73 9.35 9.2 9.34 9.94 
8.6 11.33 9.67 9.28 8.37 9.2 9.05 10.05 10.66 10.68 10.88 11.52 
7.77 10.22 9.54 9.06 9.03 9.48 10.21 10.32 10.43 10.45 10.35 10.68 
8.13 10.85 9.45 8.76 8.24 8.71 8.62 9.54 9.94 9.96 10.14 10.81 
10.37 11.43 9.81 8.97 8.51 9.09 9.35 9.91 10.51 10.61 10.75 11.25 
8.25 10.62 9.05 8.6 7.94 8.46 8.4 9.51 9.96 9.86 10.03 10.67 
9.31 11.08 10.08 9.56 9.31 9.94 10.77 10.94 11.26 11.18 11.09 11.32 
9.47 10.98 9.18 8.72 7.98 8.77 8.83 9.62 10.4 10.15 10.23 10.76 
8.31 10.54 9.12 8.88 8.04 8.8 8.99 9.76 10.75 11.17 11.54 12.21 
8.08 10.73 8.94 8.67 7.94 8.65 8.49 9.35 10.22 10.28 10.18 10.89 
8.11 10.77 9.09 9.1 8.32 9.11 9.11 9.74 10.76 11.14 11.54 12.24 
8.52 10.96 9.28 8.97 8.52 9.09 8.9 9.49 10.33 10.12 10.08 10.78 
10.66 11.91 10.35 10.35 9.83 10.63 11.13 11.61 12.01 11.65 11.4 12.03 
10.04 11.25 10.09 10.29 9.65 10.4 10.94 11.27 11.46 11.05 11.03 11.74 
10.77 12.21 11.35 11.49 11.44 11.54 11.83 12.11 12.38 12.47 12.65 12.9 
9.3 10.26 9.05 8.96 8.43 9.19 9.62 9.67 10.0 9.89 10.28 10.96 
9.1 10.63 9.23 9.01 8.71 9.73 10.31 10.34 10.69 10.44 10.92 11.66 
8.8 11.38 10.66 9.3 9.88 10.23 10.8 11.43 11.64 11.07 10.94 11.69 
8.75 11.5 11.03 10.55 10.94 10.77 11.44 11.55 11.72 11.67 11.93 12.27 
8.29 11.28 10.78 9.27 10.48 10.2 10.88 11.37 11.73 11.32 11.18 11.94 
11.03 11.99 11.05 9.76 10.47 10.59 11.17 11.63 12.05 11.71 11.88 12.46 
9.39 10.33 9.67 8.33 9.06 9.14 9.61 9.79 10.15 9.94 10.13 10.77 
10.07 11.29 10.64 10.23 10.54 10.42 10.86 10.96 11.3 11.46 11.61 11.89 
9.82 10.82 10.18 8.7 9.0 9.51 9.99 10.26 10.66 10.51 10.79 11.42 
9.49 10.59 10.02 8.39 8.42 9.28 9.84 10.14 10.6 10.26 10.74 11.52 
9.03 10.79 9.6 8.54 8.47 9.46 9.74 10.07 10.57 10.36 10.81 11.54 
10.3 11.2 10.36 10.74 10.27 10.61 11.11 11.33 11.65 11.57 11.6 11.83 
9.95 10.54 9.75 9.9 10.02 9.8 10.39 10.92 11.06 10.96 10.87 11.46 
10.4 11.39 9.99 9.96 10.02 10.26 10.78 11.26 11.57 11.61 11.49 11.92 
9.56 10.52 9.35 9.44 8.91 9.64 10.14 10.61 10.99 10.58 10.35 11.0 
10.05 11.58 10.41 10.4 10.5 10.88 11.1 11.18 11.61 11.6 11.72 12.08 
9.5 10.56 9.12 8.79 8.52 9.5 9.79 9.86 10.21 10.0 10.36 11.06 
8.7 10.47 9.09 8.72 8.55 9.42 10.05 10.05 10.45 10.31 10.73 11.43 
8.8 11.22 10.42 8.89 9.77 10.14 10.61 11.3 11.56 11.03 10.88 11.61 
8.91 11.46 10.99 10.31 10.87 10.57 10.99 11.34 11.57 11.59 11.75 12.11 
8.43 11.09 10.59 9.34 10.39 10.1 10.58 11.2 11.53 11.21 11.09 11.8 
10.62 11.38 10.58 9.27 9.85 10.03 10.72 11.1 11.54 11.38 11.49 12.06 
9.65 10.65 10.02 8.69 9.45 9.57 9.92 10.28 10.63 10.42 10.52 11.23 
10.83 12.07 11.46 10.74 11.21 11.12 11.51 11.89 12.29 12.37 12.5 12.7 
9.57 10.48 9.84 8.44 8.78 9.08 9.53 9.89 10.29 10.22 10.6 11.17 
8.72 10.35 9.63 8.07 8.31 8.94 9.59 9.95 10.4 10.15 10.48 11.16 
8.41 10.82 9.84 8.51 8.5 9.59 10.2 10.5 10.9 10.55 10.92 11.62 
10.12 11.23 10.33 10.78 10.52 10.7 11.17 11.38 11.61 11.64 11.68 11.97 
9.65 10.55 9.76 9.84 10.16 9.83 10.44 11.11 11.41 11.46 11.2 11.87 
10.47 11.69 10.03 10.04 9.95 10.35 11.29 11.47 11.95 11.47 11.68 12.35 
9.51 10.79 9.53 9.63 9.01 9.83 10.34 10.78 11.15 10.86 10.79 11.38 
10.13 11.71 10.82 10.55 10.32 10.87 11.46 11.6 11.99 11.86 12.01 12.36 
9.39 10.61 9.31 9.33 8.72 9.54 10.14 10.28 10.71 10.5 10.78 11.4 
8.8 10.7 9.39 9.01 8.74 9.62 10.37 10.69 11.18 10.85 11.15 11.82 
8.61 11.35 10.5 9.26 9.89 10.16 10.87 11.49 11.83 11.16 11.2 11.9 
8.72 11.56 10.9 10.29 10.95 10.7 11.33 11.56 12.0 11.76 11.94 12.31 
8.58 11.06 10.59 9.09 10.28 10.03 10.51 11.03 11.38 11.27 11.32 12.03 
10.67 11.58 10.53 9.01 9.82 10.13 10.85 11.47 12.01 11.54 11.51 12.04 
10.31 11.31 10.58 8.9 9.74 10.26 10.74 11.18 11.65 11.22 11.35 12.01 
9.72 10.87 10.2 9.34 9.58 10.14 10.59 10.91 11.32 11.26 11.29 11.53 
10.04 11.15 10.28 8.81 8.96 9.6 10.19 10.65 11.15 11.08 11.28 11.89 
8.58 10.25 9.55 8.28 8.37 9.41 10.06 10.64 11.16 10.48 10.63 11.29 
8.02 10.29 9.5 8.47 8.39 9.6 10.33 10.8 11.27 10.68 10.8 11.49 
10.15 11.45 10.59 10.81 10.27 10.89 11.38 11.7 12.15 11.92 11.97 12.23 
9.8 10.54 9.67 9.67 10.05 9.94 10.49 11.14 11.41 11.54 11.36 11.98 
10.73 11.82 10.31 10.39 10.54 10.87 11.78 12.23 12.73 12.17 12.08 12.57 
9.25 10.36 9.2 9.26 8.72 9.68 10.27 10.76 11.27 10.8 10.46 10.91 
10.22 11.69 10.68 10.78 10.33 11.05 11.53 11.97 12.46 12.11 12.18 12.5 
9.39 10.53 9.31 9.4 8.88 9.67 10.3 10.58 11.02 10.76 10.89 11.33 
8.72 10.59 9.55 9.19 8.95 10.08 10.75 11.31 11.9 11.35 11.43 11.96 
8.66 11.21 10.67 9.34 9.85 10.32 10.97 11.67 12.12 11.54 11.5 12.04 
8.62 11.34 10.99 10.28 10.56 10.98 11.4 11.78 12.25 12.11 12.2 12.51 
8.44 11.12 10.67 9.49 10.16 10.06 10.56 11.18 11.64 11.66 11.65 12.17 
10.56 11.61 10.72 9.37 10.0 10.47 11.19 11.87 12.41 12.04 12.07 12.51 
9.43 10.75 10.18 8.92 9.39 10.0 10.7 11.21 11.77 11.2 11.16 11.65 
10.37 11.93 11.21 10.46 10.69 11.02 11.58 11.94 12.54 12.3 12.37 12.6 
9.48 10.74 9.96 8.77 8.95 9.46 10.16 10.57 11.21 11.08 11.14 11.5 
8.8 10.83 10.13 8.91 9.0 9.96 10.64 11.32 11.91 11.72 11.96 12.45 
8.62 11.17 10.95 9.83 9.57 10.5 11.33 11.68 12.26 12.0 12.26 12.77 
9.96 11.62 10.91 10.53 10.77 11.58 11.42 11.82 12.4 12.51 12.03 11.73 
9.88 11.48 10.45 9.94 10.3 11.37 10.79 11.47 12.07 12.02 11.44 11.25 
9.69 11.21 10.48 9.81 10.1 11.14 11.24 11.7 12.29 12.47 12.04 11.96 
9.98 11.47 10.76 10.02 10.01 10.52 11.11 11.75 12.19 12.26 11.83 12.07 
9.84 11.42 10.62 10.12 10.23 10.6 11.16 11.64 12.2 12.22 11.89 12.1 
9.42 11.22 10.13 9.74 9.84 10.16 10.73 11.23 11.76 11.93 11.76 12.09 
9.57 11.2 10.15 9.7 9.75 10.35 10.85 11.55 12.0 12.3 11.94 12.24 
9.93 11.36 10.23 9.72 9.7 10.19 10.82 11.39 11.89 11.85 11.71 12.09 
9.94 11.32 10.62 10.5 10.63 10.8 11.24 11.83 12.22 12.17 11.54 11.29 
9.72 11.37 10.13 9.89 9.91 10.5 11.05 11.74 12.1 11.94 11.59 12.15 
9.7 11.37 10.23 9.5 9.75 10.25 10.93 11.57 12.18 12.51 12.07 11.99 
9.84 11.09 10.24 9.73 9.5 10.27 10.76 11.41 12.02 12.24 11.83 12.07 
9.72 11.21 10.58 10.22 10.4 10.68 11.21 11.61 12.12 12.2 11.92 12.16 
9.69 11.08 10.12 9.84 9.64 10.19 10.73 11.14 11.78 12.08 11.87 12.13 
9.53 10.97 10.38 9.76 9.65 10.2 10.9 11.5 12.02 12.21 11.96 12.38 
9.87 11.4 10.46 9.59 9.57 10.24 10.77 11.46 11.94 11.92 11.77 12.27 
9.93 11.5 10.62 10.41 10.5 10.85 11.41 11.77 12.21 12.15 11.52 11.24 
9.78 11.41 10.2 9.84 10.05 10.46 11.02 11.76 12.12 12.08 11.78 12.17 
9.74 11.25 10.22 9.28 9.54 10.11 10.73 11.41 12.08 12.54 12.06 12.05 
9.9 11.3 10.37 9.61 9.58 10.07 10.66 11.36 11.89 12.18 11.78 11.96 
9.72 11.4 10.58 9.99 10.27 10.64 11.12 11.49 12.06 12.12 11.88 12.15 
9.71 11.18 9.85 9.61 9.52 10.14 10.68 11.15 11.7 12.0 11.88 12.18 
9.55 11.08 10.36 9.7 9.5 10.22 10.87 11.66 12.1 12.18 11.9 12.24 
9.82 11.28 10.57 9.7 9.77 10.38 10.86 11.52 12.02 12.09 11.89 12.21 
9.87 11.49 10.53 10.16 10.54 10.87 11.25 11.7 12.11 12.1 11.78 12.04 
9.74 11.37 10.15 9.86 9.9 10.61 11.04 11.72 12.07 12.09 11.88 12.27 
9.69 11.27 10.36 9.63 9.63 10.28 10.89 11.67 12.17 12.2 11.89 12.28 
9.9 11.43 10.27 9.59 9.72 10.11 10.66 11.39 11.88 11.9 11.74 12.19 
9.7 11.23 10.72 10.18 10.27 10.77 11.18 11.65 12.14 12.19 11.91 12.09 
9.65 11.34 10.26 9.57 9.69 10.24 10.71 11.23 11.81 12.08 11.94 12.29 
9.26 11.12 10.77 10.49 10.29 10.88 11.26 11.77 12.2 12.36 12.08 12.22 
9.64 11.59 10.86 10.57 10.9 11.19 11.42 11.73 12.18 12.26 12.0 11.7 
9.81 11.44 10.61 10.03 10.35 10.63 11.05 11.52 12.08 12.39 12.02 11.74 
9.7 11.57 9.99 9.51 9.71 10.1 10.51 11.27 11.92 12.1 11.59 11.44 
9.97 11.74 10.47 9.72 9.81 10.45 11.09 11.83 12.52 12.82 12.43 12.44 
9.53 10.76 9.98 9.55 9.44 9.92 10.46 11.09 11.68 11.76 11.5 11.63 
9.71 11.28 10.67 10.1 10.49 10.73 11.1 11.62 12.15 12.17 11.86 12.01 
9.62 11.16 10.08 9.79 9.41 10.14 10.62 11.15 11.75 12.08 11.85 12.13 
9.61 11.15 10.41 9.86 9.78 10.35 10.82 11.58 12.11 12.32 12.05 12.43 
9.93 11.2 10.28 9.69 9.59 10.3 10.73 11.43 11.96 11.88 11.7 12.17 
9.87 11.57 10.55 10.05 10.42 11.0 11.24 11.8 12.18 12.23 11.95 12.2 
9.7 11.4 10.27 9.86 9.88 10.57 10.93 11.8 12.11 12.17 11.9 12.24 
9.66 11.29 10.08 9.55 9.62 10.18 10.8 11.45 11.94 12.01 11.61 12.04 
9.88 11.47 10.39 9.45 9.45 10.14 10.64 11.31 11.85 11.84 11.61 12.0 
9.84 11.38 10.52 10.2 10.4 10.74 11.15 11.61 12.06 12.18 11.96 12.25 
9.56 11.15 9.92 9.8 9.75 10.25 10.68 11.2 11.74 12.07 11.95 12.35 
9.46 11.09 10.21 9.7 9.55 10.24 10.86 11.49 12.01 12.24 11.97 12.32 
9.8 11.26 10.38 9.77 9.6 10.17 10.79 11.46 12.0 11.9 11.74 12.24 
9.88 11.46 10.63 10.2 10.33 10.82 11.23 11.74 12.14 12.18 11.86 12.11 
9.71 11.25 10.24 9.98 10.15 10.5 11.06 11.76 12.15 12.18 11.95 12.31 
9.67 11.34 10.49 9.7 9.79 10.36 10.89 11.55 12.18 12.53 12.2 12.56 
9.86 11.23 10.1 9.42 9.64 10.02 10.69 11.24 11.82 11.89 11.56 11.94 
9.77 11.28 10.56 10.22 10.17 10.77 11.23 11.58 12.09 12.18 11.93 12.2 
9.48 11.06 10.03 9.68 9.62 10.09 10.66 11.2 11.75 12.08 11.89 12.24 
9.52 10.99 10.38 9.7 9.64 10.23 10.81 11.45 12.0 12.09 11.82 12.34 
10.0 11.56 10.28 9.76 9.8 10.22 10.77 11.45 12.0 12.08 11.96 12.38 
9.78 11.66 10.69 10.25 10.3 10.87 11.17 11.7 12.11 12.12 11.91 12.19 
9.76 11.56 10.48 9.77 9.7 10.53 11.09 11.7 12.08 12.07 11.84 12.4 
9.72 11.4 10.36 9.58 9.79 10.25 10.94 11.6 12.13 12.13 11.88 12.23 
9.87 11.54 10.19 9.43 9.57 10.17 10.74 11.31 11.88 11.96 11.66 12.14 
9.8 11.58 10.54 10.14 10.26 10.77 11.13 11.55 12.07 12.11 11.86 12.08 
9.64 11.13 9.84 9.55 9.67 10.34 10.68 11.29 11.79 12.05 11.88 12.22 
10.16 11.85 11.12 10.28 10.56 11.07 11.65 12.32 12.87 13.1 12.79 13.18 
9.28 10.67 9.83 9.13 9.13 9.63 10.17 10.77 11.17 11.24 11.13 11.48 
9.81 11.59 10.62 10.05 10.19 10.87 11.24 11.71 12.12 12.42 12.0 11.79 
10.41 12.31 11.39 10.45 10.23 11.27 11.79 12.42 12.91 12.96 12.63 13.07 
9.19 10.23 9.39 9.58 9.7 9.92 10.53 10.94 11.07 10.93 10.22 10.47 
9.35 10.16 10.21 10.97 9.97 10.52 11.06 11.21 11.72 11.73 11.18 11.9 
9.46 11.15 10.89 10.46 10.04 10.93 10.97 11.21 11.32 11.39 11.23 11.23 
8.94 10.57 10.01 10.75 10.43 10.85 11.39 11.31 11.58 10.58 10.68 11.27 
8.35 10.38 9.82 10.24 10.79 10.66 11.43 12.07 11.85 10.94 10.75 11.27 
8.26 10.39 10.59 10.67 11.12 10.71 11.39 12.22 11.72 11.14 10.56 11.19 
8.4 11.09 11.21 10.79 11.01 10.72 11.24 12.44 11.87 11.53 11.55 11.93 
8.08 10.03 10.89 9.91 10.06 10.01 10.49 11.81 11.49 10.94 10.38 11.01 
10.07 11.02 10.33 9.71 9.86 10.11 10.8 11.13 11.49 10.8 10.5 10.95 
9.45 10.25 10.56 10.76 10.09 10.3 10.62 11.09 11.38 10.6 10.45 11.03 
9.55 11.25 10.98 10.45 10.65 10.58 11.26 11.66 11.65 11.63 11.61 11.94 
9.44 11.51 11.52 10.86 10.55 10.57 11.38 12.23 12.19 11.65 12.12 13.03 
7.97 9.85 10.04 8.95 9.58 10.58 10.99 10.79 11.53 10.25 10.19 10.65 
8.21 10.19 10.71 10.46 9.83 11.0 11.85 11.41 12.09 10.84 10.83 11.3 
8.38 11.14 10.85 10.94 10.75 11.35 11.93 11.93 12.07 11.71 11.45 11.64 
8.62 10.96 10.52 10.58 11.18 12.05 12.89 12.42 12.77 11.79 11.23 12.2 
9.42 10.24 9.4 9.24 9.33 10.35 11.19 10.78 11.25 10.57 9.99 10.46 
9.58 10.34 10.38 10.82 10.39 10.83 11.23 12.2 12.12 11.53 10.69 11.2 
9.63 11.08 10.59 10.71 10.41 10.62 11.32 12.04 11.96 11.63 11.49 11.79 
8.83 10.57 10.06 10.65 9.4 9.97 10.84 11.61 11.34 10.63 10.68 11.23 
8.61 10.75 9.62 10.1 9.1 9.99 11.07 11.79 11.43 10.74 10.85 11.29 
8.24 10.44 10.37 10.52 10.36 10.67 11.31 11.59 11.64 11.39 10.82 11.19 
8.34 11.28 11.03 10.91 11.17 10.97 11.47 11.62 11.79 11.83 11.68 11.73 
8.55 10.24 10.57 9.46 10.52 10.36 10.95 11.21 11.6 11.27 10.9 11.5 
10.09 11.41 10.72 10.28 10.27 10.44 10.94 11.21 11.59 11.19 11.06 11.57 
10.47 11.48 11.38 10.68 11.0 11.2 11.73 11.89 12.54 11.94 11.46 11.94 
9.11 10.37 10.03 10.11 10.24 10.2 10.36 10.38 10.66 10.77 10.76 10.91 
9.49 10.93 10.16 9.77 9.7 9.57 10.62 11.12 11.43 10.83 10.75 11.22 
8.32 10.83 10.21 9.86 9.23 9.46 10.35 11.47 11.43 10.94 10.9 11.25 
8.34 11.26 10.28 10.27 9.5 10.23 10.98 10.65 10.84 11.52 11.89 12.45 
9.11 11.29 11.01 11.39 10.91 11.51 12.05 12.04 12.34 12.36 12.3 12.42 
7.83 10.03 10.0 10.67 10.6 10.9 11.85 11.95 12.19 11.55 11.1 11.6 
10.03 11.02 9.93 10.23 10.45 11.25 12.12 11.82 12.44 12.52 12.3 12.27 
9.66 10.56 10.42 10.85 10.8 11.54 11.78 11.44 12.22 11.82 11.33 11.58 
9.62 10.91 10.84 11.02 10.6 10.86 11.8 11.36 11.51 11.45 11.29 11.44 
8.92 10.56 10.23 10.33 10.2 10.86 11.79 11.83 11.71 10.76 11.12 11.63 
8.3 10.37 9.79 10.38 10.36 11.14 11.67 12.46 12.34 11.29 11.21 11.5 
8.17 10.62 10.3 9.85 10.64 10.79 11.62 12.59 12.2 11.21 11.37 11.67 
8.66 11.39 11.46 11.48 12.08 11.33 11.92 13.09 13.06 12.19 12.34 12.59 
7.63 8.79 10.48 9.09 9.47 9.35 9.92 11.14 11.21 10.27 10.32 10.94 
10.01 11.03 10.37 10.14 10.01 9.7 10.21 10.92 11.51 10.99 10.53 11.09 
9.61 10.59 10.28 9.83 9.96 9.73 10.56 10.87 11.51 11.15 10.69 11.33 
9.46 10.73 10.8 10.82 10.64 10.77 11.17 11.59 11.8 11.7 11.54 12.1 
8.86 10.18 10.88 10.03 10.33 10.6 11.22 11.67 11.36 10.58 10.75 11.4 
8.14 10.41 10.39 9.78 10.08 11.15 11.98 11.45 12.14 10.87 10.98 11.61 
8.12 10.36 10.3 9.88 9.87 11.21 11.46 10.46 11.79 10.51 10.7 11.43 
8.01 10.44 10.49 10.89 10.42 10.97 11.58 11.75 11.91 11.88 12.05 12.53 
7.78 9.41 10.29 9.6 10.92 10.79 11.57 11.24 11.73 11.32 11.05 11.58 
9.96 10.88 10.08 9.9 10.45 10.6 11.24 11.23 11.56 10.99 10.6 11.2 
9.56 10.58 10.07 10.15 10.58 10.63 11.06 11.5 11.76 11.05 10.38 10.99 
9.53 10.75 11.13 10.76 10.66 10.65 10.9 11.47 11.4 11.37 11.26 11.36 
8.89 10.29 10.37 10.25 9.12 10.0 10.49 10.91 11.21 10.53 10.39 10.93 
8.42 10.68 9.23 10.01 8.42 9.36 10.56 11.25 11.43 10.75 10.56 11.0 
8.33 10.73 10.26 9.86 9.86 9.8 10.86 11.51 11.4 11.18 10.48 11.07 
8.3 11.11 10.89 10.91 10.94 10.96 11.39 11.41 11.55 11.65 11.63 11.82 
8.34 9.55 10.53 9.56 10.38 10.12 10.7 11.06 11.43 11.17 10.92 11.68 
10.16 11.39 10.69 10.08 10.36 10.22 10.89 11.06 11.37 11.03 10.87 11.52 
9.92 10.88 10.59 10.04 10.08 9.84 10.3 10.85 11.57 11.51 10.85 11.33 
9.91 11.2 10.72 10.68 10.59 10.74 11.25 11.05 11.25 11.57 11.56 11.75 
9.57 10.58 10.16 10.37 9.88 10.03 10.75 11.36 11.26 10.88 10.95 11.38 
9.03 10.71 10.02 9.39 9.21 9.55 10.71 11.19 11.24 11.36 11.58 12.12 
9.6 11.03 9.83 10.62 8.9 9.99 10.32 11.52 11.91 11.34 10.87 11.43 
9.72 10.99 10.41 10.47 9.92 10.74 11.35 11.77 11.84 11.61 11.7 12.41 
9.13 10.11 10.3 9.78 9.57 10.42 10.79 11.39 11.54 11.62 12.07 13.1 
10.36 12.1 10.18 10.47 10.45 10.88 11.3 11.61 11.9 11.72 11.85 12.26 
9.45 11.05 9.74 10.28 10.4 10.6 10.83 10.93 11.14 10.86 10.94 11.44 
9.63 11.3 10.56 10.72 10.3 10.75 11.02 11.34 11.48 11.7 11.73 12.0 
9.09 11.34 10.15 10.93 9.07 10.21 10.71 11.22 11.27 11.2 11.41 11.94 
8.22 11.22 9.85 10.65 9.08 9.97 10.61 11.25 11.08 11.35 11.54 12.18 
8.4 11.36 10.84 9.95 9.66 10.32 10.67 10.98 11.3 11.57 11.74 12.28 
8.49 11.13 11.5 10.95 10.8 10.77 11.04 11.51 11.59 11.81 11.98 12.18 
8.29 9.75 10.51 9.84 9.84 10.55 10.88 11.64 11.72 11.82 12.04 12.85 
10.14 11.14 10.73 9.98 10.1 11.21 11.37 11.33 11.76 11.51 11.64 12.11 
9.75 10.38 10.69 8.91 10.62 10.77 11.48 11.11 11.61 11.33 11.37 11.97 
9.44 11.08 10.91 10.19 10.74 11.04 11.3 11.45 11.81 11.84 11.79 12.03 
9.02 10.46 10.66 10.22 9.89 10.15 10.68 11.5 11.81 11.67 11.51 12.04 
8.37 10.41 10.76 9.72 9.89 10.14 10.55 11.68 11.4 11.62 11.6 12.03 
8.43 10.59 10.88 10.32 10.44 10.91 11.43 11.6 12.01 11.9 11.94 12.53 
8.3 11.22 10.74 10.78 10.57 11.46 11.78 11.61 11.9 12.08 12.01 12.32 
8.14 9.8 10.56 10.34 9.67 10.24 10.75 11.5 11.72 11.75 11.88 12.48 
10.39 11.72 10.57 10.77 10.87 11.12 11.6 12.36 12.22 12.31 12.21 12.75 
9.4 10.49 9.23 9.74 9.62 10.6 10.9 11.21 11.47 11.42 11.32 11.78 
9.53 11.23 10.34 10.62 10.28 10.79 11.13 11.75 11.72 11.81 11.98 12.37 
9.0 10.92 9.68 10.55 9.09 10.06 10.54 11.73 12.25 11.78 11.73 12.36 
8.56 10.91 9.76 10.46 9.15 10.04 10.52 11.69 12.49 12.42 12.0 12.58 
8.3 11.14 10.5 9.66 9.6 10.31 10.72 11.86 12.07 11.85 11.95 12.56 
8.33 11.15 10.86 10.64 10.73 11.62 11.92 11.74 11.93 12.19 12.16 12.45 
8.18 10.38 10.79 9.84 10.26 10.69 11.01 10.98 11.5 11.89 12.11 12.76 
9.7 10.93 10.49 9.89 10.73 11.18 11.76 11.33 12.27 12.08 12.08 12.57 
9.74 10.74 10.49 10.02 10.47 11.34 11.93 11.34 12.25 12.02 11.77 12.24 
9.47 10.81 10.98 10.49 10.81 11.14 11.63 11.89 12.01 12.02 12.1 12.28 
9.3 10.35 10.25 9.84 10.48 10.57 11.21 11.99 12.11 11.77 11.95 12.34 
8.39 10.17 10.21 9.86 10.45 10.64 11.24 12.1 12.17 11.93 12.2 12.69 
8.25 10.75 10.62 10.28 9.93 10.6 11.37 11.72 11.64 11.82 11.99 12.58 
9.77 11.5 11.32 11.06 11.1 11.77 11.94 12.04 12.42 12.63 12.23 12.08 
9.64 11.49 10.59 9.99 10.5 11.56 11.21 11.51 12.05 12.36 11.97 11.82 
9.75 11.45 10.31 9.64 10.35 11.44 11.16 11.43 12.14 12.41 12.01 11.95 
9.77 11.01 10.43 9.89 10.06 10.54 11.6 11.82 12.22 12.33 12.03 12.15 
9.79 11.34 10.83 10.58 10.33 10.88 11.44 11.7 12.18 12.25 12.01 12.21 
9.49 10.86 10.11 9.71 9.76 10.08 10.69 11.19 11.78 12.06 11.93 12.16 
9.73 11.06 9.95 9.68 9.45 10.15 10.6 11.23 11.8 12.06 11.94 12.27 
9.72 11.27 10.3 9.75 9.71 10.34 10.91 11.63 12.14 12.26 11.94 12.35 
9.81 11.54 10.72 10.05 10.37 10.58 11.14 11.6 12.05 12.14 11.86 11.82 
10.19 11.73 10.55 10.32 10.39 10.9 11.32 11.98 12.43 12.37 12.02 12.22 
9.57 11.02 9.7 9.24 9.49 10.12 10.44 11.13 11.67 11.95 11.59 11.77 
9.67 11.13 10.11 9.34 9.54 10.2 10.59 11.45 12.08 12.49 12.17 12.32 
9.75 11.13 10.55 9.98 9.97 10.45 10.97 11.45 11.98 12.22 11.91 12.02 
9.62 11.15 10.03 9.98 9.73 10.12 10.6 11.1 11.71 12.01 11.9 12.2 
9.71 11.03 10.01 9.41 9.6 10.02 10.46 11.14 11.68 11.91 11.81 12.22 
9.86 11.29 10.15 9.67 9.4 10.16 10.81 11.48 12.05 12.27 11.96 12.31 
9.87 11.48 10.56 10.18 10.31 10.71 11.19 11.59 12.02 12.09 11.88 11.82 
10.09 11.57 10.44 9.95 10.14 10.77 11.05 11.85 12.16 12.03 11.64 11.83 
10.09 11.57 10.17 9.87 9.95 10.54 11.1 11.75 12.21 12.39 11.84 12.11 
9.29 10.69 9.63 8.87 8.99 9.51 10.31 11.01 11.58 11.98 11.66 11.7 
9.83 11.33 10.43 10.06 10.26 10.43 10.97 11.59 12.06 12.35 12.01 12.22 
9.62 10.93 10.03 9.9 9.73 10.14 10.66 11.08 11.69 11.97 11.85 12.15 
9.77 10.8 9.84 9.47 9.46 10.05 10.53 11.23 11.76 11.98 11.71 11.98 
9.78 11.22 10.22 9.78 9.72 10.19 10.95 11.64 12.1 12.32 12.04 12.36 
9.83 11.51 10.5 10.04 10.15 10.62 10.93 11.45 12.01 12.2 12.06 12.27 
9.93 11.32 10.38 9.85 9.94 10.51 10.94 11.63 11.99 11.99 11.8 12.24 
9.75 11.41 10.17 9.65 9.73 10.3 10.83 11.56 11.94 12.07 11.78 12.22 
9.65 11.35 10.02 9.4 9.49 10.1 10.77 11.49 11.99 12.1 11.8 12.3 
9.93 11.41 10.48 9.87 10.33 10.66 10.97 11.47 11.97 12.08 11.91 12.13 
9.7 11.02 10.21 9.64 9.57 10.14 10.5 11.0 11.61 11.91 11.77 12.06 
9.77 11.2 9.96 9.65 9.54 10.2 10.75 11.35 11.85 12.05 11.89 12.26 
9.66 11.41 10.85 10.86 10.89 11.31 11.58 11.85 12.22 12.34 12.07 11.81 
9.8 11.78 10.83 10.77 11.29 11.21 11.52 12.02 12.23 12.43 12.35 12.45 
10.06 11.31 10.67 9.93 10.71 11.34 11.35 11.59 12.36 12.67 12.35 12.22 
9.39 10.67 9.77 9.29 9.93 10.88 10.61 10.86 11.49 11.63 11.1 11.05 
9.57 11.06 10.27 9.69 10.16 10.46 11.34 11.58 12.11 12.29 12.05 12.18 
9.85 11.28 10.53 10.29 10.23 10.71 11.22 11.65 12.08 12.18 11.92 12.05 
9.6 10.97 10.09 9.66 9.78 10.07 10.71 11.12 11.7 11.91 11.86 12.11 
9.86 10.98 10.08 9.48 9.56 10.11 10.64 11.18 11.79 11.93 11.79 12.16 
9.84 11.16 10.19 9.74 9.61 10.18 10.81 11.44 12.01 12.16 11.87 12.29 
9.87 11.41 10.44 9.95 10.1 10.59 10.99 11.45 11.96 12.07 11.86 12.04 
10.09 11.58 10.57 10.19 10.36 10.89 11.31 11.92 12.31 12.32 12.24 12.72 
9.49 11.05 9.72 9.28 9.38 9.99 10.46 11.09 11.59 11.95 11.65 11.95 
9.69 11.31 10.13 9.23 9.4 10.1 10.7 11.38 12.01 12.18 11.85 12.22 
9.74 11.28 10.44 10.05 10.06 10.6 11.0 11.46 11.97 12.11 11.84 12.01 
9.86 10.96 10.12 9.55 9.63 10.1 10.5 11.08 11.65 11.9 11.87 12.21 
9.48 10.91 10.1 9.56 9.61 10.11 10.72 11.35 11.92 12.15 11.81 12.24 
9.84 11.31 10.33 9.66 9.69 10.12 10.71 11.37 11.81 11.87 11.84 12.28 
9.91 11.47 10.5 10.23 10.55 11.0 11.18 11.74 12.03 12.16 11.99 12.21 
9.84 11.25 10.26 9.61 9.81 10.48 10.75 11.59 11.92 11.97 11.87 12.4 
9.8 11.17 9.9 9.4 9.42 10.06 10.75 11.45 11.91 12.03 11.68 12.23 
9.85 11.39 10.18 9.4 9.67 10.19 10.63 11.38 11.9 12.04 11.88 12.37 
9.85 11.24 10.76 10.06 10.07 10.54 11.0 11.5 12.03 12.08 11.9 12.1 
9.59 10.97 10.07 9.59 9.42 9.93 10.52 11.05 11.58 11.93 11.9 12.33 
9.47 10.98 10.03 9.73 9.51 10.14 10.85 11.5 12.0 12.17 11.89 12.43 
9.86 11.45 10.0 9.34 9.56 10.17 10.66 11.31 11.83 11.9 11.79 12.27 
9.96 11.5 10.64 10.33 10.58 10.96 11.21 11.73 12.1 12.18 12.02 12.23 
9.74 11.2 10.13 9.84 9.99 10.65 10.92 11.69 12.06 12.03 11.89 12.35 
9.79 11.18 10.15 9.44 9.55 10.17 10.76 11.42 11.86 12.03 11.79 12.2 
9.93 11.21 10.08 9.6 9.59 10.23 10.68 11.37 11.9 12.07 11.85 12.24 
9.79 11.41 10.49 10.28 10.49 10.8 11.16 11.55 12.15 12.26 12.07 12.22 
9.67 11.05 9.99 9.69 9.57 10.17 10.65 11.13 11.79 12.07 11.93 12.32 
9.72 11.11 10.15 9.45 9.55 10.18 10.69 11.33 11.83 11.99 11.67 12.15 
9.57 11.57 10.86 10.71 10.78 11.0 11.46 11.65 12.08 12.34 12.24 12.3 
10.13 11.4 10.29 9.73 9.82 10.46 10.92 11.4 11.85 12.11 11.95 12.32 
9.73 11.28 10.78 10.64 10.96 11.13 11.35 11.8 12.15 12.17 11.9 11.57 
9.99 10.95 10.07 9.82 9.64 10.07 10.55 11.32 11.85 12.21 11.88 11.77 
9.92 10.87 10.13 9.47 9.23 9.96 10.48 11.26 11.81 11.79 11.2 10.97 
9.98 11.02 10.45 10.37 10.32 10.67 10.92 11.56 12.05 12.19 12.03 11.83 
10.26 11.33 10.69 9.63 9.9 10.59 10.98 11.74 12.44 12.63 12.29 12.26 
9.72 10.51 10.21 9.19 9.11 9.68 10.29 10.97 11.49 11.69 11.38 11.35 
10.06 11.07 10.29 9.25 9.21 9.92 10.53 11.34 11.88 11.95 11.72 11.7 
9.96 10.92 10.72 10.01 10.32 10.81 11.29 11.7 12.19 12.29 12.22 12.43 
9.53 10.72 10.57 9.47 9.65 10.13 10.78 11.94 12.21 11.99 11.8 11.99 
9.95 10.95 10.33 9.75 9.75 10.1 10.69 11.92 12.51 12.31 12.04 11.98 
9.92 10.98 10.14 9.83 10.19 10.14 10.71 11.92 12.0 11.84 11.62 11.51 
9.73 11.0 10.92 10.09 10.32 10.8 11.23 11.5 11.96 12.14 12.06 12.37 
9.95 10.92 10.11 10.03 9.61 10.8 11.37 11.53 12.16 11.75 11.31 11.38 
10.15 11.44 10.28 10.19 9.87 10.52 10.95 11.77 12.25 12.14 11.87 12.33 
9.43 10.8 9.99 9.82 10.2 10.82 11.02 11.18 11.64 11.72 11.5 11.39 
9.9 10.92 10.35 10.18 10.0 10.56 11.06 11.59 12.02 12.11 12.12 12.41 
10.01 10.97 10.23 9.7 9.84 10.35 10.78 11.65 12.01 11.66 11.35 11.27 
9.88 10.79 10.61 9.61 10.03 10.21 10.68 11.82 12.16 11.91 11.59 11.56 
10.21 11.31 10.65 10.28 10.48 11.2 11.44 12.08 12.53 12.37 12.13 12.28 
9.62 10.5 10.16 9.13 9.72 10.24 10.68 11.44 11.71 11.68 11.56 11.85 
9.89 10.92 10.43 9.61 9.73 10.72 10.99 11.76 12.07 12.0 11.6 11.59 
9.87 10.58 10.45 9.74 10.14 10.1 10.59 11.86 12.06 11.94 11.58 11.57 
10.51 11.9 11.5 10.94 11.33 11.78 11.99 12.65 12.96 13.02 12.87 12.77 
8.8 10.5 10.02 9.48 9.43 9.73 10.31 10.79 11.19 11.26 11.14 11.31 
9.93 11.0 10.31 10.05 10.04 10.73 10.85 11.91 12.14 11.86 11.53 11.4 
9.84 11.16 10.08 10.15 9.98 10.75 11.13 11.6 11.99 11.76 11.57 11.53 
9.52 10.97 10.75 10.24 10.45 11.08 11.31 11.46 11.95 12.09 12.31 12.56 
9.82 11.31 9.94 9.78 9.83 11.14 11.39 11.3 11.97 11.62 11.35 11.45 
9.79 11.24 9.73 9.82 9.97 11.09 11.56 11.33 12.28 11.78 11.55 11.51 
9.77 11.27 9.92 10.04 9.82 11.23 11.51 11.78 12.26 11.8 11.59 11.65 
9.77 11.29 10.68 10.2 10.18 11.08 11.2 11.58 12.11 12.15 12.01 11.92 
9.84 10.92 10.52 9.92 10.0 10.79 11.02 11.54 11.84 12.0 11.76 11.7 
9.93 11.03 10.24 9.92 10.35 11.0 11.1 11.77 11.98 12.1 11.96 11.83 
10.04 11.01 10.09 9.75 10.04 10.88 10.9 11.75 11.92 12.03 11.59 11.46 
10.53 11.68 10.98 10.65 10.91 11.73 11.95 12.26 12.82 13.1 12.95 12.8 
9.29 9.99 9.68 9.16 9.62 10.39 10.47 11.07 11.36 11.35 11.01 10.83 
9.97 10.61 10.16 9.7 10.1 10.86 11.0 11.7 12.03 12.38 12.05 11.94 
10.65 11.73 11.12 10.49 10.95 11.81 11.91 12.22 12.69 12.92 12.73 12.68 
8.68 10.21 9.75 9.12 9.11 10.22 10.34 10.69 11.31 11.3 11.36 11.63 
9.9 11.06 10.27 9.6 9.92 10.72 11.01 11.87 12.11 12.17 11.86 11.89 
9.88 11.22 9.9 9.52 10.0 11.17 11.24 11.61 12.16 11.9 11.57 11.52 
9.56 11.05 10.82 10.02 10.35 11.13 11.24 11.49 12.08 12.1 12.0 11.74 
9.84 11.12 10.09 9.73 9.93 10.89 11.23 11.97 12.02 12.09 11.74 11.75 
9.83 11.21 10.15 9.66 9.28 10.39 10.71 11.64 12.08 12.08 11.88 11.83 
9.68 11.1 10.23 9.99 10.32 10.89 11.04 11.92 12.15 12.05 11.81 11.7 
9.75 11.15 10.57 9.91 10.04 10.82 11.1 11.39 11.93 12.05 12.12 12.45 
10.36 11.72 10.77 10.38 10.44 11.56 11.58 12.09 12.76 12.57 12.28 12.23 
9.84 10.29 10.01 9.65 10.1 11.11 10.84 11.23 12.12 11.88 11.62 11.53 
9.63 10.5 10.26 9.55 9.86 10.38 10.75 11.42 11.68 11.58 11.35 11.19 
10.02 10.91 10.72 9.94 9.83 10.72 11.15 12.15 12.34 12.22 12.0 11.93 
9.57 10.33 9.9 9.18 9.17 10.13 10.47 11.46 11.69 11.46 11.08 11.01 
10.15 10.93 10.75 9.51 9.55 10.48 10.95 11.96 12.3 12.1 11.81 11.71 
9.33 10.34 10.69 9.65 9.96 10.41 10.82 11.16 11.64 11.78 11.71 11.61 
9.54 10.79 10.66 9.69 10.07 10.44 10.94 11.42 12.0 12.06 11.97 12.14 
10.52 11.66 10.9 10.77 10.43 11.36 11.39 12.04 12.68 12.64 12.35 12.28 
9.26 10.21 9.32 9.89 9.34 9.97 10.11 10.53 11.1 11.08 10.91 10.86 
9.53 11.02 10.82 10.58 10.48 11.23 11.23 11.45 11.98 12.05 11.92 11.73 
10.51 11.89 10.93 11.05 10.33 11.48 11.56 12.18 12.78 12.7 12.38 12.23 
9.16 10.38 9.58 9.44 8.97 10.24 10.43 10.9 11.38 11.33 11.02 10.91 
9.73 11.27 10.05 10.42 9.66 10.68 10.58 11.42 11.92 11.87 11.5 11.35 
9.69 10.98 10.72 10.55 10.23 10.7 11.06 11.93 12.12 12.27 12.03 11.92 
9.71 11.35 10.61 9.85 9.59 10.08 10.36 11.16 11.72 11.9 11.84 12.25 
9.23 10.24 9.02 9.69 9.98 9.86 10.83 10.99 11.41 10.93 10.73 10.95 
7.74 9.12 9.29 10.53 10.85 10.78 11.79 11.86 12.08 11.51 11.67 12.35 
6.97 9.1 8.91 10.35 10.75 10.52 11.56 11.8 11.86 11.25 11.43 12.12 
8.12 9.33 8.8 9.75 9.83 9.66 10.16 10.32 10.7 10.89 11.22 11.76 
9.06 10.51 9.9 10.85 11.29 10.94 11.03 11.12 11.97 12.45 12.8 13.27 
7.38 9.19 9.33 10.45 11.03 10.43 10.28 10.31 10.89 11.29 11.56 12.01 
8.54 11.98 11.57 12.04 11.49 10.79 11.22 11.21 12.07 12.7 13.16 13.65 
8.74 10.46 10.22 9.82 9.24 9.78 10.39 10.28 10.95 11.32 11.69 12.24 
10.16 11.32 10.9 10.8 10.59 11.71 11.96 11.8 12.24 11.21 10.9 11.29 
10.27 11.65 11.51 11.38 10.38 11.5 12.34 12.55 12.97 12.09 12.38 13.01 
9.6 11.3 10.66 10.55 10.4 10.69 11.31 11.44 11.49 11.48 11.46 11.81 
8.74 9.91 9.67 10.2 10.34 10.0 10.96 11.5 11.21 10.11 10.15 10.76 
8.21 10.15 9.84 10.27 10.9 10.72 11.69 12.12 12.03 10.92 10.75 11.2 
8.76 11.46 11.19 10.72 11.55 10.56 11.92 12.37 12.64 12.11 11.4 11.66 
7.75 10.42 10.68 9.85 10.13 9.82 10.29 10.5 10.55 10.63 10.58 10.76 
8.69 10.11 11.78 9.63 10.59 10.54 11.02 11.4 11.8 11.47 11.08 11.84 
9.48 10.55 9.97 9.28 9.05 9.36 9.92 10.25 10.66 10.41 9.94 10.33 
9.72 10.9 10.45 10.25 9.6 9.48 9.89 10.47 11.52 11.46 10.66 11.07 
9.56 10.96 11.26 10.71 10.85 10.99 11.1 11.09 11.43 11.41 11.43 11.63 
9.15 10.65 10.99 10.55 10.21 11.32 11.64 11.23 11.87 11.07 11.05 11.88 
8.77 10.56 11.16 9.98 10.18 10.8 11.8 12.63 12.5 11.37 11.19 11.64 
7.75 10.05 10.1 9.64 8.49 9.84 11.23 11.05 10.64 10.17 10.18 10.39 
8.3 11.24 10.7 10.91 10.52 10.95 11.56 11.46 11.7 11.62 11.75 12.37 
8.39 9.81 10.11 10.33 10.66 11.48 12.02 11.11 11.55 11.14 10.33 11.09 
10.27 11.45 10.27 10.59 10.79 11.64 12.32 11.76 11.98 11.53 10.94 11.53 
9.33 10.55 9.74 10.42 10.23 10.37 11.21 11.45 11.49 10.85 10.16 10.78 
9.49 11.21 10.53 10.78 10.51 10.7 11.36 11.52 11.37 11.34 11.39 11.68 
9.75 11.09 10.23 11.42 10.07 10.64 11.47 12.11 12.41 12.15 12.56 13.48 
8.09 9.69 9.11 9.64 8.41 9.78 10.86 11.01 11.15 10.38 10.47 11.22 
8.55 11.01 10.57 10.28 9.85 10.37 11.49 11.98 11.88 11.42 11.22 11.69 
8.44 11.55 11.35 10.65 10.8 11.28 11.74 11.59 11.84 11.67 11.6 11.68 
8.14 10.49 10.89 10.28 10.37 11.06 10.89 10.96 11.34 10.95 10.65 11.29 
9.86 11.1 10.63 10.35 10.2 10.65 11.03 10.81 11.11 10.78 10.74 11.42 
10.37 11.78 11.29 11.03 10.77 10.47 11.14 11.87 12.26 11.39 11.31 11.84 
9.15 10.76 10.13 9.78 9.93 10.09 11.09 11.05 11.52 11.13 10.99 11.18 
9.56 10.68 10.25 10.12 9.61 9.99 10.88 11.26 11.27 10.87 10.78 11.33 
8.47 10.28 10.22 9.91 9.23 9.9 10.95 11.41 11.12 10.99 10.77 11.35 
8.96 11.69 10.91 11.0 9.9 10.62 11.61 11.79 11.83 12.31 12.67 13.23 
8.81 11.27 10.68 10.85 10.51 10.76 11.3 11.46 11.83 11.97 11.94 12.17 
7.57 9.95 10.85 10.31 10.64 10.59 11.33 11.47 11.67 11.23 10.84 11.42 
10.07 10.98 10.59 10.75 10.9 11.23 11.8 11.69 12.54 12.41 12.29 12.25 
9.7 10.75 10.83 10.34 10.34 10.79 11.68 12.02 12.23 11.55 11.35 11.7 
9.42 11.23 11.0 10.9 10.51 10.94 11.04 11.21 11.56 11.37 11.33 11.51 
9.49 11.16 10.64 11.12 11.67 11.6 12.21 12.43 12.48 11.31 11.38 12.01 
8.21 10.04 9.81 10.53 11.02 10.84 11.67 12.18 11.69 10.79 10.8 11.38 
7.84 10.14 9.81 9.52 9.96 10.27 11.03 11.61 11.15 10.44 10.09 10.63 
8.21 11.29 11.07 10.99 11.46 11.14 11.91 12.23 11.99 11.51 11.57 11.71 
8.48 10.73 11.17 10.63 11.51 11.47 12.45 12.93 12.45 11.53 11.48 12.3 
9.96 11.01 10.7 10.76 10.1 10.37 10.59 11.25 11.66 11.18 10.55 10.97 
9.07 10.18 10.0 9.29 9.26 9.31 10.08 10.45 10.97 10.63 10.1 10.65 
9.24 11.26 11.36 10.56 10.52 10.61 11.09 11.08 11.4 11.27 11.33 11.6 
8.94 10.66 10.36 9.63 9.67 9.96 10.73 10.77 10.9 10.85 11.79 12.87 
8.89 10.86 11.66 10.89 10.9 11.23 11.96 12.0 12.51 11.71 11.71 12.58 
7.72 9.98 10.05 9.31 8.97 10.14 11.34 10.51 10.76 10.12 10.11 10.61 
8.46 11.43 11.25 11.05 10.65 11.11 11.39 11.36 11.7 11.67 11.56 11.9 
8.57 9.85 9.93 9.82 10.54 10.42 10.92 11.22 11.41 11.01 10.36 11.05 
10.01 10.9 10.2 10.78 10.6 10.79 11.23 11.36 11.5 10.79 10.53 10.88 
9.58 10.47 9.99 10.28 9.45 10.37 11.01 11.52 11.57 11.0 10.41 11.01 
9.44 11.32 11.11 10.89 10.67 11.02 11.43 11.57 11.68 11.54 11.42 11.59 
9.13 10.9 9.83 10.17 9.72 10.69 11.31 11.16 11.45 10.96 10.75 11.2 
8.49 10.61 10.13 10.97 9.92 10.71 10.83 11.13 12.16 11.84 11.16 11.51 
8.43 11.02 10.7 10.76 10.64 10.99 11.36 11.94 12.11 11.52 11.06 11.36 
8.31 11.45 10.85 10.8 11.08 10.75 11.59 12.17 11.79 11.72 11.53 11.88 
8.5 10.38 10.61 9.8 10.6 10.5 10.85 11.15 11.43 10.98 10.51 11.27 
10.4 12.05 11.87 11.67 11.16 11.52 11.67 11.89 12.08 11.63 11.44 12.19 
9.87 10.77 10.68 10.87 10.69 10.91 11.13 11.55 11.69 11.11 10.94 11.52 
9.38 11.13 10.58 10.3 10.33 10.34 11.12 11.38 11.5 11.7 11.76 12.2 
9.17 10.72 9.95 10.33 9.84 10.08 10.51 10.84 11.38 10.44 10.37 11.04 
9.24 11.81 11.75 11.16 10.5 11.29 11.69 11.65 11.7 11.73 12.01 12.76 
8.94 10.49 9.96 10.27 9.59 10.32 10.53 10.9 11.05 10.47 10.6 11.39 
9.67 11.01 10.43 10.24 9.86 10.63 11.16 11.98 11.66 11.26 11.22 12.0 
9.61 10.55 9.98 9.67 9.39 10.22 10.48 11.45 11.82 11.33 11.68 12.43 
10.36 11.95 10.22 10.49 10.56 10.77 11.33 11.56 11.92 11.7 11.84 12.34 
9.44 10.76 9.4 9.82 10.31 10.23 10.57 10.91 11.32 10.87 10.94 11.41 
9.51 11.53 10.45 10.61 10.4 10.63 11.04 11.11 11.41 11.74 11.86 12.1 
8.9 11.52 9.64 10.73 9.74 10.15 10.83 11.22 11.61 11.56 11.55 12.09 
8.3 11.17 9.74 10.54 9.62 10.21 10.53 11.05 11.85 11.93 11.61 12.09 
8.47 10.92 10.62 9.91 10.04 10.65 10.82 11.9 12.15 11.78 11.82 12.24 
8.6 11.35 11.26 11.03 10.63 11.19 11.15 11.62 11.64 11.97 12.05 12.24 
8.13 9.62 10.58 9.61 9.85 10.38 10.56 11.19 11.57 11.71 11.95 12.83 
10.07 11.27 10.83 9.91 10.26 10.75 11.06 11.35 11.89 11.81 11.79 12.25 
9.78 10.87 10.91 9.48 10.55 10.78 11.1 11.23 11.8 11.75 11.68 12.09 
9.46 11.3 11.05 10.39 10.41 10.88 11.16 11.08 11.63 11.82 11.8 12.06 
8.89 10.75 10.51 10.5 9.46 10.68 10.9 11.59 11.48 11.48 11.52 12.03 
8.41 10.78 10.86 10.0 9.54 10.28 10.62 11.65 11.41 11.34 11.54 12.05 
8.37 10.99 10.63 10.42 10.03 10.92 11.3 11.76 11.85 11.63 11.7 12.31 
8.49 11.52 10.84 10.72 10.71 11.47 11.69 11.68 11.87 12.11 12.13 12.38 
7.75 10.18 10.38 9.98 9.96 10.57 10.92 11.72 11.96 11.97 12.11 12.68 
10.09 11.53 10.4 10.41 10.42 10.71 11.18 12.04 11.85 11.86 11.89 12.44 
9.66 11.05 9.71 10.29 9.81 10.81 11.24 12.05 11.73 11.72 11.85 12.4 
9.63 11.35 10.47 10.72 10.52 11.01 11.38 11.64 11.92 12.06 12.07 12.3 
9.51 11.03 9.79 10.5 9.6 10.33 11.02 11.94 12.15 11.92 11.8 12.23 
9.19 11.78 10.3 11.14 10.04 11.04 11.5 12.72 13.17 12.91 12.79 13.16 
7.9 10.62 10.61 9.66 9.46 9.97 10.51 11.24 11.23 11.19 11.44 11.91 
8.42 11.16 11.12 10.84 10.75 11.68 12.13 11.87 12.14 12.23 12.35 12.67 
8.21 10.4 10.89 10.27 10.06 10.76 10.98 11.1 11.66 11.9 12.22 12.95 
9.71 11.01 10.63 9.97 10.51 11.3 11.91 11.44 12.23 11.89 12.06 12.52 
9.53 10.9 10.74 10.18 10.3 11.3 11.98 11.65 12.18 11.63 11.83 12.35 
9.67 10.96 11.07 10.5 10.71 11.24 11.67 12.17 12.05 12.1 12.17 12.36 
9.26 10.65 10.43 10.01 10.91 10.76 11.72 11.74 11.98 12.04 12.1 12.48 
8.46 10.4 10.36 10.07 10.6 10.51 11.55 11.95 12.24 12.06 12.18 12.69 
8.43 10.92 11.08 10.37 9.94 10.66 11.58 11.85 11.83 11.81 12.04 12.61 
9.89 11.53 11.07 10.75 11.08 11.5 11.59 11.98 12.31 12.5 12.09 11.86 
9.86 11.3 10.4 9.79 10.52 11.18 11.04 11.52 12.09 12.13 11.65 11.49 
9.97 11.51 10.39 9.74 10.75 11.11 11.37 11.81 12.59 12.9 12.61 12.54 
9.5 10.98 10.31 9.64 9.76 9.92 11.1 11.49 11.7 11.68 11.34 11.61 
9.83 11.36 10.73 10.08 10.44 10.72 11.29 11.72 12.2 12.31 12.03 12.22 
9.65 11.2 10.06 9.44 9.62 10.13 10.69 11.15 11.71 11.94 11.82 12.15 
9.6 11.07 10.23 9.86 9.49 10.18 10.76 11.4 11.96 12.16 11.83 12.31 
9.74 11.32 10.23 9.8 9.75 10.36 10.78 11.39 11.85 11.86 11.61 12.1 
9.85 11.56 10.72 10.25 10.48 11.05 11.38 11.89 12.15 12.14 11.6 11.32 
9.81 11.31 10.1 9.61 9.78 10.62 10.96 11.7 12.09 12.06 11.76 12.22 
9.65 11.15 10.14 9.33 9.53 10.17 10.72 11.39 12.01 12.48 12.24 12.23 
9.73 11.35 9.96 9.73 9.53 10.03 10.63 11.31 11.87 12.06 11.76 11.96 
9.76 11.41 10.6 10.17 10.56 10.72 11.01 11.61 12.08 12.22 11.9 12.13 
9.62 10.99 10.02 9.88 9.68 10.0 10.45 11.08 11.5 11.84 11.71 12.1 
9.63 11.13 10.29 9.71 9.63 10.28 10.74 11.42 11.97 12.18 11.91 12.35 
9.91 11.52 10.33 9.57 9.64 10.29 10.73 11.44 11.87 12.02 11.82 12.2 
9.92 11.59 10.66 10.38 10.6 10.95 11.34 11.82 12.07 12.04 11.48 11.2 
9.8 11.45 10.1 9.78 9.99 10.47 10.93 11.67 12.05 12.04 11.81 12.19 
9.75 11.13 10.42 9.5 9.71 10.27 10.83 11.55 12.05 12.43 12.06 11.99 
9.86 11.34 10.18 9.45 9.67 10.16 10.73 11.28 11.87 12.08 11.55 11.57 
9.77 11.39 10.75 10.0 10.44 10.64 11.07 11.59 12.02 12.05 11.76 11.97 
9.54 10.98 10.14 9.59 9.49 10.18 10.61 11.1 11.6 11.81 11.72 12.02 
9.69 11.17 10.04 9.78 9.4 10.15 10.8 11.41 11.93 12.15 11.86 12.34 
9.87 11.33 10.17 9.86 9.69 10.31 10.77 11.43 11.92 12.02 11.79 12.16 
9.86 11.54 10.55 10.19 10.41 10.75 11.13 11.74 12.04 11.97 11.74 12.02 
9.78 11.32 9.95 9.68 9.95 10.63 10.96 11.67 12.07 12.03 11.66 11.97 
9.71 11.47 10.35 9.5 9.74 10.4 10.89 11.6 12.09 12.22 11.83 12.25 
9.78 11.25 10.39 9.63 9.74 10.17 10.66 11.42 11.89 11.9 11.72 12.11 
9.87 11.47 10.63 10.16 10.44 10.63 11.1 11.62 12.01 12.05 11.85 12.15 
9.96 11.42 10.43 9.97 9.83 10.48 11.05 11.51 12.1 12.46 12.32 12.78 
9.21 10.74 10.28 10.0 10.01 10.52 10.85 11.29 11.72 11.97 11.73 11.85 
9.61 11.63 10.86 10.49 10.58 11.1 11.33 11.7 11.93 12.09 11.93 11.73 
9.82 11.37 10.69 10.0 10.71 11.03 11.31 11.7 12.14 12.31 12.12 12.26 
9.74 11.21 10.31 9.53 10.37 11.23 10.99 11.31 11.99 11.98 11.49 11.4 
9.69 11.23 10.3 9.69 10.42 11.03 11.24 11.51 12.23 12.46 12.07 12.12 
9.9 11.18 10.48 9.9 10.42 10.45 11.4 11.69 12.03 12.0 11.67 11.94 
9.71 11.25 10.77 10.21 10.57 10.65 11.24 11.56 12.09 12.07 11.77 12.01 
9.59 11.07 10.09 9.45 9.48 10.02 10.46 11.01 11.61 11.8 11.73 12.06 
9.63 11.05 10.17 9.58 9.6 10.15 10.74 11.37 11.91 12.09 11.84 12.22 
9.91 11.48 10.24 9.68 9.78 10.29 10.89 11.46 11.97 11.89 11.68 12.15 
9.8 11.36 10.57 10.08 10.38 10.82 11.21 11.65 12.02 12.07 11.87 12.08 
9.81 11.33 10.24 9.74 9.91 10.46 10.89 11.74 12.01 11.95 11.8 12.26 
9.78 11.29 10.1 9.27 9.7 10.14 10.7 11.36 11.86 12.01 11.72 12.01 
9.87 11.36 10.23 9.55 9.59 10.09 10.66 11.29 11.78 11.83 11.54 11.96 
9.85 11.42 10.69 10.19 10.14 10.71 11.11 11.57 12.01 12.07 11.91 12.12 
9.55 10.98 9.81 9.62 9.44 9.96 10.62 11.01 11.53 11.84 11.76 12.08 
9.57 11.18 10.23 9.49 9.68 10.14 10.64 11.25 11.79 12.05 11.75 12.28 
9.95 11.51 10.44 9.64 9.68 10.31 10.76 11.45 11.87 11.95 11.83 12.3 
9.84 11.44 10.58 9.94 10.58 10.89 11.33 11.71 12.09 12.07 11.83 12.12 
9.74 11.41 10.25 9.83 9.86 10.61 11.09 11.76 12.02 12.0 11.81 12.31 
9.79 11.22 10.02 9.54 9.61 10.21 10.72 11.34 11.83 11.89 11.66 12.07 
9.84 11.37 10.31 9.49 9.58 10.14 10.65 11.38 11.81 11.88 11.73 12.18 
9.75 11.28 10.56 9.98 10.27 10.71 11.1 11.56 12.09 12.09 11.89 12.25 
9.6 11.13 9.96 9.56 9.53 10.04 10.57 11.04 11.62 11.83 11.79 12.17 
9.6 11.29 10.47 9.59 9.66 10.16 10.86 11.47 11.96 12.22 11.9 12.26 
9.84 11.49 10.37 9.68 9.66 10.45 10.87 11.42 11.9 11.93 11.82 12.18 
9.89 11.45 10.6 10.15 10.6 10.87 11.28 11.75 12.07 12.12 11.83 12.16 
10.37 12.13 10.78 10.46 10.55 11.24 11.79 12.43 12.84 12.89 12.71 13.08 
9.1 10.46 9.63 9.03 8.99 9.4 10.06 10.73 11.21 11.32 11.04 11.37 
9.91 11.55 10.17 9.63 9.61 10.19 10.65 11.3 11.82 11.87 11.66 12.08 
9.81 11.36 10.76 10.27 10.2 10.73 11.12 11.6 12.13 12.21 11.98 12.23 
9.78 11.06 10.21 9.54 9.7 10.18 10.71 11.21 11.74 11.96 11.83 12.24 
9.73 11.08 10.26 9.75 9.61 10.21 10.8 11.41 11.89 12.01 11.8 12.27 
9.67 11.47 10.94 10.57 10.87 11.04 11.4 11.6 12.07 12.19 12.09 12.2 
9.98 11.49 10.3 9.72 9.79 10.35 10.85 11.45 11.88 12.04 11.77 12.13 
9.76 11.35 10.81 10.69 10.82 11.13 11.47 11.81 12.1 12.14 11.83 11.52 
10.67 11.93 10.89 10.48 10.66 10.94 11.47 12.27 12.71 13.03 12.61 12.5 
9.47 10.52 9.38 9.09 8.95 9.36 9.91 10.63 11.14 11.16 10.69 10.5 
9.9 10.97 10.42 10.1 10.12 10.53 10.84 11.44 11.79 11.68 11.3 10.79 
10.07 11.23 10.54 9.44 9.73 10.44 10.93 11.62 12.16 12.26 11.79 11.69 
10.31 11.21 10.34 9.26 9.53 10.36 10.84 11.51 12.05 12.0 11.56 11.45 
9.58 10.71 10.32 9.37 9.72 10.23 10.63 11.21 11.55 11.41 11.22 11.1 
9.77 10.79 10.82 9.75 9.85 10.2 10.69 11.55 11.95 11.84 11.91 12.34 
9.95 11.3 10.22 10.05 9.78 10.18 10.6 11.91 12.26 11.99 11.54 11.81 
10.06 10.89 10.11 10.1 10.12 10.26 10.7 11.69 11.72 11.68 11.46 11.53 
9.75 11.11 10.51 10.16 10.18 10.53 10.76 11.22 11.74 12.03 11.97 12.4 
9.83 11.14 10.21 9.84 9.74 10.79 11.41 11.33 12.01 11.63 11.16 11.32 
9.85 11.34 10.29 9.99 9.41 10.4 10.78 11.57 11.92 11.78 11.44 11.89 
9.88 11.05 9.78 9.86 10.26 10.92 11.27 11.18 11.85 11.75 11.48 11.47 
9.77 11.36 10.28 10.24 10.34 10.73 11.1 11.37 11.89 12.14 12.03 12.06 
9.94 11.33 10.26 9.96 9.97 10.63 11.05 11.6 11.9 11.83 11.8 11.75 
9.92 10.94 10.53 9.56 9.87 9.99 10.6 11.79 11.83 11.62 11.2 11.13 
9.96 10.83 10.2 9.59 9.92 10.41 11.11 11.93 11.98 11.72 11.45 11.43 
9.76 10.68 10.63 10.05 10.28 10.8 10.97 11.7 11.95 12.04 11.99 12.41 
9.78 10.89 10.64 9.75 10.09 10.77 11.12 11.97 12.14 12.12 11.69 11.65 
9.99 10.92 10.46 9.68 9.98 10.47 10.96 11.47 12.0 11.87 11.51 11.41 
9.84 10.78 10.56 9.65 10.19 10.06 10.51 11.87 11.93 11.77 11.39 11.25 
9.62 11.07 10.96 10.31 10.55 10.95 11.25 11.85 12.1 12.04 11.87 11.8 
9.26 11.21 10.85 10.22 10.23 10.58 11.24 11.69 12.09 12.05 11.83 11.94 
9.93 11.23 10.25 10.4 10.19 10.77 11.01 11.93 12.12 12.07 11.75 11.79 
9.95 11.26 10.24 10.09 10.0 10.77 11.04 11.8 11.89 11.63 11.38 11.46 
9.61 11.28 10.95 10.2 10.2 11.09 11.19 11.33 11.87 11.95 12.15 12.24 
9.99 10.99 10.1 9.95 10.01 11.14 11.47 11.44 12.07 12.04 11.64 11.61 
10.13 11.57 10.21 10.14 10.38 11.52 12.07 11.71 12.39 12.17 11.81 11.71 
9.51 10.72 10.25 10.02 9.9 10.85 11.01 11.54 11.66 11.59 11.36 11.23 
10.15 11.5 10.23 10.4 10.1 11.11 11.28 11.61 12.18 12.11 11.88 12.0 
9.69 10.67 9.88 9.52 9.85 10.63 10.77 11.24 11.58 11.65 11.36 11.45 
10.35 11.29 10.47 9.98 10.57 11.08 11.35 12.3 12.35 12.24 11.86 11.79 
9.67 10.63 9.94 9.4 9.52 10.47 10.5 10.98 11.52 11.64 11.47 11.26 
10.21 11.33 10.84 10.52 10.94 11.78 11.79 12.3 12.5 12.62 12.4 12.19 
9.54 10.54 10.25 9.29 9.74 10.51 10.57 11.22 11.62 11.69 11.34 11.05 
9.85 10.81 10.19 9.71 10.15 10.84 11.06 11.8 12.03 12.22 11.74 11.59 
9.95 10.86 10.51 9.84 10.42 11.17 11.13 11.46 11.82 11.98 11.84 11.66 
9.25 10.84 10.43 9.52 9.88 10.9 11.11 11.52 11.99 11.91 12.04 12.3 
9.9 10.96 10.45 10.07 9.88 11.0 11.16 11.98 12.16 12.16 11.86 12.0 
9.97 10.92 9.99 9.93 10.06 11.2 11.36 11.53 12.07 11.7 11.39 11.43 
9.77 11.11 10.84 10.1 10.41 11.2 11.28 11.37 11.92 11.85 11.69 11.47 
9.81 11.09 10.14 10.02 10.19 11.05 11.25 11.88 12.12 12.3 11.95 11.97 
9.93 11.24 10.03 9.87 9.63 10.36 10.79 11.47 11.97 12.09 11.83 11.58 
9.88 11.35 9.76 9.59 9.87 10.77 10.93 11.73 11.9 11.66 11.33 11.3 
9.84 11.07 10.11 9.85 10.21 10.96 11.19 11.42 11.81 11.87 11.9 12.04 
9.74 11.17 10.0 9.69 9.54 10.7 11.05 11.18 11.74 11.69 11.58 11.69 
10.04 10.85 10.28 9.55 10.27 11.1 10.97 11.39 11.97 12.02 11.63 11.56 
9.99 10.82 10.56 9.65 10.13 10.9 10.83 11.34 11.89 11.88 11.48 11.35 
9.91 10.79 10.62 10.07 10.1 10.82 11.23 12.03 12.12 11.94 11.66 11.54 
9.9 10.94 10.7 9.45 9.56 10.66 10.8 11.64 11.94 11.72 11.26 11.38 
10.05 11.13 10.33 9.35 9.38 10.54 10.74 11.66 11.98 11.76 11.28 11.31 
10.49 11.22 11.62 10.29 10.42 11.44 11.7 12.34 12.62 12.52 12.22 12.22 
9.26 10.01 10.15 9.36 9.53 10.03 10.29 10.63 11.11 11.19 11.23 11.29 
9.82 11.04 10.5 9.76 9.81 10.78 11.04 11.37 11.89 11.81 11.4 11.34 
9.94 10.92 10.25 10.43 10.0 10.75 10.83 11.33 11.84 11.79 11.49 11.47 
10.16 11.33 10.86 10.63 10.34 11.39 11.27 11.57 12.09 12.08 11.87 11.59 
9.58 10.83 10.0 10.01 9.32 10.55 10.57 11.0 11.52 11.37 11.04 11.01 
9.86 11.32 10.0 10.11 9.29 10.85 10.81 11.25 11.79 11.67 11.07 10.9 
9.87 11.25 9.75 10.33 9.44 10.6 10.83 11.28 11.71 11.49 11.17 11.18 
9.87 11.37 10.73 10.46 10.31 10.63 10.84 11.66 11.78 11.84 11.56 11.17 
9.84 11.44 10.21 9.65 9.29 10.08 10.17 11.08 11.5 11.54 11.55 11.95 
9.34 11.35 9.89 8.82 8.93 9.38 9.6 9.9 10.53 10.66 10.48 10.64 
8.35 11.38 9.57 8.82 8.95 9.11 9.37 9.65 9.96 10.0 9.91 10.36 
8.76 11.17 9.79 9.22 9.04 9.28 9.65 9.76 9.88 9.82 9.62 10.22 
8.96 11.26 9.58 9.03 8.95 9.21 9.16 9.39 9.61 9.47 9.41 10.03 
9.1 10.88 9.7 8.71 9.14 9.23 9.45 9.77 9.97 9.86 9.93 10.7 
9.21 11.47 9.66 9.41 9.14 9.55 10.25 10.51 10.82 10.62 10.97 11.82 
9.08 11.29 10.67 10.37 10.32 10.28 10.59 11.22 10.96 9.96 10.64 11.22 
8.87 10.8 9.87 9.59 9.92 9.58 10.02 10.78 10.67 11.1 11.86 12.31 
9.24 11.63 10.71 10.18 10.06 11.07 11.39 11.23 11.4 10.95 10.52 11.42 
9.34 11.56 10.2 9.96 9.55 10.82 10.97 10.91 11.1 10.59 10.16 11.13 
9.11 11.64 10.44 9.92 9.66 10.96 11.22 11.02 11.16 10.55 10.39 11.17 
9.29 10.99 9.81 9.84 9.55 10.9 10.7 11.48 11.11 10.4 10.5 11.37 
9.27 10.77 10.81 10.08 9.98 10.24 10.6 11.02 10.86 10.32 10.56 11.43 
9.02 11.17 10.26 10.33 10.62 10.79 11.39 11.59 11.83 11.33 11.63 12.11 
8.77 11.81 11.09 10.55 10.83 10.67 11.08 11.39 11.52 10.81 10.97 11.43 
8.69 11.7 10.17 10.6 10.76 10.71 11.44 11.66 11.88 11.3 11.03 11.66 
9.14 12.27 10.71 10.3 10.57 10.72 11.34 11.75 12.01 11.61 11.31 11.29 
8.81 11.64 10.05 10.07 10.42 10.11 10.75 11.47 11.44 10.75 10.39 10.58 
8.4 11.69 9.94 10.09 10.21 9.98 10.37 11.2 10.89 10.27 10.24 10.53 
8.33 11.5 9.27 9.75 9.88 9.63 9.89 11.03 10.74 10.02 10.07 10.59 
8.03 11.0 9.41 10.16 10.14 9.68 9.92 11.02 10.71 9.92 10.21 10.75 
8.12 11.44 9.73 9.89 10.38 10.04 10.26 11.19 10.93 10.31 10.62 11.49 
8.21 11.03 9.46 9.65 9.56 9.91 10.57 11.22 11.41 12.2 12.42 12.99 
8.58 11.34 9.69 10.2 10.12 10.61 11.07 12.29 12.11 12.8 12.52 13.1 
8.2 11.72 10.24 9.83 9.98 10.43 10.82 11.04 11.14 11.12 10.91 11.13 
7.86 11.41 9.77 9.65 10.34 10.71 11.23 10.92 11.34 10.83 10.47 11.04 
8.35 11.82 10.37 9.99 10.81 11.04 11.47 11.41 11.82 11.18 10.81 11.51 
8.25 11.57 9.86 9.81 10.35 10.97 11.14 11.64 11.85 10.86 10.72 11.42 
7.89 11.43 9.97 9.84 10.45 10.78 10.91 11.98 11.65 10.51 10.26 10.98 
8.1 11.67 10.1 9.69 9.75 10.22 10.54 11.34 11.26 10.28 9.81 10.58 
8.1 11.61 10.04 9.71 10.1 10.49 10.8 11.11 11.09 10.23 9.87 10.67 
8.35 11.57 10.04 9.95 9.8 10.08 10.73 10.84 11.2 11.48 11.84 12.67 
10.75 11.79 11.02 9.88 10.59 10.87 10.65 10.52 10.94 10.73 10.65 11.17 
10.4 11.5 10.82 9.15 9.73 10.37 10.13 10.16 10.25 9.97 10.14 10.73 
10.23 11.35 11.06 9.56 9.48 10.15 9.99 10.56 11.02 10.44 10.43 10.97 
10.06 10.78 10.39 9.3 9.14 10.05 9.77 10.71 11.3 10.54 10.74 11.05 
10.18 10.6 10.05 9.55 9.03 9.81 9.77 10.92 11.02 10.53 10.6 11.19 
10.34 11.12 9.74 9.42 9.23 9.95 9.97 11.24 11.25 10.69 10.47 11.07 
10.27 11.01 10.86 10.05 9.78 9.84 9.95 10.36 10.32 9.84 9.76 10.6 
10.08 10.49 9.82 8.64 9.21 9.14 9.25 9.57 9.66 9.94 10.45 11.69 
10.22 11.16 10.09 9.25 9.14 10.0 10.23 9.85 10.13 9.99 10.07 10.42 
10.1 10.89 9.54 9.12 9.06 9.72 10.17 9.58 9.81 9.65 9.83 10.45 
10.05 11.02 9.8 9.38 9.07 9.8 10.21 9.72 9.91 9.71 9.84 10.57 
9.87 10.45 9.25 9.1 9.27 10.0 10.25 9.51 10.0 9.95 9.76 10.38 
10.07 10.74 9.42 9.63 9.37 9.99 9.97 9.91 10.11 9.84 9.59 10.32 
10.06 10.54 9.48 9.1 8.86 9.42 9.58 10.22 9.92 9.74 9.91 10.58 
10.0 10.79 9.72 9.31 9.37 10.24 10.59 10.87 11.01 10.67 10.98 11.58 
9.65 10.45 9.6 9.2 9.25 9.9 10.61 10.59 10.98 10.45 10.46 11.22 
10.47 11.43 10.13 9.52 9.56 10.25 10.85 11.33 11.71 11.89 11.91 12.65 
9.76 10.32 9.6 9.04 8.94 9.49 10.03 10.62 10.53 10.43 10.33 11.04 
9.95 10.72 9.96 8.88 9.03 9.56 9.9 11.37 11.78 10.57 10.28 11.26 
10.37 10.7 9.87 9.24 8.98 9.4 9.6 11.02 11.8 10.65 10.39 11.37 
9.83 10.05 9.17 8.27 8.38 8.68 8.8 9.76 10.38 9.6 9.57 10.47 
10.0 10.56 9.66 9.13 9.16 9.16 9.74 10.72 10.64 10.08 9.97 11.06 
10.06 10.89 10.75 10.16 9.69 9.92 10.35 10.87 10.53 10.02 9.68 10.55 
9.87 10.35 10.48 9.05 9.65 9.32 9.71 10.45 10.19 9.96 10.38 11.24 
10.42 11.36 10.2 9.74 9.51 10.41 10.75 10.52 11.16 11.01 10.86 11.54 
9.55 10.54 9.41 8.82 9.39 9.91 10.27 9.52 10.18 9.66 9.51 10.2 
9.98 10.69 9.84 9.39 9.76 10.09 10.4 9.97 10.36 9.9 9.76 10.59 
9.96 10.79 9.89 9.25 9.71 10.31 10.34 9.72 10.21 10.01 10.08 10.89 
9.99 10.33 9.75 9.24 9.47 9.9 10.13 10.1 10.31 10.23 10.4 11.28 
10.1 10.81 9.93 9.05 9.13 9.37 9.74 10.34 10.11 10.07 10.49 11.35 
10.05 10.65 9.87 9.39 9.43 10.0 10.29 10.65 10.86 10.3 10.94 11.62 
9.84 10.45 10.07 9.34 9.34 10.44 10.61 10.42 11.23 10.75 11.3 11.99 
10.18 11.03 10.25 10.21 10.82 11.21 10.1 9.98 10.94 10.75 11.08 11.76 
10.02 10.88 10.25 9.14 9.94 10.0 9.67 9.78 10.48 10.29 10.88 11.62 
10.07 10.82 10.74 9.07 9.18 9.64 9.6 10.32 10.3 10.27 10.82 11.6 
10.07 10.31 10.39 8.8 8.46 9.36 9.21 10.04 10.03 10.35 10.83 11.56 
10.0 10.28 10.12 8.7 8.29 9.22 9.63 10.56 10.79 10.59 10.91 11.62 
10.06 10.65 10.07 8.94 9.0 9.39 9.84 10.44 10.72 10.61 11.06 11.8 
10.09 10.77 10.28 9.03 9.58 9.43 10.72 10.65 11.04 10.88 11.02 11.7 
10.02 10.78 9.91 9.1 9.18 9.28 10.29 10.14 10.6 10.8 11.38 12.17 
10.44 11.4 10.0 9.66 9.66 10.65 11.59 11.0 11.01 11.34 11.57 12.19 
9.85 10.68 9.15 8.99 9.04 10.45 11.01 10.38 10.33 10.52 10.74 11.44 
9.61 10.09 8.93 8.77 8.94 10.21 10.96 10.41 10.33 10.46 10.82 11.5 
9.84 10.66 9.18 8.96 8.94 10.41 11.14 10.49 10.55 10.77 11.23 11.8 
10.47 11.2 10.23 9.86 10.35 10.75 11.89 11.3 11.34 11.46 11.72 12.42 
9.94 10.67 10.34 9.4 9.5 9.94 10.63 10.99 10.58 10.84 11.14 11.73 
9.74 10.62 10.34 9.48 9.66 9.77 10.62 10.58 10.91 10.83 11.19 11.8 
9.65 10.55 9.91 9.35 9.61 9.85 10.11 10.04 10.75 10.94 11.31 11.94 
10.08 10.79 10.13 9.39 9.7 10.17 10.87 10.42 11.37 11.14 11.41 11.94 
9.86 10.8 10.35 9.12 9.39 9.75 10.37 10.72 11.03 11.24 11.47 12.0 
9.78 10.17 10.18 8.85 9.07 9.4 10.29 11.43 11.41 11.29 11.58 12.15 
9.95 10.65 10.11 8.79 9.02 9.5 10.14 11.58 11.6 11.42 11.63 12.19 
10.07 10.83 10.21 9.99 9.49 9.82 10.55 11.35 11.37 11.36 11.66 12.21 
10.03 10.89 10.38 9.77 9.7 9.85 10.68 11.49 11.31 11.35 11.7 12.26 
9.6 10.29 10.13 9.35 9.54 9.5 10.51 10.94 10.97 11.41 11.89 12.62 
10.23 11.16 9.95 9.43 9.87 10.88 11.54 11.01 11.63 11.48 11.74 12.25 
9.93 10.77 9.75 9.28 9.56 11.23 11.75 10.91 11.84 11.49 11.73 12.32 
9.99 10.97 9.73 9.27 9.87 11.46 11.74 10.94 11.84 11.48 11.69 12.32 
9.9 10.89 9.5 9.15 9.6 11.26 11.83 11.0 11.72 11.51 11.83 12.38 
9.82 10.79 9.67 9.42 9.8 11.14 11.62 11.09 11.56 11.43 11.73 12.3 
9.34 10.69 10.11 9.26 9.37 9.98 10.61 10.92 11.06 11.69 11.95 12.55 
9.97 11.88 11.05 10.41 11.08 11.63 11.77 12.19 12.51 12.71 12.29 12.18 
9.31 11.03 10.06 9.48 9.62 11.16 10.78 11.43 11.76 11.78 11.24 11.04 
9.52 11.3 10.38 9.8 9.92 11.07 11.27 11.6 12.26 12.48 12.13 12.15 
9.78 11.39 10.65 10.01 9.79 10.57 10.99 11.35 11.9 12.04 11.8 12.0 
9.65 11.5 10.38 9.93 10.37 10.75 11.01 11.47 11.98 12.09 11.85 12.11 
9.44 10.87 9.63 9.5 9.76 10.21 10.67 11.27 11.7 12.0 11.95 12.31 
9.4 11.26 10.21 9.64 9.92 10.44 10.94 11.46 12.04 12.27 12.1 12.55 
9.74 11.31 10.52 10.16 10.41 10.65 11.09 11.66 12.11 12.09 11.96 12.43 
9.8 11.46 10.76 10.38 10.59 11.13 11.6 11.93 12.27 12.08 11.65 11.96 
9.6 11.31 10.38 9.79 10.17 11.28 11.49 11.79 12.3 12.15 11.84 12.21 
9.61 11.4 10.23 9.42 9.93 10.84 11.29 11.6 12.21 12.55 12.24 12.23 
9.82 11.5 10.31 9.63 10.3 10.33 11.23 11.54 12.06 12.09 11.81 12.13 
9.61 11.29 10.57 10.55 10.47 10.8 11.29 11.74 12.07 12.05 11.8 12.17 
9.52 11.03 10.39 9.95 9.69 10.24 10.9 11.35 11.74 12.04 11.95 12.34 
9.48 11.27 10.82 10.17 9.81 10.43 11.03 11.62 12.08 12.19 12.0 12.52 
9.95 11.82 11.24 10.38 10.24 10.82 11.37 11.95 12.27 12.34 12.38 12.81 
9.51 10.92 10.32 9.74 10.09 11.01 11.26 11.48 11.87 11.69 11.28 11.39 
10.08 11.76 10.44 10.15 10.11 11.63 11.88 12.13 12.57 12.41 12.14 12.43 
9.26 11.07 10.03 9.21 9.37 10.51 10.97 11.04 11.72 12.11 11.73 11.84 
9.76 11.46 10.56 10.3 9.67 10.42 11.07 11.55 11.94 12.06 11.82 12.12 
9.69 11.44 10.63 10.06 10.48 11.05 11.48 11.65 12.09 12.11 11.96 12.24 
9.53 11.21 9.88 9.71 9.68 10.55 10.97 11.15 11.87 12.05 11.93 12.31 
9.43 11.04 10.7 10.02 9.65 10.22 11.11 11.65 11.93 12.24 12.02 12.51 
9.84 11.41 10.77 10.35 10.06 10.38 11.11 11.63 11.91 11.93 11.86 12.33 
9.67 11.53 10.58 10.28 10.53 11.07 11.5 11.94 12.2 12.08 11.91 12.34 
9.59 11.59 10.28 9.89 10.14 11.3 11.47 11.73 12.1 12.03 11.86 12.35 
9.63 11.21 10.19 9.57 9.79 11.19 11.4 11.5 11.99 12.07 11.86 12.24 
9.89 11.43 10.39 9.8 9.78 11.01 11.52 11.4 11.88 11.83 11.76 12.24 
9.63 11.32 10.71 10.16 10.57 10.86 11.46 11.91 12.14 12.19 12.1 12.4 
10.09 11.62 11.18 10.78 10.45 11.09 11.64 12.19 12.48 12.69 12.7 13.22 
8.95 10.59 10.64 9.99 9.85 10.5 10.8 11.14 11.48 11.59 11.47 11.62 
9.58 11.57 11.02 10.53 10.96 11.16 11.46 11.74 12.06 12.22 11.98 11.92 
9.7 11.31 10.57 9.77 10.13 11.02 11.14 11.39 11.89 12.32 12.05 11.93 
9.7 11.4 10.35 9.41 9.44 11.12 11.08 11.29 11.91 11.99 11.54 11.44 
9.89 11.64 10.57 9.76 10.0 11.55 11.58 11.74 12.6 12.75 12.46 12.53 
10.08 11.85 10.93 10.26 10.26 10.9 11.63 12.04 12.44 12.36 12.04 12.25 
9.1 10.79 10.27 9.7 9.61 9.93 10.47 10.99 11.34 11.35 11.2 11.52 
9.58 11.29 10.74 9.71 9.59 10.09 10.71 11.31 11.71 11.97 11.81 12.31 
9.41 11.27 10.83 9.67 9.69 10.36 11.08 11.64 11.96 12.21 11.94 12.37 
9.67 11.44 10.53 10.39 9.96 10.33 11.0 11.65 12.01 12.04 11.96 12.4 
10.06 11.76 11.06 10.72 10.85 11.32 11.8 12.19 12.54 12.47 12.4 12.92 
9.24 11.1 10.03 9.52 9.62 10.96 11.25 11.39 11.77 11.72 11.36 11.79 
10.26 11.98 11.0 10.1 10.33 12.05 12.24 12.15 12.71 12.75 12.45 13.02 
9.8 11.34 10.42 9.74 9.86 11.3 11.42 11.4 11.87 11.91 11.67 12.1 
9.73 11.33 10.87 10.22 10.43 10.73 11.23 11.65 11.95 12.06 11.91 12.25 
8.95 10.5 9.82 9.43 9.11 9.59 10.08 10.57 11.0 11.23 11.15 11.54 
9.49 11.26 10.43 9.96 9.85 10.34 10.94 11.51 12.03 12.19 12.24 12.82 
9.92 11.43 10.79 9.77 9.78 10.4 11.01 11.58 12.03 12.12 12.03 12.5 
9.8 11.41 10.65 10.16 10.71 11.4 11.56 11.85 12.18 12.12 11.87 12.28 
9.67 11.37 10.23 9.91 10.02 11.36 11.53 11.75 12.13 12.06 11.85 12.39 
9.76 11.39 10.21 9.66 9.75 11.4 11.54 11.45 11.99 12.06 11.89 12.42 
10.39 12.09 11.29 10.18 10.3 12.05 12.39 12.28 12.76 12.7 12.58 13.15 
9.14 10.61 10.15 9.62 9.65 10.27 10.83 11.1 11.37 11.35 11.24 11.61 
9.65 11.32 10.67 10.31 9.9 10.52 10.96 11.49 11.68 11.96 11.92 12.41 
10.11 11.82 11.39 10.9 10.49 11.06 11.68 12.38 12.74 12.87 12.57 13.07 
9.29 10.86 10.15 9.54 9.22 9.93 10.44 11.0 11.33 11.31 11.24 11.66 
10.28 12.03 11.03 10.48 11.09 11.95 12.13 12.56 12.92 12.75 12.57 12.89 
9.18 10.85 9.73 9.36 9.39 10.69 11.08 11.08 11.45 11.45 11.34 11.76 
9.5 11.21 10.22 9.51 9.91 11.35 11.64 11.51 12.06 12.08 11.82 12.21 
9.81 11.43 10.65 9.94 10.21 11.42 11.68 11.58 12.08 12.1 11.93 12.23 
9.52 11.07 10.81 10.01 9.97 10.54 11.24 11.42 11.8 11.91 11.89 12.34 
9.6 11.38 10.61 9.98 9.42 10.34 10.71 11.26 11.74 11.96 11.91 12.3 
9.58 11.39 11.26 9.91 9.7 10.6 11.1 11.59 12.14 12.2 12.06 12.55 
9.74 11.48 10.92 10.45 10.19 10.69 11.16 11.64 11.94 12.09 11.95 12.0 
10.02 11.63 10.72 10.13 10.48 11.23 11.65 11.93 12.48 12.64 12.5 12.77 
8.25 9.49 9.07 8.68 8.95 11.04 11.48 10.47 11.41 11.67 11.39 11.37 
5.6 7.54 8.39 7.98 8.54 10.9 11.1 9.64 10.75 9.91 10.03 10.35 
6.51 8.65 9.71 8.85 9.47 12.18 11.99 10.73 11.82 10.85 10.93 11.12 
6.03 8.29 9.14 8.49 9.26 11.61 11.5 10.27 11.2 10.23 10.35 10.28 
6.45 8.5 9.47 8.88 9.91 12.01 11.85 10.84 12.05 11.09 10.98 10.72 
5.71 8.26 8.3 8.54 9.17 10.76 10.96 9.92 11.78 11.28 10.38 10.02 
5.6 7.85 7.63 8.02 9.09 9.0 9.51 9.31 10.39 9.33 8.81 9.09 
