maxTimeSong 269.8
 ---beats--- 
3.69 4.04 4.38 4.74 5.08 5.43 5.78 6.12 6.47 6.82 7.16 7.5 7.86 8.19 8.55 8.91 9.25 9.6 9.96 10.3 10.66 11.0 11.35 11.7 12.04 12.4 12.74 13.1 13.45 13.79 14.14 14.49 14.83 15.18 15.53 15.88 16.23 16.58 16.93 17.28 17.64 17.99 18.35 18.7 19.04 19.39 19.74 20.08 20.43 20.79 21.13 21.48 21.82 22.17 22.53 22.87 23.22 23.57 23.91 24.26 24.62 24.97 25.3 25.64 26.01 26.36 26.7 27.05 27.4 27.74 28.09 28.45 28.78 29.14 29.49 29.84 30.19 30.54 30.89 31.24 31.59 31.94 32.29 32.64 32.99 33.34 33.69 34.04 34.38 34.74 35.08 35.43 35.77 36.11 36.46 36.81 37.18 37.53 37.88 38.23 38.57 38.92 39.26 39.61 39.96 40.3 40.66 41.01 41.35 41.7 42.05 42.4 42.75 43.09 43.45 43.8 44.14 44.49 44.84 45.14 45.56 45.88 46.23 46.59 46.94 47.29 47.64 47.99 48.34 48.68 49.04 49.39 49.73 50.08 50.43 50.78 51.13 51.47 51.83 52.18 52.53 52.87 53.22 53.57 53.92 54.26 54.62 54.96 55.3 55.65 56.0 56.34 56.69 57.04 57.4 57.75 58.1 58.44 58.79 59.14 59.49 59.83 60.18 60.52 60.87 61.22 61.56 61.91 62.28 62.59 62.96 63.33 63.71 64.04 64.38 64.73 65.07 65.41 65.76 66.12 66.46 66.81 67.16 67.52 67.86 68.22 68.56 68.91 69.25 69.6 69.95 70.31 70.66 71.0 71.35 71.69 72.04 72.4 72.73 73.09 73.44 73.79 74.14 74.48 74.83 75.17 75.54 75.89 76.23 76.58 76.93 77.29 77.64 77.98 78.34 78.7 79.03 79.38 79.73 80.07 80.42 80.76 81.11 81.46 81.8 82.15 82.5 82.85 83.21 83.56 83.9 84.24 84.59 84.94 85.3 85.65 86.0 86.37 86.7 87.05 87.4 87.74 88.09 88.44 88.79 89.13 89.47 89.82 90.17 90.52 90.88 91.24 91.57 91.92 92.29 92.66 92.99 93.38 93.69 94.03 94.36 94.72 95.07 95.41 95.77 96.13 96.47 96.82 97.17 97.52 97.87 98.22 98.57 98.92 99.27 99.61 99.97 100.32 100.67 101.01 101.36 101.72 102.06 102.4 102.75 103.1 103.45 103.8 104.14 104.5 104.84 105.2 105.53 105.88 106.23 106.58 106.93 107.29 107.64 107.98 108.34 108.69 109.04 109.38 109.73 110.07 110.42 110.78 111.14 111.47 111.81 112.17 112.52 112.86 113.22 113.56 113.92 114.26 114.62 114.97 115.32 115.7 116.0 116.38 116.69 117.04 117.4 117.75 118.1 118.44 118.78 119.14 119.5 119.84 120.19 120.54 120.89 121.23 121.57 121.91 122.26 122.61 122.97 123.31 123.67 124.02 124.36 124.72 125.06 125.44 125.76 126.12 126.45 126.8 127.15 127.49 127.84 128.19 128.61 128.91 129.27 129.62 129.96 130.32 130.64 130.99 131.35 131.69 132.05 132.4 132.74 133.09 133.44 133.79 134.14 134.49 134.83 135.17 135.53 135.89 136.24 136.58 136.92 137.28 137.63 137.97 138.31 138.66 139.01 139.36 139.71 140.07 140.42 140.76 141.12 141.47 141.81 142.17 142.51 142.86 143.21 143.57 143.91 144.25 144.6 144.96 145.29 145.64 146.0 146.35 146.69 147.04 147.39 147.75 148.11 148.45 148.8 149.14 149.49 149.84 150.18 150.52 150.88 151.22 151.57 151.96 152.27 152.62 152.97 153.32 153.67 154.02 154.37 154.71 155.06 155.41 155.76 156.12 156.47 156.8 157.18 157.52 157.87 158.22 158.57 158.89 159.22 159.6 159.94 160.28 160.64 161.0 161.35 161.7 162.06 162.41 162.75 163.1 163.46 163.82 164.16 164.51 164.86 165.2 165.56 165.9 166.25 166.6 166.95 167.29 167.65 167.99 168.34 168.68 169.03 169.38 169.72 170.07 170.43 170.77 171.12 171.47 171.82 172.18 172.52 172.87 173.22 173.57 173.92 174.27 174.61 174.97 175.31 175.66 176.01 176.36 176.71 177.06 177.4 177.75 178.1 178.46 178.8 179.15 179.5 179.85 180.2 180.55 180.9 181.24 181.58 181.95 182.29 182.62 182.98 183.33 183.68 184.04 184.39 184.73 185.09 185.43 185.78 186.12 186.46 186.77 187.17 187.52 187.87 188.22 188.56 188.91 189.26 189.62 189.97 190.32 190.66 191.01 191.36 191.71 192.05 192.4 192.75 193.09 193.44 193.79 194.15 194.5 194.85 195.2 195.53 195.88 196.22 196.59 196.93 197.27 197.63 197.95 198.29 198.65 199.02 199.38 199.76 200.12 200.44 200.77 201.12 201.48 201.81 202.16 202.51 202.87 203.22 203.56 203.9 204.25 204.6 204.95 205.3 205.65 205.99 206.32 206.69 207.05 207.39 207.74 208.1 208.44 208.79 209.14 209.48 209.83 210.18 210.53 210.89 211.23 211.58 211.93 212.28 212.62 212.98 213.32 213.67 214.02 214.37 214.72 215.07 215.43 215.76 216.12 216.47 216.8 217.15 217.49 217.85 218.2 218.55 218.9 219.25 219.59 219.94 220.31 220.65 221.0 221.34 221.68 222.03 222.39 222.73 223.07 223.41 223.78 224.14 224.48 224.83 225.19 225.53 225.89 226.23 226.58 226.92 227.28 227.62 227.97 228.32 228.68 229.01 229.35 229.71 230.06 230.42 230.77 231.12 231.46 231.81 232.16 232.5 232.84 233.19 233.54 233.9 234.24 234.59 234.94 235.3 235.65 236.0 236.34 236.69 237.05 237.39 237.75 238.09 238.44 238.78 239.14 239.48 239.84 240.17 240.52 240.86 241.22 241.57 241.91 242.26 242.62 242.96 243.31 243.68 244.01 244.31 244.7 245.05 245.39 245.73 246.08 246.43 246.78 247.12 247.48 247.84 248.2 248.55 248.9 249.25 249.61 249.96 250.32 250.67 251.01 251.34 251.7 252.04 252.39 252.74 253.09 253.44 253.79 254.13 254.49 254.83 255.2 255.53 255.88 256.23 256.58 256.92 257.26 257.63 257.97 258.33 258.68 259.04 259.39 259.73 260.08 260.42 260.77 261.12 261.45 261.81 262.16 262.5 262.84 263.2 263.56 263.93 264.25 264.6 264.95 265.31 265.66 266.02 266.38 266.7 
 ---spectro--- 
756 12
5.9 7.58 7.19 6.78 6.69 6.95 7.14 7.39 7.94 8.18 8.1 8.02 
9.88 12.27 11.25 10.73 10.69 10.5 10.82 12.14 12.68 12.14 10.94 10.5 
9.86 12.17 10.92 10.64 10.05 10.08 10.47 11.75 12.65 12.87 12.71 12.34 
9.23 12.29 10.77 10.2 10.09 10.22 10.66 11.69 12.31 12.45 12.2 12.29 
9.87 12.09 10.26 9.7 9.7 9.87 10.49 11.67 12.35 12.16 11.88 12.0 
9.64 12.08 10.49 10.21 9.98 10.04 10.64 11.77 12.46 12.24 11.73 11.39 
9.56 11.96 10.55 10.12 10.11 9.86 10.09 11.49 12.17 12.0 11.48 11.38 
9.14 11.95 10.64 9.87 9.85 9.96 10.34 11.45 12.09 12.07 11.77 11.92 
9.8 11.83 10.06 9.55 9.56 9.85 10.34 11.48 12.21 11.79 11.48 11.83 
9.14 11.97 10.24 9.88 9.69 9.9 10.46 11.59 12.26 11.9 11.57 11.89 
9.96 12.07 10.36 9.85 9.67 9.69 9.93 11.22 11.89 11.58 11.45 11.77 
9.22 12.01 10.45 9.98 9.91 9.77 10.42 11.43 12.05 11.94 11.67 12.01 
9.87 11.88 10.2 9.76 9.54 9.69 10.23 11.51 12.23 11.77 11.53 11.78 
9.55 11.94 10.35 10.16 9.79 10.02 10.35 11.67 12.2 12.07 11.78 11.92 
9.98 12.18 10.79 10.69 10.46 10.26 10.71 11.96 12.63 12.53 12.11 11.81 
9.36 11.44 10.01 9.85 9.79 9.71 10.02 11.27 11.86 11.88 11.47 11.16 
9.54 11.9 10.69 10.41 9.9 10.02 10.31 11.59 12.33 12.36 11.98 11.63 
9.16 12.02 10.75 10.45 10.32 10.08 10.42 11.61 12.3 12.45 12.17 11.84 
9.69 12.36 10.78 10.13 9.69 10.08 10.42 11.63 12.53 12.66 12.43 12.06 
8.77 11.56 10.06 9.67 9.6 9.6 10.08 11.1 11.9 11.94 11.8 11.33 
9.77 11.85 10.1 9.42 9.56 9.78 10.3 11.44 12.23 12.21 12.0 11.94 
9.65 12.07 10.72 10.31 9.91 10.37 10.64 11.78 12.47 12.35 11.85 11.47 
9.31 11.75 10.42 9.79 9.57 9.68 9.92 11.21 11.92 11.8 11.27 11.18 
9.37 11.88 10.58 10.18 9.96 10.07 10.48 11.49 12.11 12.02 11.75 11.91 
9.8 11.83 10.24 9.58 9.62 9.86 10.36 11.49 12.22 11.86 11.55 11.88 
9.07 11.9 10.38 10.01 9.86 9.98 10.56 11.72 12.27 12.0 11.72 11.96 
9.95 12.05 10.29 9.84 9.77 9.85 10.01 11.27 11.86 11.59 11.5 11.84 
9.27 11.92 10.31 9.93 9.91 9.91 10.21 11.27 11.89 11.81 11.68 11.96 
9.79 11.91 10.17 9.44 9.67 9.88 10.39 11.45 12.17 11.78 11.45 11.77 
9.6 11.83 10.43 10.06 9.88 10.03 10.41 11.54 12.15 11.93 11.71 11.63 
9.56 11.76 10.66 10.3 10.18 10.03 10.49 11.62 12.22 12.17 11.88 11.5 
9.46 11.87 10.91 10.39 10.1 10.0 10.43 11.57 12.29 12.24 11.86 11.47 
9.57 11.97 10.61 10.54 9.88 10.05 10.52 11.67 12.34 12.26 11.82 11.36 
9.08 11.99 10.76 10.34 10.45 10.06 10.43 11.7 12.31 12.32 11.97 11.58 
9.72 11.91 10.44 10.03 9.44 10.03 10.27 11.57 12.39 12.44 11.96 11.73 
8.79 11.93 10.08 9.53 9.15 9.5 9.98 11.03 11.72 11.76 10.92 10.65 
7.43 9.74 8.71 8.04 7.6 8.01 8.99 10.26 10.94 10.79 9.18 8.64 
7.76 10.25 9.65 9.29 8.92 8.9 9.35 10.8 11.58 11.03 8.56 8.14 
6.94 9.58 8.75 8.69 7.91 8.19 9.21 10.51 11.18 11.12 8.43 7.83 
6.14 8.5 7.4 8.21 6.67 8.22 9.1 10.27 10.86 11.16 8.71 7.9 
7.9 11.19 10.77 10.45 10.32 10.45 11.1 12.03 12.67 12.67 12.06 11.73 
10.11 12.75 10.86 10.89 10.15 10.54 11.05 12.22 12.64 12.35 11.96 12.04 
9.43 12.08 11.6 10.37 9.94 10.36 10.45 12.1 12.8 12.88 12.81 12.6 
8.52 11.66 11.34 10.19 10.1 9.84 10.16 11.54 12.11 11.92 11.65 11.89 
9.71 12.02 11.09 10.14 10.43 10.03 10.43 11.82 12.36 11.97 11.52 11.76 
8.88 12.04 10.67 10.73 10.24 10.56 10.85 11.38 12.31 11.75 11.31 11.21 
9.52 12.05 10.93 10.72 10.09 11.44 11.48 11.92 12.6 11.83 11.42 11.34 
8.96 11.85 10.44 10.32 10.06 10.49 10.6 12.07 12.41 11.54 11.28 11.34 
9.37 11.46 10.07 9.62 9.43 9.46 9.81 10.85 11.41 10.84 10.11 10.32 
9.02 12.02 10.84 10.48 10.17 10.06 10.26 11.54 11.99 11.55 10.86 10.89 
9.37 11.62 10.55 10.22 10.56 10.22 10.84 11.42 11.98 11.33 11.03 11.19 
9.04 11.83 10.62 10.44 10.24 10.17 10.74 11.49 11.94 11.54 10.74 11.32 
9.78 11.66 10.43 10.42 10.57 10.17 10.88 11.71 12.1 11.62 11.02 11.3 
9.18 11.94 10.57 10.6 10.15 10.78 10.96 11.32 12.03 11.37 10.68 11.1 
9.39 11.75 10.41 10.4 9.9 11.13 11.12 11.87 12.4 11.32 10.78 11.19 
9.05 11.91 10.51 10.66 10.03 10.21 10.56 11.94 12.06 11.4 10.68 11.04 
9.87 11.82 9.97 9.71 9.89 9.7 10.24 11.15 11.75 11.08 10.15 10.08 
9.05 11.75 10.44 10.26 9.8 10.13 10.34 11.54 12.01 11.49 10.28 10.28 
9.61 12.11 10.46 10.16 9.85 9.92 10.0 11.16 11.73 11.12 9.97 10.29 
9.24 11.86 10.67 10.32 9.78 10.38 10.3 11.31 12.07 11.54 10.39 10.78 
9.74 11.77 10.73 9.83 9.95 10.45 10.51 11.28 12.22 11.47 10.54 10.84 
9.35 11.78 10.89 10.09 9.87 10.56 10.7 11.1 12.22 11.35 10.67 11.09 
9.48 11.84 10.8 10.34 9.9 10.28 10.72 11.3 12.25 11.26 10.88 10.97 
9.31 11.83 10.52 9.94 9.78 10.02 10.6 11.7 12.13 11.33 10.51 11.03 
9.68 11.75 10.56 9.59 9.94 10.09 10.5 11.67 12.01 11.12 10.52 10.91 
9.08 11.86 10.57 10.04 10.74 10.74 10.58 11.58 12.21 11.48 10.7 10.93 
9.86 11.47 10.53 10.31 10.15 10.53 10.38 11.4 12.16 11.32 10.6 10.99 
8.85 11.7 10.22 10.36 10.08 11.15 10.66 11.4 12.14 11.72 11.52 11.74 
9.84 11.79 10.24 9.95 9.76 10.67 11.22 11.9 12.16 11.53 11.02 11.18 
9.51 11.64 10.64 10.44 9.92 10.16 10.36 11.48 12.16 11.99 11.77 11.7 
9.47 11.63 10.49 10.0 9.98 10.58 10.6 12.29 12.67 12.09 11.8 11.44 
9.42 11.59 10.38 10.13 10.28 10.64 10.57 12.21 12.5 12.06 11.73 11.51 
9.26 11.68 10.48 10.1 10.66 10.69 10.83 12.18 12.44 12.01 11.61 11.38 
9.11 11.78 10.84 10.57 10.44 10.21 10.38 11.81 12.3 12.2 11.96 11.78 
9.3 11.93 10.91 10.01 9.5 9.79 10.1 11.63 12.17 12.23 12.08 11.87 
8.67 11.81 11.13 10.29 9.86 9.99 10.33 11.74 12.22 12.04 11.91 11.9 
9.51 11.71 10.94 9.88 10.44 9.72 10.41 11.64 12.15 11.92 11.46 11.28 
8.7 11.95 10.46 10.31 10.0 10.07 10.64 11.34 11.98 12.0 11.5 11.7 
9.27 11.9 10.37 10.45 9.54 10.72 11.1 11.71 12.26 11.64 11.21 11.52 
8.77 11.79 10.83 10.12 10.09 10.13 10.45 11.75 12.15 11.49 10.78 11.21 
9.73 11.88 10.6 9.49 9.87 9.69 10.06 11.16 11.73 11.07 10.23 10.15 
8.96 11.81 10.73 10.21 9.94 10.04 10.42 11.65 12.11 12.03 11.73 11.8 
9.55 11.72 10.32 10.12 10.16 9.84 10.32 11.72 12.02 11.37 10.78 11.11 
8.96 11.66 10.39 10.4 10.24 10.18 10.45 11.81 12.25 11.45 10.75 10.9 
9.77 11.67 10.59 9.96 10.42 10.07 10.69 11.78 12.22 11.3 10.64 11.09 
9.36 12.16 10.71 10.69 10.13 10.7 11.02 11.62 12.33 11.84 11.24 11.83 
9.17 11.4 9.91 10.22 9.57 10.78 10.67 11.28 12.01 11.09 10.34 10.93 
8.93 11.78 10.62 10.36 10.23 10.47 10.61 11.95 12.28 11.38 10.75 10.96 
10.11 12.2 10.61 10.29 10.12 10.17 10.72 11.78 12.3 11.83 10.68 10.52 
8.61 11.44 9.96 9.64 9.39 9.7 10.25 10.99 11.57 11.25 10.11 10.1 
9.79 12.09 10.44 10.17 9.68 9.54 10.02 11.14 11.64 11.04 9.84 10.01 
9.37 11.95 10.68 10.44 9.92 10.16 10.32 11.39 11.99 11.5 10.63 10.73 
10.06 12.14 11.36 10.2 10.12 10.43 10.67 11.62 12.52 11.85 10.78 11.49 
8.94 11.64 10.64 9.9 9.57 10.08 10.24 10.89 11.95 11.12 10.4 11.2 
9.62 11.89 10.85 10.11 9.76 10.29 10.42 11.6 12.31 11.48 10.85 11.29 
9.16 11.58 10.57 9.89 9.73 10.03 11.01 11.54 12.3 11.32 10.92 11.34 
9.68 11.73 10.71 9.87 9.93 10.51 11.36 11.57 12.28 11.25 10.69 11.31 
8.86 11.77 10.71 10.13 10.57 10.54 11.01 11.55 12.23 11.67 10.95 11.01 
10.04 12.03 10.86 10.5 10.59 11.18 11.12 11.89 12.81 11.7 10.93 10.9 
9.19 11.7 10.63 10.24 9.92 11.01 11.12 11.43 12.47 11.9 11.73 11.89 
9.33 11.43 10.13 10.02 9.79 10.11 10.68 11.34 11.77 11.46 11.12 11.3 
9.47 11.66 10.5 10.63 9.94 10.27 10.38 11.54 12.15 11.92 11.72 11.67 
9.4 11.65 10.37 9.97 10.11 10.64 10.5 12.06 12.55 11.82 11.72 11.82 
9.44 11.67 10.36 10.2 10.93 10.43 10.58 11.94 12.54 11.97 11.54 11.35 
9.29 11.56 10.01 9.95 10.16 10.58 10.32 11.81 12.44 11.94 11.37 11.31 
9.31 12.2 11.05 10.39 10.23 11.01 11.23 12.09 12.62 12.44 12.35 12.45 
9.31 11.84 10.43 10.39 9.82 10.02 10.22 11.56 12.27 12.3 11.98 11.54 
8.73 11.58 10.27 10.18 9.71 9.69 9.98 11.02 11.74 11.51 11.23 10.69 
9.84 11.73 10.21 10.53 10.72 10.88 11.38 11.45 12.35 11.67 11.4 11.09 
9.39 11.76 10.68 10.49 10.08 10.63 11.2 11.8 12.46 11.69 11.3 11.26 
9.42 11.86 10.47 10.46 10.21 10.09 10.37 11.99 12.41 11.8 11.56 11.77 
9.08 11.88 11.07 10.52 10.28 10.54 10.6 11.56 12.24 11.73 11.25 11.46 
9.63 11.83 10.94 10.17 10.29 10.35 10.3 12.02 12.48 11.56 11.2 10.94 
9.07 11.89 10.93 10.33 9.9 10.78 10.77 11.84 12.48 11.71 11.28 11.27 
9.24 11.68 10.65 9.77 10.29 11.36 11.32 11.44 12.45 11.58 11.09 11.04 
8.82 11.65 10.89 9.88 10.19 11.06 11.28 11.47 12.34 11.69 11.2 11.23 
9.61 11.73 11.14 10.23 10.19 10.23 10.63 12.06 12.56 11.72 11.48 11.43 
9.33 11.96 10.99 10.08 9.95 10.0 10.33 11.64 12.3 12.22 12.29 12.09 
9.52 11.96 11.01 10.21 10.42 10.85 11.39 11.45 12.46 12.06 11.81 11.71 
9.46 11.76 10.85 10.37 10.76 10.61 11.23 11.57 12.47 12.09 11.58 11.27 
9.52 11.63 10.6 10.34 10.77 11.23 10.76 11.38 12.5 12.04 11.66 11.28 
9.26 11.8 10.85 10.36 10.58 10.58 10.57 11.55 12.31 12.0 11.5 11.36 
9.49 11.67 10.35 10.17 9.8 9.85 10.18 11.24 12.3 12.4 12.21 11.85 
9.08 11.8 10.52 10.61 10.17 10.04 10.32 11.53 12.21 11.97 11.63 11.14 
9.73 11.73 10.55 10.18 11.07 10.59 10.78 11.44 12.39 11.71 11.21 10.95 
9.42 11.78 10.41 10.33 10.65 10.59 10.65 11.44 12.28 11.72 11.13 10.85 
9.41 11.74 10.78 10.11 10.13 9.93 10.35 12.06 12.37 11.86 11.52 11.79 
9.07 12.0 10.79 10.19 10.13 10.05 10.47 11.89 12.33 11.93 11.66 11.86 
9.57 11.93 11.02 10.05 10.26 10.43 10.56 11.75 12.39 11.62 11.37 11.27 
8.81 11.89 10.78 10.22 9.79 10.23 10.45 11.44 12.13 11.72 11.25 11.09 
9.21 11.84 10.98 9.96 11.21 10.46 10.53 11.63 12.31 11.74 11.32 11.26 
8.89 11.75 10.92 10.1 11.02 10.49 10.33 11.75 12.32 11.72 11.32 11.36 
9.64 11.78 10.76 10.0 10.73 10.21 10.11 11.6 12.35 11.65 11.2 11.2 
9.41 11.82 10.45 9.93 11.25 10.36 10.35 11.75 12.44 11.97 11.64 11.34 
9.19 11.66 10.27 9.73 11.07 10.17 10.08 11.7 12.36 12.07 11.97 11.85 
9.27 11.79 10.89 9.92 10.39 10.27 10.61 11.78 12.36 11.97 11.66 11.22 
9.2 11.72 10.41 9.89 9.77 9.81 10.24 11.39 12.24 11.96 11.69 11.11 
8.89 11.9 10.55 10.02 9.96 10.13 10.49 11.55 12.26 12.14 11.7 11.36 
9.42 11.8 10.46 9.91 9.54 9.7 10.04 11.24 12.25 12.43 12.38 12.2 
9.26 11.75 10.56 10.32 9.86 9.97 10.16 11.32 12.03 11.94 11.52 11.1 
9.87 11.64 10.38 10.19 10.44 10.77 11.12 11.9 12.37 11.7 11.25 10.97 
9.39 11.66 10.32 10.29 10.22 10.59 10.92 11.96 12.45 11.72 11.15 10.93 
9.24 11.83 10.88 10.33 9.94 10.09 10.63 12.16 12.31 11.61 11.33 11.39 
9.02 11.98 10.79 10.42 10.3 10.61 10.69 11.51 12.12 11.75 11.21 11.4 
9.68 11.92 10.68 9.93 10.21 10.3 10.29 12.15 12.44 11.64 11.28 11.1 
8.77 11.71 10.38 10.0 10.24 10.54 10.7 12.13 12.43 11.73 11.35 11.26 
9.29 11.96 10.9 9.96 10.51 10.5 10.74 11.88 12.3 11.62 11.3 11.32 
9.01 11.79 10.83 10.08 10.43 10.75 10.67 11.29 12.15 11.61 11.11 10.96 
9.63 11.8 10.43 10.55 10.16 10.78 10.73 11.21 12.41 11.68 11.24 11.16 
9.72 12.23 11.08 10.38 10.41 10.68 11.1 12.06 12.77 12.36 12.0 12.03 
9.23 11.44 10.41 10.11 10.12 10.98 10.75 11.26 12.17 11.72 11.44 11.21 
9.71 12.03 10.84 10.41 10.77 10.9 11.26 11.74 12.57 12.22 11.83 11.41 
9.26 11.59 10.32 10.22 10.79 10.82 10.52 11.23 12.15 11.83 11.66 11.33 
9.63 11.89 11.01 10.56 11.03 10.87 10.75 11.72 12.51 12.31 12.09 11.77 
9.31 11.61 10.41 10.2 9.77 9.75 10.04 11.09 11.88 11.91 11.74 11.35 
9.31 11.82 10.57 10.2 9.8 9.89 10.19 11.26 11.99 11.77 11.38 10.9 
9.66 11.87 10.19 10.16 9.84 9.96 10.31 11.29 12.05 11.57 11.22 10.8 
9.18 11.9 10.45 10.09 9.76 10.02 10.28 11.13 12.01 11.69 11.45 11.64 
9.66 11.66 10.37 9.89 9.95 10.28 10.72 11.46 12.08 11.55 11.14 10.81 
9.09 11.79 10.5 10.24 9.9 10.38 10.38 11.6 12.15 11.69 11.16 10.96 
9.77 11.73 10.38 9.98 9.92 10.19 10.42 11.71 12.42 11.7 11.42 11.43 
9.56 12.04 10.97 10.23 10.25 10.32 10.65 12.13 12.71 12.39 11.98 11.7 
8.99 11.57 10.45 9.63 9.82 10.05 9.96 11.5 12.29 11.88 11.67 11.23 
8.82 11.76 10.89 9.71 9.88 10.25 10.25 11.56 12.42 11.82 11.43 11.26 
9.54 11.9 10.54 9.34 9.8 10.22 10.2 11.47 12.36 11.67 11.43 11.41 
8.78 11.9 10.47 9.61 10.4 9.95 10.25 11.52 12.24 11.65 11.38 11.31 
9.57 11.92 10.56 9.39 10.94 9.89 10.13 11.56 12.39 11.85 11.42 11.39 
9.2 11.7 10.67 10.18 10.75 9.94 10.38 11.82 12.38 11.89 11.38 11.16 
8.84 11.64 11.12 10.09 10.56 10.28 10.54 11.68 12.15 11.5 10.75 10.5 
8.61 11.75 10.43 9.97 10.63 10.47 10.85 11.5 12.22 11.66 10.97 10.84 
8.24 9.89 8.72 8.89 8.89 9.46 9.32 10.19 11.16 11.18 10.84 10.82 
8.17 9.71 9.05 9.13 9.39 9.15 9.3 10.51 11.31 11.84 12.13 12.36 
9.75 10.62 9.32 9.32 8.96 9.77 10.37 11.19 12.2 12.52 12.66 12.54 
9.88 12.32 10.44 10.65 10.2 10.89 11.01 11.56 12.21 12.03 11.41 10.84 
9.31 11.77 10.29 10.21 9.42 9.61 9.99 11.06 11.85 11.93 11.42 11.24 
9.22 11.94 10.47 9.83 9.71 10.06 10.58 11.52 12.12 12.07 11.81 12.01 
10.15 12.29 10.94 10.44 10.6 10.92 11.29 12.55 13.05 12.41 12.04 12.21 
9.38 11.84 10.59 10.05 10.24 10.69 10.95 11.69 12.39 11.92 11.41 11.2 
9.59 11.96 10.33 10.17 10.19 11.5 11.57 11.98 12.54 12.21 11.55 11.55 
8.91 11.41 10.07 10.01 10.26 10.9 11.07 11.62 11.89 11.63 11.27 11.62 
9.92 12.2 10.55 10.7 10.56 10.76 11.1 11.85 12.53 12.01 11.33 11.76 
8.74 11.59 10.05 9.92 9.6 9.97 10.21 11.28 11.91 11.44 11.15 11.63 
9.87 11.82 10.46 10.13 9.89 10.26 10.64 11.94 12.39 11.61 11.32 11.7 
9.3 11.77 10.3 10.29 9.79 10.47 11.13 11.81 12.6 11.79 11.48 11.81 
9.45 11.77 10.04 10.27 9.44 10.13 10.77 11.84 12.36 11.64 11.31 11.77 
9.03 11.76 10.44 10.48 9.82 10.21 10.49 12.01 12.58 11.87 11.49 11.78 
9.83 11.63 10.47 9.64 9.88 10.11 10.26 11.65 12.14 11.53 11.38 11.76 
9.33 11.91 10.43 9.97 9.89 10.03 10.62 11.54 12.16 11.87 11.5 11.87 
9.36 11.88 10.29 9.31 9.42 10.38 11.39 11.24 12.34 11.58 11.39 11.81 
9.49 12.37 11.12 10.2 10.06 10.93 11.53 12.01 12.84 12.15 11.86 12.1 
9.04 11.61 10.31 9.62 9.46 10.21 10.43 10.77 11.95 11.59 11.04 11.05 
9.01 11.85 10.7 10.14 9.74 10.0 10.42 11.25 11.93 11.89 11.66 11.94 
9.74 11.78 10.61 10.05 9.88 10.49 10.88 12.0 12.43 11.91 11.54 11.82 
9.52 12.0 10.84 10.27 10.3 10.82 11.28 11.92 12.65 12.21 11.81 11.53 
9.51 11.91 10.52 10.14 10.05 11.5 11.54 11.94 12.48 12.24 11.85 11.58 
8.56 11.38 10.09 10.2 10.21 11.01 11.05 11.62 11.84 11.64 11.34 11.58 
9.92 12.17 10.81 10.72 10.44 11.01 11.27 11.88 12.65 12.12 11.69 11.96 
8.89 11.74 10.56 10.45 10.94 10.45 10.62 11.46 12.33 11.83 11.52 11.83 
9.51 11.42 10.1 9.49 9.76 10.02 10.12 10.9 11.56 11.25 11.34 11.69 
9.43 11.72 10.39 10.37 9.78 10.42 10.69 11.87 12.47 11.78 11.45 11.66 
9.46 11.76 10.24 9.96 9.86 10.19 10.57 11.38 12.05 11.58 11.64 12.03 
9.7 12.17 10.59 10.69 9.78 10.57 11.09 11.92 12.55 12.24 11.88 11.95 
8.96 11.5 10.21 9.67 9.38 9.97 10.15 11.59 12.07 11.8 11.34 11.2 
9.23 11.82 10.61 10.3 10.06 10.54 10.5 11.87 12.38 12.13 11.7 11.52 
9.22 11.72 10.49 9.9 9.7 10.74 10.44 11.72 12.28 12.1 11.7 11.35 
8.65 11.78 10.21 10.29 10.15 10.85 10.32 11.86 12.39 12.28 11.85 11.6 
9.53 12.0 10.87 10.4 9.79 10.16 10.44 11.64 12.41 12.6 12.22 11.89 
8.7 11.64 10.15 9.58 9.56 9.72 10.08 11.05 11.86 11.95 11.71 11.3 
9.72 11.79 10.59 9.89 9.99 10.62 10.77 12.03 12.52 12.23 11.95 11.84 
9.51 11.9 10.76 10.27 10.07 10.86 11.14 11.83 12.66 12.26 11.78 11.43 
9.26 11.89 10.42 9.92 10.05 11.61 11.34 11.94 12.49 12.2 11.47 11.39 
9.05 11.68 10.24 10.33 10.53 11.23 11.47 11.85 12.19 11.93 11.58 11.81 
9.44 11.47 9.8 10.08 9.56 9.92 10.18 11.13 11.83 11.34 11.06 11.37 
8.85 11.95 10.51 10.49 9.95 10.23 10.57 11.55 12.16 11.9 11.67 11.94 
9.85 11.7 10.42 10.23 9.73 10.16 10.52 11.77 12.27 11.66 11.58 11.78 
9.5 11.78 10.3 10.29 9.88 10.4 10.53 11.7 12.21 11.73 11.53 11.81 
9.57 11.75 10.1 10.22 9.48 10.24 10.69 11.63 12.37 11.64 11.43 11.8 
9.24 11.81 10.2 10.0 9.69 10.56 11.37 11.47 12.52 11.71 11.43 11.57 
9.64 11.96 10.92 10.03 9.79 10.09 10.64 11.8 12.23 11.84 11.69 11.95 
9.6 12.38 10.73 10.28 9.96 10.76 11.3 11.72 12.54 12.17 11.87 12.12 
9.02 11.56 9.94 9.45 9.58 10.11 10.72 10.83 11.8 11.41 11.2 11.47 
8.94 12.13 11.23 10.47 10.11 11.04 11.26 11.92 12.75 12.4 11.8 11.6 
9.42 11.43 10.27 9.52 9.58 10.27 10.56 10.9 11.84 11.63 11.26 10.8 
9.28 12.15 10.94 10.38 10.69 10.9 11.26 11.76 12.76 12.55 12.28 11.82 
9.39 11.39 10.4 9.69 10.01 10.48 10.63 11.64 12.2 11.8 11.51 11.59 
9.33 11.77 10.65 10.13 10.0 10.69 11.04 11.66 12.44 12.08 11.52 11.23 
9.27 11.76 10.23 9.76 10.03 11.11 11.19 11.6 12.3 11.91 11.26 11.2 
9.05 11.76 10.41 9.96 10.51 11.07 11.27 12.06 12.37 12.15 11.79 11.87 
9.58 11.8 10.43 10.47 10.23 10.61 10.86 11.68 12.23 11.87 11.53 11.79 
9.0 11.79 10.44 10.26 10.32 10.15 10.44 11.92 12.37 11.85 11.58 11.84 
9.69 11.72 10.21 10.09 9.81 10.21 10.57 11.69 12.27 11.63 11.33 11.54 
9.67 11.99 10.26 10.31 9.7 10.61 11.12 11.78 12.57 12.0 11.82 11.99 
9.39 11.62 9.6 10.18 9.5 9.91 10.61 11.53 12.15 11.57 11.33 11.55 
8.96 11.84 10.44 10.14 9.74 10.29 11.03 11.51 12.25 11.87 11.62 11.72 
9.23 11.83 10.57 9.6 9.68 10.42 10.56 11.59 12.35 12.18 11.62 11.63 
9.23 11.84 10.53 9.54 9.99 10.09 10.25 11.61 12.39 12.15 11.89 11.59 
9.27 11.58 10.43 9.71 10.58 10.03 10.27 11.86 12.48 12.35 12.26 11.91 
9.15 11.72 10.17 10.24 10.64 10.29 10.35 11.81 12.33 12.2 11.98 11.53 
9.69 11.68 10.15 10.69 10.08 9.87 10.08 11.65 12.33 12.23 11.8 11.45 
8.99 11.83 10.31 10.67 10.15 9.97 10.33 11.71 12.24 12.27 11.75 11.57 
9.67 11.97 10.19 10.27 9.65 9.8 10.22 11.67 12.39 12.08 11.7 11.88 
9.49 11.78 10.2 10.05 9.76 10.08 10.36 11.61 12.31 12.03 11.5 11.23 
9.3 11.65 9.91 9.87 9.73 9.68 10.1 11.24 11.97 11.72 11.09 10.95 
9.18 11.8 10.26 10.46 10.15 9.91 10.49 11.52 12.1 12.0 11.77 11.93 
9.88 11.65 10.29 10.44 10.08 9.84 10.15 11.5 12.09 11.76 11.53 11.69 
9.45 11.68 10.39 10.37 10.58 10.28 10.76 11.57 12.39 11.95 11.58 11.65 
9.29 12.06 10.74 10.75 10.03 11.19 11.47 12.05 12.61 12.05 11.64 11.51 
8.72 11.38 10.05 9.93 9.58 10.63 11.27 11.47 12.16 11.16 10.12 10.4 
8.7 11.27 10.83 10.11 9.8 10.87 10.93 11.71 12.46 11.38 10.12 10.94 
8.68 11.4 10.71 10.13 9.87 10.82 11.08 11.65 12.55 11.49 10.16 11.04 
8.74 11.41 11.06 10.39 10.08 10.89 11.44 11.63 12.75 12.17 11.91 12.08 
9.84 11.18 10.83 10.06 10.13 10.77 11.26 11.48 12.71 11.82 11.17 11.42 
9.56 11.17 10.98 10.26 10.92 10.35 10.57 11.47 12.5 11.68 10.93 11.04 
9.24 11.83 10.97 10.74 10.89 10.34 10.79 11.67 12.46 11.92 11.3 11.32 
8.64 11.75 10.79 10.68 10.41 10.6 11.0 11.87 12.27 11.96 11.63 11.46 
8.59 11.71 9.82 9.91 10.08 10.67 11.34 11.59 12.19 11.42 10.79 11.12 
7.96 10.72 9.99 9.24 9.13 9.68 10.16 11.32 12.18 11.39 9.77 9.95 
7.22 9.72 9.14 8.73 8.64 8.83 9.55 11.0 11.8 11.41 8.76 8.11 
7.66 10.5 10.33 10.08 9.21 9.37 9.82 11.36 11.99 11.28 8.6 7.77 
7.63 9.66 8.75 9.04 8.93 9.15 9.61 11.44 12.16 11.68 9.11 8.23 
10.57 11.75 10.4 10.15 9.9 10.02 10.57 11.98 12.68 12.39 11.87 11.18 
9.42 12.16 10.69 10.53 10.39 10.36 10.83 11.84 12.33 12.3 12.1 12.48 
9.4 12.06 11.32 10.06 9.87 9.88 10.15 11.98 12.34 12.45 12.1 12.02 
8.85 12.13 11.19 9.81 9.96 10.03 10.45 11.93 12.18 12.16 11.89 12.07 
9.63 11.71 10.89 10.09 10.3 9.82 10.31 11.79 12.32 11.9 11.4 11.54 
8.66 12.03 10.73 10.46 10.19 10.21 10.8 11.82 12.62 11.83 11.08 11.14 
9.61 11.7 10.8 10.41 10.15 10.7 10.59 11.69 12.29 11.53 10.73 10.85 
8.87 11.86 10.86 10.59 10.31 10.53 10.52 11.92 12.23 11.43 11.26 11.34 
9.61 11.93 10.87 9.92 9.3 9.79 10.07 11.51 11.76 11.16 10.54 10.97 
9.06 11.89 10.96 10.51 9.93 10.04 10.31 11.53 12.08 11.88 11.45 11.31 
9.58 11.78 10.55 10.09 10.03 10.08 10.44 11.67 12.16 11.09 11.01 11.09 
9.02 11.67 10.8 10.37 10.29 10.52 10.74 11.51 12.16 11.4 10.94 11.28 
9.77 11.65 10.26 10.33 10.0 9.91 10.19 11.54 12.05 11.17 10.52 10.88 
9.2 11.78 10.38 10.39 10.05 10.06 10.44 11.33 12.36 11.84 11.66 11.68 
9.5 11.63 10.43 10.35 10.18 10.78 10.72 11.62 12.21 11.36 10.72 10.7 
9.12 11.79 10.43 10.44 10.1 10.49 10.43 11.93 12.27 11.27 11.01 11.14 
9.77 11.65 10.18 10.35 9.51 9.82 10.25 11.53 11.95 11.28 10.44 10.27 
8.93 11.74 10.45 10.45 9.81 9.9 10.52 11.75 12.1 11.54 10.99 10.94 
9.72 11.88 10.56 10.09 10.22 9.93 10.24 11.75 12.26 10.92 10.57 10.55 
8.97 11.77 10.88 10.53 10.0 10.31 11.12 11.9 12.4 11.51 10.77 11.0 
9.85 11.68 10.44 10.02 9.89 9.9 10.36 11.4 11.97 11.28 10.2 10.14 
9.39 11.96 10.61 10.17 10.16 10.3 10.58 11.68 12.36 11.43 10.89 10.82 
9.61 11.61 10.71 10.14 10.24 10.23 10.71 11.66 12.34 11.45 10.66 10.8 
9.02 11.67 10.8 10.38 10.06 10.08 10.45 11.85 12.32 11.58 11.5 11.4 
9.73 11.66 10.94 10.27 10.38 10.52 11.06 11.7 12.43 11.36 10.75 10.89 
9.11 11.68 11.1 10.55 10.48 10.62 10.88 11.55 12.2 11.48 11.0 11.26 
9.37 11.76 10.85 10.12 10.75 10.94 10.69 11.28 12.13 11.25 10.76 10.68 
8.9 11.84 11.01 10.46 10.35 11.25 11.08 11.41 12.14 11.46 10.89 10.97 
9.7 11.76 10.8 10.05 9.82 10.6 10.89 11.58 12.09 11.45 10.7 10.67 
9.15 12.02 10.39 10.24 10.02 10.03 10.47 11.47 12.32 11.59 10.48 10.48 
9.71 11.7 10.15 10.24 10.04 10.73 10.73 11.5 12.55 11.54 10.59 10.81 
8.71 12.01 10.8 10.21 10.77 10.65 10.59 11.53 12.39 11.79 11.44 11.37 
9.27 11.9 10.85 10.38 10.05 10.79 10.95 11.51 12.37 12.02 11.82 12.15 
8.75 11.83 10.76 10.65 10.39 10.8 10.72 11.69 12.44 12.2 11.8 11.4 
9.49 11.74 10.46 10.39 10.12 10.37 10.49 11.44 12.17 11.99 11.58 11.06 
9.1 11.79 10.66 10.78 10.32 10.4 10.68 11.57 12.16 11.73 11.51 10.98 
9.61 11.58 10.37 10.46 10.51 10.98 11.41 11.58 12.27 11.58 11.25 10.88 
9.52 11.71 10.49 10.59 10.38 10.82 11.13 11.82 12.42 11.74 11.33 11.25 
9.21 11.62 10.61 10.44 10.03 10.27 10.71 12.21 12.34 11.68 11.3 11.48 
8.91 11.8 10.89 10.58 10.3 10.84 10.93 11.64 12.27 11.75 11.36 11.5 
9.62 11.91 10.6 10.35 10.32 10.6 10.78 12.26 12.44 11.64 11.28 10.9 
8.94 11.76 10.42 10.59 9.88 10.51 10.69 11.7 12.21 11.93 11.93 11.91 
9.16 11.88 10.6 10.08 10.57 10.68 10.6 11.92 12.33 11.42 11.02 10.77 
8.5 11.69 11.07 10.58 10.62 10.57 10.83 12.03 12.49 11.78 11.39 11.19 
9.56 11.68 10.6 10.21 10.29 11.0 11.04 11.86 12.44 11.72 11.42 11.36 
9.57 11.86 10.95 10.55 10.37 10.85 11.04 11.99 12.59 12.36 12.5 12.24 
9.34 11.5 10.59 9.83 10.22 11.13 11.25 11.47 12.39 11.78 11.44 11.21 
9.54 11.59 10.74 10.15 11.16 11.05 11.46 11.78 12.38 11.98 11.49 11.18 
9.39 11.54 10.68 10.29 11.21 10.98 10.86 11.44 12.4 11.97 11.54 11.15 
9.4 11.73 10.67 10.44 10.69 10.59 10.54 11.52 12.22 11.92 11.44 11.06 
9.4 11.7 10.34 10.27 10.11 10.13 10.51 11.47 12.3 12.38 12.18 11.88 
9.08 11.81 10.6 10.45 10.15 10.5 10.66 11.63 12.26 11.96 11.54 11.11 
9.59 11.69 10.9 10.62 10.47 10.67 11.2 12.06 12.28 11.86 11.44 11.33 
9.48 11.69 10.89 10.27 10.37 10.59 10.76 11.53 12.07 11.69 11.2 11.0 
9.31 11.55 10.39 10.28 10.99 10.37 10.7 11.89 12.29 11.65 11.15 10.94 
9.07 11.95 10.79 10.35 10.38 10.36 10.53 12.07 12.34 11.7 11.39 11.31 
9.67 11.8 10.9 10.68 10.21 10.36 10.64 12.22 12.27 11.62 11.18 11.17 
8.92 11.94 10.94 10.39 9.97 10.13 10.6 11.49 12.18 12.03 11.99 11.79 
9.26 11.76 10.63 10.05 10.83 10.66 10.79 11.71 12.21 11.58 11.16 11.15 
8.89 11.73 10.72 10.25 11.11 10.77 10.71 11.89 12.36 11.75 11.24 11.19 
9.48 11.75 10.42 9.83 10.98 10.58 10.57 11.77 12.29 11.64 11.18 11.23 
9.21 11.77 10.71 10.31 11.12 10.68 10.8 11.88 12.45 11.96 11.59 11.27 
9.18 11.82 10.74 9.71 11.14 10.2 10.17 11.71 12.47 12.04 11.79 11.59 
9.19 11.79 10.66 10.09 10.59 10.17 10.44 11.91 12.52 11.99 11.61 11.27 
9.15 11.89 10.45 10.19 9.83 9.81 10.18 11.68 12.29 11.94 11.53 11.13 
8.9 11.86 10.48 10.39 9.97 10.01 10.45 11.55 12.27 12.18 11.72 11.39 
9.55 11.78 10.24 10.36 9.76 10.33 10.48 11.5 12.31 12.41 12.26 11.98 
9.26 11.82 10.52 10.6 10.04 10.55 10.56 11.65 12.23 11.9 11.56 11.27 
9.72 11.62 10.42 10.57 10.52 10.97 11.31 11.93 12.33 11.71 11.15 11.01 
9.34 11.6 10.72 10.26 10.14 10.56 10.94 11.92 12.35 11.71 11.21 11.06 
9.3 11.83 10.62 10.29 10.12 10.13 10.59 12.17 12.32 11.65 11.32 11.33 
8.81 11.99 10.87 10.6 10.41 10.69 11.03 11.73 12.28 11.82 11.3 11.33 
9.51 11.74 10.7 10.25 10.38 10.63 10.64 12.28 12.46 11.63 10.95 10.79 
8.81 11.73 10.69 10.39 10.29 10.56 10.71 11.94 12.25 11.75 11.16 10.99 
9.51 11.78 10.56 9.99 10.31 10.58 10.9 12.02 12.41 11.66 11.27 11.21 
8.96 11.85 10.74 10.59 10.45 10.89 10.85 11.58 12.3 11.73 11.2 11.0 
9.64 11.68 10.61 10.62 10.39 10.9 11.01 11.66 12.45 11.82 11.43 11.45 
9.35 11.72 10.89 10.63 9.87 10.52 10.88 11.77 12.41 12.03 11.65 11.72 
9.36 11.78 10.78 10.35 10.5 11.63 11.54 11.65 12.62 12.1 11.83 11.76 
9.39 11.77 10.92 10.45 10.9 11.24 11.49 11.78 12.53 12.04 11.69 11.39 
9.45 11.5 10.64 10.22 11.0 11.36 11.19 11.49 12.44 11.99 11.85 11.59 
9.57 11.74 10.87 10.87 11.02 11.53 11.32 11.74 12.58 12.24 11.9 11.79 
9.18 11.52 10.38 10.41 10.21 10.35 10.41 11.38 11.95 11.84 11.61 11.2 
9.22 11.87 10.67 10.53 10.21 10.24 10.49 11.5 12.07 11.78 11.37 10.98 
9.73 11.77 10.3 10.34 10.23 10.42 10.73 11.73 12.33 11.81 11.27 10.99 
9.25 11.72 10.65 10.77 10.3 10.62 10.8 11.65 12.17 11.84 11.55 11.77 
9.75 11.55 10.4 10.89 10.43 10.71 10.99 11.74 12.37 11.69 11.34 10.99 
9.1 11.86 10.43 10.69 10.39 10.63 10.79 11.64 12.22 11.73 11.34 11.16 
9.46 11.69 10.59 10.36 10.13 10.44 10.73 11.83 12.44 11.72 11.35 11.17 
9.2 11.72 10.8 10.42 10.05 10.37 10.61 11.85 12.54 12.16 11.9 11.56 
9.07 11.88 10.85 9.48 9.96 10.44 10.39 11.66 12.38 12.02 11.79 11.4 
8.72 11.85 10.81 9.88 10.01 10.56 10.64 11.63 12.42 11.82 11.66 11.42 
9.6 11.88 10.75 9.81 10.15 10.51 10.43 11.58 12.42 11.7 11.27 10.95 
9.13 11.89 10.82 10.01 10.78 10.29 10.51 11.44 12.12 11.65 11.31 11.2 
8.75 11.81 11.04 10.17 11.25 10.23 10.66 11.44 12.1 11.86 11.42 11.26 
9.58 11.62 11.05 10.14 11.22 10.16 10.53 11.64 12.14 11.71 11.14 10.89 
9.36 11.75 10.56 10.07 10.61 9.95 10.26 11.61 12.12 11.55 10.83 10.71 
8.79 11.74 10.5 10.28 10.51 10.32 10.75 11.52 12.17 11.67 10.95 10.81 
8.59 10.07 8.71 9.16 9.09 9.42 9.55 10.3 11.47 11.42 11.24 11.29 
7.91 8.63 7.48 8.24 8.27 8.89 8.72 9.68 11.08 11.52 11.81 12.01 
9.83 10.82 9.77 9.79 9.26 10.32 10.41 11.58 12.43 12.77 12.91 12.82 
9.19 11.52 9.97 10.19 9.73 10.12 10.31 11.11 11.87 12.13 11.7 11.32 
9.67 12.17 10.62 10.23 9.61 10.01 10.22 11.49 12.43 12.48 12.33 11.94 
9.11 12.01 10.81 10.19 9.92 10.13 10.62 11.57 12.23 12.16 11.97 11.97 
10.23 12.28 11.0 10.36 10.52 11.06 11.28 12.57 13.02 12.43 12.16 12.47 
9.44 11.65 10.5 10.19 9.97 10.69 10.87 11.64 12.38 11.88 11.36 11.1 
9.22 11.61 10.19 9.98 9.93 11.17 11.28 11.7 12.14 11.81 11.16 11.08 
9.0 11.82 10.53 10.54 10.58 11.21 11.46 12.03 12.27 12.02 11.67 11.98 
10.07 12.25 10.4 10.6 10.5 10.54 11.12 11.85 12.58 12.09 11.47 11.84 
8.72 11.52 9.93 9.8 9.81 9.84 10.21 11.32 11.87 11.48 11.18 11.59 
9.51 11.83 10.66 10.21 9.93 10.24 10.52 12.01 12.42 11.53 11.38 11.8 
9.2 11.88 10.06 10.3 9.93 10.42 11.07 11.81 12.55 11.79 11.53 11.89 
9.87 11.86 10.0 10.23 9.59 10.01 10.66 11.73 12.28 11.71 11.54 11.89 
9.03 11.76 10.2 10.43 10.04 10.19 10.52 11.99 12.6 11.95 11.6 11.87 
10.03 12.11 10.85 10.32 10.41 10.38 10.64 12.05 12.52 11.95 11.84 12.16 
9.22 11.57 9.95 9.79 9.58 9.56 10.2 11.08 11.77 11.42 11.12 11.58 
9.59 12.24 10.56 10.06 10.07 10.67 11.76 11.68 12.64 12.02 11.7 12.2 
9.17 11.95 10.73 9.92 10.0 10.71 11.18 11.78 12.49 11.87 11.61 11.8 
9.05 11.54 10.12 9.68 9.53 10.23 10.38 10.87 11.96 11.62 11.15 11.25 
9.24 12.24 11.08 10.38 10.02 10.21 10.65 11.67 12.33 12.25 11.98 12.1 
9.4 11.45 10.35 9.66 9.63 10.4 10.48 11.72 12.12 11.62 11.33 11.61 
9.76 12.01 11.1 10.41 10.56 10.97 11.49 12.05 12.83 12.42 11.85 11.68 
9.27 11.78 10.36 9.73 9.91 11.32 11.31 11.65 12.33 11.97 11.39 11.35 
8.87 11.42 10.31 10.26 10.27 11.0 11.11 11.62 11.87 11.65 11.28 11.57 
9.77 11.84 10.38 10.37 10.0 10.59 11.04 11.61 12.3 11.73 11.3 11.64 
9.01 11.8 10.44 10.21 10.93 10.46 10.65 11.45 12.35 11.87 11.55 11.91 
9.94 11.76 10.52 9.8 10.03 10.4 10.56 11.39 12.02 11.64 11.68 12.04 
9.46 11.71 10.39 10.41 9.89 10.34 10.75 11.82 12.38 11.78 11.43 11.76 
9.53 11.83 10.17 10.36 9.77 10.11 10.64 11.47 12.12 11.65 11.68 12.02 
9.78 12.08 10.71 10.65 10.21 10.69 11.12 11.95 12.61 12.26 11.89 12.14 
9.0 11.47 10.27 9.35 9.31 9.99 10.15 11.56 12.13 11.75 11.35 11.12 
9.25 11.79 10.65 10.04 9.78 10.46 10.52 11.96 12.4 12.09 11.63 11.4 
9.29 12.07 10.75 10.37 9.93 11.01 10.77 12.14 12.63 12.48 11.92 11.57 
8.17 11.67 9.73 9.56 9.62 10.31 10.04 11.5 11.92 11.89 11.43 11.11 
9.67 11.83 10.65 9.96 9.35 9.87 10.05 11.21 12.06 12.18 11.77 11.32 
9.04 11.73 10.59 10.01 9.58 9.81 10.33 11.39 12.19 12.13 11.9 11.38 
9.61 11.83 10.41 9.81 10.08 10.48 10.77 12.02 12.51 12.18 11.95 12.15 
9.7 12.15 10.89 10.48 10.22 11.05 11.39 12.04 12.8 12.39 11.8 11.63 
9.03 11.32 10.1 9.53 9.77 11.14 10.85 11.37 11.87 11.57 10.92 10.86 
9.05 12.12 10.61 10.46 10.88 11.57 11.75 12.18 12.54 12.31 12.05 12.14 
9.48 11.53 9.77 10.02 9.65 9.85 10.2 11.09 11.88 11.38 11.04 11.31 
8.79 12.02 10.56 10.37 9.62 10.16 10.55 11.57 12.14 11.92 11.78 11.97 
9.85 11.74 10.48 10.28 9.84 10.06 10.54 11.82 12.31 11.69 11.56 11.76 
9.65 12.03 10.35 10.54 9.94 10.66 10.86 11.94 12.39 12.08 11.79 11.94 
9.28 11.64 9.98 9.84 9.41 10.24 10.65 11.48 12.18 11.55 11.4 11.73 
9.33 11.88 10.27 10.11 9.71 10.56 11.32 11.53 12.48 11.88 11.57 11.77 
9.83 11.74 10.55 10.05 9.71 9.98 10.57 11.78 12.25 11.83 11.6 11.86 
9.41 12.13 10.47 10.35 9.85 10.5 11.05 11.5 12.28 11.96 11.79 12.06 
9.04 11.78 10.09 9.67 9.58 10.27 10.87 10.96 11.93 11.45 11.24 11.79 
8.7 11.76 10.51 9.99 9.8 10.53 10.93 11.59 12.29 11.9 11.55 11.71 
9.64 11.76 10.48 9.7 9.79 10.52 10.87 11.16 12.01 11.69 11.46 11.79 
8.79 11.8 10.62 10.05 10.39 10.64 11.0 11.33 12.3 12.03 11.48 11.38 
10.08 12.07 11.09 10.38 10.62 11.08 11.28 12.36 12.92 12.43 11.99 12.05 
9.15 11.35 10.39 9.79 9.84 10.45 10.81 11.32 12.11 11.67 11.23 10.89 
9.54 12.02 10.63 10.34 10.36 11.49 11.54 11.97 12.67 12.38 12.06 11.72 
9.02 11.81 10.51 10.23 10.51 10.93 11.3 12.14 12.43 12.16 11.85 11.98 
9.61 11.78 10.61 10.56 10.27 10.55 10.79 11.52 12.22 11.86 11.45 11.63 
9.09 11.82 10.5 10.18 10.21 10.18 10.32 11.88 12.35 11.91 11.58 11.67 
9.42 11.45 10.26 9.79 9.52 9.97 10.27 11.34 11.94 11.28 11.05 11.36 
9.47 11.84 10.02 10.12 9.61 10.47 10.99 11.62 12.34 11.84 11.5 11.64 
9.46 11.79 10.19 10.08 9.53 9.98 10.65 11.68 12.27 11.75 11.53 11.87 
9.72 12.14 10.68 10.6 9.77 10.57 11.3 11.92 12.66 12.2 11.8 11.91 
9.06 11.42 10.29 9.9 9.7 10.22 10.37 11.45 12.0 11.78 11.22 11.12 
9.25 11.86 10.78 9.73 10.08 10.29 10.43 11.77 12.31 12.07 11.61 11.39 
9.14 11.71 10.71 10.05 10.64 10.12 10.51 11.92 12.33 12.15 11.66 11.4 
8.55 11.78 10.31 10.44 10.75 10.22 10.47 12.0 12.33 12.36 11.93 11.68 
9.54 12.12 10.34 11.13 10.46 10.45 10.69 12.1 12.57 12.26 11.74 11.49 
8.72 11.47 10.06 10.47 9.94 9.73 9.98 11.28 11.78 11.73 11.33 11.02 
9.64 11.89 10.36 10.26 9.73 9.88 10.25 11.64 12.35 12.05 11.88 12.05 
9.34 11.78 10.12 10.06 9.66 10.0 10.38 11.52 12.25 11.95 11.5 11.14 
9.62 12.18 10.29 10.48 10.0 10.1 10.47 11.81 12.48 12.27 11.7 11.45 
9.31 11.52 10.21 10.36 9.94 9.74 10.42 11.61 12.13 12.04 11.91 12.12 
9.6 11.35 9.82 9.89 9.73 9.4 9.74 11.13 11.77 11.42 11.22 11.51 
9.6 11.77 10.14 10.22 10.05 9.63 10.3 11.52 12.09 11.87 11.62 11.75 
9.36 12.08 10.96 10.95 10.18 10.42 10.77 11.86 12.51 12.17 11.57 11.15 
8.88 11.73 10.35 10.35 9.98 9.87 10.18 11.42 12.0 11.31 9.58 9.09 
8.74 11.39 10.85 10.21 9.87 9.59 9.78 11.33 11.92 11.09 8.97 8.5 
8.87 11.41 10.71 10.44 10.15 9.67 9.76 11.42 11.97 11.22 8.87 8.45 
9.66 11.68 10.88 10.68 10.3 10.21 10.56 11.87 12.45 12.3 12.0 11.88 
9.96 12.05 11.29 10.7 10.65 10.23 10.39 11.97 12.67 12.4 12.08 12.55 
9.63 11.29 10.57 10.14 10.04 9.83 9.96 11.43 11.98 11.51 10.7 10.46 
9.69 11.7 11.35 11.16 10.71 10.68 10.9 12.2 12.91 12.98 12.52 12.27 
9.12 11.71 9.98 10.93 10.2 10.42 10.47 11.65 12.38 12.33 12.05 11.77 
9.32 11.94 10.7 10.76 10.56 10.64 10.5 11.82 12.66 12.47 12.17 11.95 
9.13 11.75 10.61 10.28 11.1 10.61 10.32 11.6 12.62 12.37 12.26 12.06 
9.55 11.88 10.99 10.31 10.93 10.43 10.41 11.72 12.54 12.26 12.03 11.67 
9.07 11.83 10.55 10.39 10.45 10.76 10.48 11.57 12.61 12.19 11.79 11.41 
9.75 11.79 11.03 10.32 10.26 10.65 10.33 11.43 12.55 11.82 11.2 10.94 
8.99 11.79 10.71 10.5 10.22 10.24 10.55 11.78 12.3 12.02 11.38 10.77 
9.05 11.9 10.63 10.35 9.89 10.94 11.36 11.79 12.64 11.75 10.83 10.93 
9.58 11.94 10.72 10.36 9.77 10.98 11.0 12.32 13.05 12.66 12.51 12.32 
8.54 11.29 10.19 9.97 9.55 10.68 10.87 11.45 12.16 11.62 11.19 10.71 
9.61 11.51 10.41 9.67 9.24 10.87 11.12 11.77 12.47 11.76 11.21 10.64 
9.2 11.98 10.9 10.47 10.51 10.91 11.35 12.24 12.86 12.11 11.5 11.06 
8.97 11.23 10.14 9.86 9.82 9.95 10.47 11.49 11.98 11.36 10.66 10.18 
8.74 11.56 10.39 10.61 9.75 10.52 10.93 11.95 12.43 11.76 11.07 10.66 
9.58 11.65 10.89 10.72 9.76 10.53 10.95 12.02 12.49 11.58 10.93 10.24 
8.95 11.73 11.14 10.51 10.28 10.56 10.61 11.88 12.47 11.66 10.87 10.77 
9.37 11.64 10.69 10.47 10.27 10.1 10.27 11.6 12.35 11.67 11.11 10.52 
8.8 11.75 10.46 11.01 10.27 10.4 10.47 11.77 12.39 11.82 11.16 10.61 
9.42 11.65 10.3 10.8 10.27 10.28 10.61 11.72 12.53 11.8 11.13 10.41 
8.96 11.78 10.74 10.74 10.18 10.36 10.77 11.9 12.5 11.96 11.22 10.7 
9.6 11.5 10.52 10.96 10.01 10.14 10.32 11.66 12.48 11.76 11.28 10.69 
8.77 11.74 10.46 10.9 9.95 10.56 10.52 11.77 12.51 11.93 11.29 10.85 
9.76 11.61 11.09 10.43 10.26 10.03 10.39 11.67 12.41 11.82 11.3 10.82 
8.94 11.76 11.02 10.67 10.46 10.08 10.36 11.72 12.35 11.92 11.31 10.82 
9.64 11.63 10.84 11.03 9.86 10.04 10.19 11.76 12.3 11.81 11.14 10.67 
9.12 11.61 10.94 10.91 10.51 10.05 10.38 11.72 12.37 11.8 11.25 10.76 
9.71 11.81 10.86 10.68 10.51 10.05 10.33 11.74 12.33 11.69 11.13 10.38 
9.02 11.76 10.61 10.66 10.68 10.31 10.6 11.66 12.44 11.84 11.1 10.62 
9.52 11.5 10.73 9.95 10.61 10.27 10.36 11.63 12.36 11.83 11.14 10.54 
8.8 11.94 10.91 10.29 10.69 10.32 10.36 11.62 12.32 11.79 11.18 10.63 
9.69 11.8 10.53 9.9 10.05 10.38 10.1 11.64 12.36 11.78 11.09 10.47 
9.08 11.84 11.01 10.85 10.49 10.3 10.55 11.79 12.41 11.76 11.03 10.57 
9.32 11.56 11.24 10.8 10.13 10.37 10.32 11.69 12.4 11.76 11.12 10.66 
8.83 11.67 10.7 10.69 10.47 10.17 10.26 11.67 12.37 11.8 11.3 10.9 
9.68 11.65 10.16 9.82 10.52 10.14 10.11 11.55 12.3 11.63 11.1 10.67 
9.37 11.53 10.85 10.33 10.58 10.37 10.5 11.75 12.29 11.9 11.26 10.98 
9.18 11.58 10.73 10.73 10.62 10.41 10.6 12.15 12.55 11.86 11.38 11.12 
9.4 11.65 11.24 10.52 10.19 10.48 10.5 12.01 12.5 11.79 11.24 11.12 
9.32 11.61 11.49 10.75 10.25 10.15 10.34 11.83 12.45 11.83 11.45 11.24 
9.0 11.53 11.34 10.49 10.66 10.25 10.48 11.98 12.54 12.04 11.7 11.25 
9.3 11.63 10.86 10.42 10.51 10.3 10.34 12.01 12.58 12.24 12.06 11.67 
8.78 11.61 10.82 10.31 10.15 10.65 10.76 11.9 12.47 11.92 11.48 11.24 
9.57 11.82 10.6 10.38 9.79 10.27 10.25 11.67 12.32 11.74 11.19 10.54 
9.04 11.84 11.12 10.84 10.32 10.12 10.35 11.69 12.33 11.8 11.16 10.77 
9.25 11.72 11.11 10.26 9.86 10.08 10.27 11.49 12.25 11.74 11.14 10.76 
8.85 11.8 11.07 10.31 9.63 10.15 10.4 11.49 12.17 11.78 11.08 10.61 
9.62 11.76 10.69 10.24 9.28 9.99 10.26 11.3 12.08 11.59 11.04 10.6 
9.15 11.8 10.73 10.7 9.81 10.4 10.69 11.59 12.45 11.91 11.18 10.81 
9.51 11.61 10.19 10.66 9.81 10.36 10.55 11.64 12.45 11.84 10.99 10.73 
9.06 11.73 10.22 10.74 9.94 10.3 10.45 11.84 12.46 11.95 11.21 10.74 
9.74 11.66 9.93 10.59 9.75 10.26 10.36 11.51 12.54 11.74 11.01 10.48 
8.82 11.68 10.53 10.61 10.49 10.15 10.64 11.6 12.32 11.87 11.23 10.83 
9.35 11.45 10.35 10.26 10.38 9.68 10.08 11.7 12.39 11.84 11.03 10.69 
8.86 11.52 10.47 10.78 10.19 10.15 10.3 11.7 12.42 11.89 10.96 10.57 
9.69 11.54 10.29 10.26 10.0 9.9 10.06 11.35 12.31 11.74 11.17 10.72 
9.24 11.65 10.72 10.61 10.46 10.37 10.35 11.68 12.37 11.82 11.2 10.84 
9.52 11.9 10.51 10.92 10.2 10.0 10.16 11.66 12.32 11.71 11.1 10.66 
9.18 11.83 11.24 10.74 10.6 10.35 10.51 11.73 12.38 11.75 11.1 10.76 
9.82 11.64 11.43 10.05 10.11 9.93 10.13 11.58 12.27 11.68 11.13 10.94 
9.06 11.7 11.19 10.73 10.0 10.37 10.47 11.72 12.33 11.82 11.22 10.95 
9.35 11.7 10.81 10.99 9.9 9.99 10.2 11.71 12.3 11.85 11.25 10.99 
9.03 11.87 10.71 10.67 10.15 10.23 10.45 11.72 12.35 11.92 11.25 10.87 
9.6 11.86 10.79 10.07 10.29 9.77 10.54 11.59 12.46 11.84 11.16 10.77 
9.09 11.71 10.53 10.54 10.4 9.87 10.5 11.84 12.45 11.95 11.26 10.88 
9.37 11.5 10.81 10.77 10.02 10.33 10.35 11.68 12.35 11.84 11.16 10.82 
8.97 11.51 10.86 10.77 10.25 10.33 10.61 11.82 12.37 11.86 11.22 11.06 
9.6 11.58 10.34 10.19 10.5 10.48 10.12 11.71 12.42 11.74 11.29 10.86 
9.07 11.57 10.71 11.01 10.64 10.32 10.44 11.75 12.49 11.96 11.42 11.08 
9.41 11.8 10.57 10.69 10.67 10.2 10.57 11.82 12.43 11.92 11.37 11.0 
9.34 11.72 10.75 10.27 10.69 10.59 10.48 11.9 12.54 12.07 11.65 11.11 
9.32 11.63 10.41 10.2 10.18 10.73 10.28 11.68 12.49 12.14 11.79 11.26 
8.74 11.8 10.56 10.37 10.01 10.77 10.4 11.75 12.47 12.19 11.73 11.19 
9.34 11.72 10.46 10.81 10.66 10.16 10.4 11.78 12.28 12.08 11.73 11.49 
9.1 11.72 10.2 10.47 10.71 10.41 10.54 11.64 12.18 12.03 11.81 11.54 
9.49 11.63 10.15 10.29 10.24 10.68 10.72 11.52 12.24 11.91 11.72 11.69 
8.99 11.84 10.41 10.33 10.22 10.35 10.69 11.54 12.23 11.86 11.33 11.69 
9.43 11.82 10.4 9.84 10.27 10.01 10.21 11.94 12.48 11.68 11.2 11.12 
8.95 12.04 10.48 9.78 10.02 10.03 10.39 11.31 12.08 11.96 11.93 11.79 
9.7 12.01 10.28 9.91 10.0 9.63 10.25 11.38 12.07 11.88 11.7 11.5 
9.07 11.91 10.6 10.24 10.01 10.17 10.5 11.79 12.18 11.77 11.43 11.64 
9.19 11.82 10.63 9.84 10.14 10.84 11.2 11.39 12.33 11.68 11.18 11.13 
8.74 12.01 10.22 9.66 9.73 10.86 11.25 11.1 12.25 11.57 11.21 11.13 
9.54 11.85 10.17 9.51 9.77 10.44 10.94 11.24 12.23 11.74 11.77 11.9 
9.34 11.74 10.63 9.9 10.1 10.61 10.8 11.48 12.31 11.97 11.73 11.6 
9.26 11.66 10.38 9.87 10.33 10.78 11.06 11.51 12.64 12.06 11.85 11.58 
8.98 11.74 11.08 10.36 10.72 10.59 10.91 11.66 12.65 11.99 11.44 11.36 
9.65 11.79 10.82 10.38 10.22 10.52 10.84 11.77 12.54 11.85 11.34 11.1 
8.78 11.81 10.54 10.19 10.2 10.18 10.45 11.47 12.18 11.9 11.48 10.97 
9.39 11.61 10.49 10.67 10.68 10.11 10.29 11.52 12.3 12.27 12.21 11.76 
8.79 11.72 10.18 10.45 10.7 10.44 10.53 11.77 12.13 11.91 11.69 11.44 
9.78 11.68 10.12 10.13 9.91 10.61 10.64 11.53 12.18 11.77 11.54 11.52 
8.97 11.72 10.76 10.56 10.4 10.45 10.87 11.53 12.31 11.91 11.33 11.11 
9.48 11.89 10.6 10.17 10.28 10.25 10.5 11.91 12.39 11.75 11.4 11.31 
8.9 11.97 10.48 10.19 10.18 10.31 10.59 11.33 11.88 11.64 11.42 11.33 
9.66 12.07 10.43 9.78 10.15 10.37 10.29 11.73 12.19 11.63 11.16 11.1 
8.99 11.94 10.68 10.16 10.04 10.37 10.76 11.64 12.19 11.99 11.59 11.47 
9.23 11.63 10.94 9.85 9.99 10.05 10.7 12.0 12.33 11.71 11.25 11.42 
8.8 11.99 10.79 9.94 9.76 9.97 10.37 12.02 12.44 11.76 11.28 11.18 
9.58 11.71 10.7 9.81 9.84 9.9 10.42 11.91 12.34 11.71 11.23 11.21 
9.21 11.68 10.8 10.1 9.88 10.17 10.89 11.77 12.32 12.02 11.73 11.36 
9.19 11.66 10.32 9.36 10.44 10.48 10.68 11.91 12.75 12.21 11.91 11.46 
8.77 11.74 10.52 10.0 10.57 10.6 10.89 11.86 12.78 12.11 11.37 11.45 
9.59 11.79 10.44 9.6 10.14 10.64 10.95 12.02 12.74 12.01 11.36 11.18 
8.77 11.73 10.4 10.07 10.16 10.28 10.63 11.66 12.39 12.13 11.82 11.37 
9.51 11.61 10.3 10.15 10.06 10.56 10.76 11.44 12.44 12.33 12.29 12.0 
9.17 11.72 10.2 10.28 9.75 10.35 10.84 11.3 12.34 11.8 11.64 11.37 
9.87 11.99 10.48 10.11 9.56 10.3 11.03 11.45 12.46 12.09 11.96 11.88 
8.75 11.31 9.93 10.23 9.29 9.86 10.01 10.89 11.87 11.18 10.88 10.81 
9.75 11.7 10.13 9.78 9.49 10.51 10.88 11.18 12.25 11.55 11.16 10.95 
9.21 11.76 10.01 9.89 9.52 10.31 10.64 11.59 12.27 11.67 11.25 11.24 
9.67 11.63 9.99 9.94 9.73 10.34 10.5 11.58 12.31 11.67 11.43 11.4 
9.6 11.83 10.57 10.27 9.96 10.18 10.53 11.38 12.13 11.94 11.73 11.39 
9.25 11.74 10.71 10.08 10.4 11.16 10.89 11.44 12.42 12.11 11.91 11.48 
8.94 11.83 10.67 10.01 9.72 10.78 11.39 11.52 12.44 11.98 11.61 11.69 
9.62 11.51 10.5 9.55 9.43 10.37 11.05 11.27 12.24 11.88 11.72 11.84 
9.23 11.96 10.81 10.31 10.07 10.64 10.88 11.51 12.31 11.95 11.51 11.57 
9.28 11.85 10.77 10.28 9.67 11.06 11.52 11.46 12.48 11.89 11.42 11.32 
9.3 11.74 10.58 10.34 9.92 11.08 11.14 11.96 12.51 11.95 11.29 11.19 
9.03 11.57 10.31 9.88 9.8 11.36 10.77 11.81 12.28 11.61 10.86 10.65 
8.68 11.69 10.38 9.94 9.91 10.95 10.77 11.66 12.29 11.73 10.87 11.26 
7.79 10.39 9.31 9.01 9.08 9.65 10.03 11.45 12.17 11.77 10.92 11.03 
7.34 9.4 8.69 9.15 9.13 9.2 9.66 10.83 11.79 12.04 12.24 12.45 
9.35 10.72 9.51 9.74 9.4 10.02 10.39 11.65 12.5 12.82 12.82 12.69 
9.17 11.72 10.09 10.3 9.63 9.96 10.49 11.49 11.99 11.76 10.68 10.23 
9.7 12.19 10.63 10.11 9.62 9.74 10.08 11.28 12.18 12.17 11.72 11.45 
9.18 11.98 10.73 9.96 9.95 10.09 10.48 11.61 12.18 12.13 11.9 11.89 
9.82 11.85 10.64 10.13 10.3 10.62 10.87 12.15 12.63 12.03 11.81 12.07 
9.51 11.92 10.79 10.22 9.93 10.74 10.98 11.79 12.53 12.11 11.63 11.37 
9.34 11.85 10.37 10.04 10.11 11.34 11.38 11.78 12.24 11.95 11.4 11.44 
9.08 11.67 10.45 10.23 10.53 11.19 11.41 11.94 12.25 11.97 11.75 12.05 
9.73 11.87 10.1 10.35 10.06 10.26 10.67 11.52 12.21 11.7 11.39 11.83 
8.84 11.88 10.17 10.27 9.85 10.1 10.36 11.55 12.22 11.91 11.68 11.95 
9.91 11.75 10.67 10.28 10.11 10.33 10.6 12.09 12.45 11.68 11.55 11.88 
9.45 11.89 10.23 10.06 9.45 10.34 10.93 11.78 12.55 11.81 11.6 11.77 
9.47 11.98 10.08 10.12 9.45 10.06 10.7 11.82 12.36 11.76 11.5 11.94 
9.11 11.69 10.1 10.35 9.99 10.15 10.4 11.95 12.58 11.94 11.6 11.87 
9.84 11.62 10.5 10.02 9.92 10.24 10.21 11.7 12.19 11.64 11.56 11.85 
9.36 11.89 10.41 10.0 10.02 9.8 10.55 11.56 12.12 11.9 11.6 11.91 
9.3 11.8 10.38 9.62 9.66 10.44 11.39 11.27 12.24 11.66 11.48 11.82 
9.33 11.98 10.54 9.75 9.9 10.75 11.17 11.71 12.45 11.86 11.49 11.52 
9.24 11.92 10.49 10.09 9.77 10.58 10.82 11.21 12.38 12.01 11.64 11.52 
9.03 11.88 10.92 10.36 9.99 10.08 10.55 11.33 12.18 12.14 11.88 11.47 
9.63 11.84 10.53 9.78 9.97 10.56 10.85 12.04 12.48 12.1 11.77 11.78 
9.56 11.95 10.78 10.32 10.17 10.91 11.26 11.89 12.64 12.29 11.78 11.54 
9.16 11.68 10.35 9.71 9.71 11.16 11.22 11.61 12.1 11.8 11.21 11.23 
8.94 11.83 10.48 10.39 10.64 11.32 11.45 12.02 12.17 11.99 11.67 11.96 
9.66 11.8 10.29 10.4 10.2 10.59 10.95 11.48 12.3 11.76 11.29 11.65 
9.01 11.6 10.53 10.12 10.88 10.35 10.6 11.39 12.36 11.92 11.56 11.87 
9.91 11.84 10.42 10.03 10.09 10.41 10.58 11.36 12.0 11.63 11.69 11.96 
9.46 11.83 10.32 10.27 9.63 10.36 10.8 11.85 12.5 11.81 11.46 11.73 
9.53 11.8 9.93 10.09 9.68 10.1 10.59 11.39 12.07 11.66 11.77 12.15 
9.47 11.75 10.46 10.19 9.48 10.34 10.78 11.47 12.1 11.9 11.58 11.66 
9.26 11.87 10.59 9.99 9.71 10.32 10.6 11.9 12.42 12.12 11.65 11.49 
9.25 11.67 10.64 9.89 10.03 10.62 10.48 11.84 12.4 12.09 11.63 11.44 
9.2 11.84 10.54 10.05 9.72 10.74 10.42 11.84 12.28 12.15 11.72 11.33 
8.76 11.72 10.34 10.02 10.0 10.54 10.33 11.78 12.31 12.31 11.91 11.66 
9.61 11.84 10.81 10.11 9.59 9.75 10.03 11.25 12.17 12.18 11.97 11.51 
9.0 11.75 10.83 10.2 9.83 9.87 10.39 11.44 12.21 12.28 12.12 11.67 
9.78 11.77 10.47 9.84 10.05 10.44 10.74 11.99 12.5 12.19 11.96 12.06 
9.61 11.92 10.78 10.19 10.08 10.85 11.14 11.85 12.59 12.27 11.7 11.47 
9.17 11.6 10.15 9.53 9.78 11.16 11.0 11.61 12.04 11.76 11.15 11.08 
9.09 11.74 10.17 10.3 10.64 11.26 11.42 11.84 12.12 11.96 11.58 11.8 
9.64 11.9 10.18 10.25 9.79 10.02 10.51 11.44 12.12 11.72 11.41 11.68 
9.12 11.99 10.36 10.33 9.74 10.05 10.49 11.41 12.15 11.82 11.57 11.76 
9.78 11.74 10.52 10.34 9.86 10.11 10.69 11.94 12.4 11.72 11.66 11.82 
9.44 11.72 10.16 10.32 9.57 10.42 10.51 11.68 12.16 11.84 11.68 11.94 
9.54 11.87 10.08 10.37 9.6 10.37 10.57 11.62 12.35 11.65 11.54 11.91 
9.21 11.82 10.23 10.22 10.04 10.43 11.34 11.52 12.44 11.82 11.73 11.97 
9.79 11.87 10.88 10.07 9.79 10.05 10.59 11.75 12.18 11.7 11.6 11.84 
9.42 12.04 10.01 10.19 9.88 10.46 10.99 11.4 12.15 11.88 11.6 11.86 
9.32 11.99 10.16 9.84 9.72 10.51 11.09 11.18 12.0 11.71 11.47 11.83 
9.22 11.89 10.75 9.89 9.75 10.72 10.86 11.72 12.42 11.92 11.66 11.74 
9.38 11.96 10.43 9.63 9.83 10.5 10.82 11.21 12.08 12.0 11.61 11.58 
8.86 11.74 10.61 9.94 10.31 10.61 10.91 11.36 12.22 12.04 11.85 11.96 
9.72 11.68 10.72 9.94 10.21 10.69 10.88 11.96 12.49 12.05 11.73 11.98 
9.49 11.75 10.54 10.02 10.05 10.74 11.13 11.62 12.48 12.02 11.69 11.28 
9.22 11.65 10.09 9.74 9.95 11.07 11.21 11.67 12.27 11.97 11.67 11.29 
8.82 11.83 10.62 10.4 10.48 11.17 11.33 11.95 12.23 12.09 11.84 11.93 
9.59 11.87 10.48 10.66 9.96 10.55 10.93 11.63 12.2 11.81 11.6 11.81 
8.97 11.78 10.58 10.4 10.43 10.08 10.52 11.83 12.27 11.87 11.65 11.7 
9.8 11.71 10.42 9.99 9.98 10.5 10.73 11.65 12.45 11.69 11.46 11.71 
9.38 11.76 10.23 10.13 9.71 10.44 11.17 11.65 12.44 11.83 11.55 11.63 
9.49 11.76 9.8 10.39 9.43 10.04 10.89 11.63 12.48 11.71 11.48 11.83 
9.42 11.76 10.34 10.35 9.43 10.4 11.02 11.5 12.26 11.87 11.58 11.7 
9.3 11.88 10.49 9.87 9.81 10.36 10.61 11.8 12.34 12.05 11.58 11.51 
9.32 11.7 10.7 10.05 10.15 10.27 10.5 11.89 12.42 12.13 11.69 11.5 
9.17 11.8 10.42 9.99 9.78 10.52 10.47 11.8 12.34 12.02 11.6 11.27 
8.59 11.81 10.48 9.92 9.99 10.46 10.6 11.99 12.41 12.29 11.89 11.67 
10.1 10.99 9.95 9.49 9.63 9.83 11.05 11.61 12.27 12.09 11.56 11.19 
8.62 10.48 10.03 9.81 9.34 10.16 11.02 11.75 12.36 12.39 11.97 11.69 
9.81 12.14 10.46 10.14 9.45 9.87 10.19 11.33 12.16 12.27 11.9 11.71 
9.21 11.83 10.86 9.93 10.24 10.15 10.52 11.46 12.23 12.13 12.09 11.59 
9.74 11.7 10.77 10.1 10.29 10.49 10.85 12.14 12.55 12.16 11.92 11.87 
9.35 11.85 10.85 10.52 10.02 10.87 10.94 11.89 12.58 12.17 11.74 11.58 
9.33 11.75 10.35 10.22 9.98 11.3 11.33 11.79 12.28 12.07 11.5 11.56 
9.21 11.84 10.78 10.52 10.54 11.13 11.36 11.96 12.31 11.95 11.48 11.86 
9.76 11.85 10.31 10.29 10.25 10.09 10.76 11.5 12.2 11.69 10.97 11.33 
9.15 11.87 10.48 10.38 9.65 9.92 10.61 11.53 12.16 11.84 11.43 11.84 
9.95 11.64 10.72 10.28 10.2 10.22 10.64 12.05 12.37 11.64 11.32 11.7 
9.44 11.71 10.81 10.6 10.32 10.33 10.89 11.87 12.47 11.75 11.44 11.72 
9.45 11.61 10.48 10.2 10.17 10.21 10.95 11.82 12.46 11.69 11.45 11.93 
9.21 11.67 10.51 10.45 9.8 10.19 10.39 12.02 12.27 11.61 11.47 11.79 
9.6 11.9 10.11 10.0 9.55 10.35 10.31 11.68 12.08 11.47 11.36 11.85 
9.14 11.97 10.46 9.88 9.81 10.14 10.55 11.42 11.99 11.62 11.45 11.94 
9.34 11.71 10.4 10.26 9.94 10.47 11.17 11.28 12.21 11.48 11.32 11.94 
9.27 11.73 10.49 10.18 9.98 10.75 11.04 11.62 12.35 11.78 11.52 11.78 
9.65 11.81 10.56 10.22 9.53 10.59 10.57 11.26 12.22 11.85 11.32 11.27 
8.99 11.75 10.81 10.24 10.87 10.41 10.61 11.37 12.23 11.97 11.7 11.36 
9.62 11.61 10.77 10.05 10.62 10.83 10.77 11.88 12.48 11.99 11.74 11.95 
9.3 11.7 10.91 10.31 10.25 10.78 11.16 11.66 12.42 12.02 11.46 11.36 
9.3 11.74 10.41 10.23 9.89 11.18 11.3 11.7 12.25 11.91 11.31 11.27 
8.86 11.71 10.8 10.49 10.56 11.25 11.37 11.93 12.2 11.97 11.68 11.98 
9.68 11.77 10.45 10.55 10.35 10.52 10.93 11.56 12.36 11.8 11.37 11.77 
9.07 11.77 10.64 10.17 10.85 10.57 10.55 11.43 12.23 11.87 11.64 11.98 
9.75 11.73 10.65 10.05 9.93 10.56 10.89 11.55 12.11 11.74 11.71 11.97 
9.68 11.92 10.92 10.65 10.35 10.35 10.79 12.05 12.65 11.96 11.81 12.06 
9.24 11.56 10.18 10.26 10.01 9.88 10.44 11.28 11.96 11.5 11.4 11.86 
9.32 11.88 10.65 10.69 9.84 10.33 10.75 11.55 12.15 11.86 11.58 11.59 
9.3 11.67 10.64 10.35 9.94 10.15 10.36 12.02 12.37 12.1 11.68 11.46 
9.2 11.84 10.6 10.09 10.12 10.36 10.47 11.83 12.32 12.06 11.56 11.38 
9.08 11.72 10.26 10.45 9.75 10.85 10.48 11.7 12.33 12.03 11.61 11.2 
8.94 11.42 10.13 10.57 10.16 10.45 10.51 11.84 12.49 12.34 11.88 11.58 
9.67 11.85 10.5 10.36 9.79 9.81 10.19 11.38 12.22 12.14 11.83 11.36 
8.96 11.91 10.85 10.2 9.96 9.94 10.41 11.4 12.24 12.2 11.95 11.47 
9.64 11.77 10.68 10.07 10.17 10.43 10.79 12.02 12.51 12.18 11.96 12.03 
9.46 11.87 11.12 10.46 10.21 10.95 11.15 11.86 12.67 12.27 11.68 11.49 
9.17 11.55 10.4 10.11 9.79 11.15 11.03 11.55 12.07 11.72 11.11 11.07 
9.01 11.71 10.56 10.3 10.6 11.24 11.37 11.86 12.25 11.94 11.64 11.88 
9.71 11.75 10.17 10.45 10.09 10.11 10.54 11.48 12.22 11.8 11.48 11.74 
9.19 12.03 10.66 10.45 9.89 10.24 10.67 11.77 12.2 11.92 11.67 11.8 
9.74 11.71 10.84 10.2 9.94 10.15 10.78 11.86 12.36 11.8 11.58 11.77 
9.48 11.79 10.9 10.49 10.24 10.4 10.73 11.82 12.28 11.78 11.52 11.72 
9.33 11.73 10.54 10.32 10.21 10.47 10.85 11.83 12.48 11.68 11.41 11.76 
9.43 11.61 10.54 10.71 9.96 10.59 11.44 11.58 12.42 11.71 11.49 11.63 
9.46 11.9 10.73 10.25 9.94 10.42 11.22 11.66 12.44 11.8 11.42 11.83 
9.2 11.91 10.52 10.1 9.65 10.24 10.58 11.53 12.07 11.74 11.52 11.81 
9.09 11.73 10.55 10.36 9.72 10.61 11.16 11.42 12.34 11.72 11.53 11.9 
8.93 11.63 10.39 10.31 9.85 10.76 11.08 11.55 12.36 11.86 11.69 11.99 
9.67 11.83 10.47 10.21 10.13 10.7 10.94 11.41 12.44 11.75 11.68 11.96 
8.9 11.78 10.8 9.96 10.81 10.61 10.66 11.44 12.37 12.01 11.51 11.31 
9.75 11.6 10.79 10.18 10.75 10.9 10.95 11.96 12.52 12.1 11.69 11.93 
9.59 11.97 11.02 10.41 10.27 10.89 11.21 11.76 12.64 12.14 11.72 11.38 
9.28 11.5 10.25 9.86 9.96 11.0 11.05 11.5 12.11 11.79 11.43 11.03 
9.03 11.8 10.68 10.07 10.47 11.12 11.29 11.82 12.2 12.06 11.78 11.79 
9.6 11.95 10.41 10.46 10.11 10.49 10.49 11.6 12.19 11.92 11.65 11.93 
9.35 11.69 10.54 10.04 10.17 10.03 10.52 11.96 12.33 11.91 11.64 11.74 
9.43 11.72 10.76 10.23 9.95 10.52 10.63 11.85 12.36 12.06 11.73 11.49 
9.48 11.65 10.71 10.15 10.33 10.52 10.6 11.74 12.41 12.12 11.7 11.47 
9.56 11.64 10.76 10.24 10.22 10.56 11.19 11.59 12.51 12.17 11.78 11.5 
9.44 11.65 10.41 10.33 10.04 9.92 10.26 11.49 12.15 12.04 11.62 11.32 
9.21 11.96 10.41 10.18 9.8 10.47 11.52 11.86 12.44 12.17 11.74 11.45 
9.2 11.91 10.43 10.03 9.48 10.26 10.99 11.67 12.45 12.12 11.71 11.45 
8.37 11.82 10.48 10.45 10.68 10.2 10.88 11.6 12.47 12.35 12.02 11.87 
8.9 11.58 10.54 10.72 11.01 10.79 10.76 11.59 12.39 12.08 11.75 11.43 
9.72 11.61 10.35 10.15 9.9 10.82 10.87 11.83 12.53 12.0 11.51 11.38 
8.76 11.92 10.41 10.05 9.74 10.65 10.87 11.87 12.43 12.08 11.96 11.52 
9.69 11.72 10.04 9.89 9.59 10.48 11.14 11.82 12.35 11.97 11.86 11.91 
9.46 11.44 9.89 9.96 9.5 10.48 11.03 11.82 12.26 11.99 11.66 11.44 
9.22 11.5 9.76 10.07 9.63 10.57 11.13 11.91 12.38 11.92 11.42 11.37 
9.2 11.51 10.28 10.48 9.95 10.73 11.15 11.9 12.35 11.99 11.75 11.95 
9.76 11.47 9.94 10.26 10.12 10.39 11.06 11.88 12.35 11.72 11.46 11.73 
9.37 11.56 10.22 10.63 9.94 10.37 10.72 11.84 12.48 11.85 11.45 11.51 
9.26 12.03 10.77 10.58 9.96 10.23 10.71 11.79 12.35 12.09 11.39 11.03 
8.86 11.3 10.16 10.25 9.73 9.78 9.92 11.19 11.83 11.09 9.21 8.67 
9.13 11.79 10.88 10.52 9.84 9.65 9.85 11.45 12.05 11.28 8.92 8.37 
8.98 11.25 10.6 10.19 9.9 9.66 9.71 11.27 11.86 11.11 8.8 8.29 
10.32 11.64 10.93 10.5 10.09 9.99 10.51 11.77 12.5 12.54 12.25 11.87 
10.6 11.84 11.09 10.6 10.42 10.26 10.55 12.04 12.77 12.57 12.12 11.6 
10.03 11.16 10.45 9.91 9.54 9.74 9.97 11.28 11.99 11.66 11.23 10.48 
9.47 11.52 10.94 10.66 9.91 10.19 10.48 11.66 12.43 12.54 12.17 12.0 
9.93 12.12 10.63 10.12 9.71 9.89 10.25 11.44 12.27 12.37 11.94 11.72 
9.12 12.01 10.82 10.24 9.97 10.04 10.61 11.64 12.29 12.31 12.07 11.67 
9.87 11.98 10.58 9.84 9.97 10.23 10.72 12.0 12.5 12.21 12.07 12.14 
9.46 11.84 10.65 10.11 9.97 10.33 10.98 11.8 12.49 12.15 11.81 11.48 
9.58 11.82 10.53 9.89 9.56 10.65 11.09 11.5 12.0 11.9 11.51 11.58 
9.12 11.79 10.35 10.19 10.09 10.56 11.01 11.7 12.06 11.93 11.85 12.05 
9.73 11.78 10.29 10.05 9.8 9.92 10.5 11.55 12.13 11.81 11.46 11.83 
8.79 11.97 10.12 9.99 9.68 9.84 10.37 11.43 12.16 11.92 11.65 11.93 
9.91 12.1 10.43 10.14 9.68 9.71 10.0 11.26 11.79 11.61 11.5 11.86 
9.46 11.93 10.19 10.07 9.68 9.94 10.16 11.31 11.96 11.76 11.55 11.63 
9.52 11.75 10.18 9.67 9.77 9.8 10.18 11.42 12.12 11.79 11.52 11.82 
9.54 11.89 10.49 10.41 9.91 9.96 10.53 11.54 12.21 12.01 11.79 11.86 
9.47 11.84 10.97 10.28 10.23 10.47 10.49 12.12 12.58 12.26 12.0 11.62 
9.47 11.73 10.58 10.34 10.41 10.2 10.6 12.02 12.55 12.16 11.79 11.46 
9.41 11.8 10.79 10.21 10.48 10.07 10.48 12.01 12.61 12.02 11.66 11.29 
9.09 11.79 10.67 10.5 10.52 10.17 10.46 12.02 12.67 12.4 11.99 11.85 
9.64 11.87 10.34 10.1 10.29 10.09 10.2 12.03 12.5 12.14 11.72 11.64 
9.31 12.24 10.87 10.3 10.2 11.15 11.35 12.17 12.78 12.47 12.31 11.98 
9.3 11.33 9.8 9.19 9.28 10.11 10.43 11.57 12.12 11.74 11.57 11.73 
9.43 11.93 10.71 10.07 9.82 10.5 11.08 11.83 12.66 12.28 11.9 11.59 
9.46 11.93 10.65 9.9 9.51 10.84 11.16 11.77 12.25 12.09 11.67 11.61 
8.77 11.39 10.02 9.91 9.74 10.24 10.61 11.3 11.67 11.59 11.4 11.75 
9.68 11.8 10.0 9.92 9.64 9.77 10.39 11.35 12.03 11.72 11.43 11.66 
9.09 11.99 9.95 9.79 9.72 9.61 10.23 11.53 12.07 11.81 11.66 11.75 
9.96 12.02 10.28 9.93 9.6 9.7 10.02 11.14 11.74 11.55 11.35 11.58 
9.62 11.97 10.37 9.97 9.52 9.82 10.25 11.32 11.93 11.75 11.51 11.42 
9.61 11.97 10.13 9.66 9.74 9.86 10.27 11.36 12.0 11.78 11.51 11.64 
9.6 11.85 10.62 10.54 9.81 10.14 10.4 11.51 12.16 11.98 11.78 11.85 
9.64 11.65 10.76 10.27 10.2 10.39 10.61 12.07 12.56 12.2 11.93 11.51 
9.8 12.04 10.95 10.43 10.52 10.45 10.77 12.37 12.86 12.51 12.15 11.8 
9.18 11.49 10.33 9.76 10.23 9.83 10.14 11.62 12.21 11.82 11.44 11.05 
9.26 12.15 11.08 10.69 10.99 10.46 10.73 12.39 12.99 12.64 12.23 11.91 
9.38 11.77 10.24 9.98 10.34 9.95 10.11 11.96 12.44 12.18 11.81 11.66 
8.5 11.59 10.0 10.07 9.73 10.63 10.76 11.66 12.1 11.76 11.07 11.2 
7.9 10.03 9.37 8.87 8.39 9.54 9.95 10.83 11.32 11.29 10.02 9.28 
8.15 10.69 10.04 9.39 9.1 9.33 9.84 11.14 11.8 11.33 9.58 8.77 
8.66 10.48 9.3 9.44 8.68 9.32 10.16 11.52 12.32 11.88 9.51 8.76 
8.2 8.78 7.61 8.11 7.27 8.3 9.38 10.53 11.14 11.28 8.9 8.44 
10.57 11.69 10.74 10.16 10.02 10.17 11.03 12.19 12.76 12.47 11.68 10.9 
9.61 12.03 11.52 10.92 10.75 10.6 11.23 12.61 13.28 13.31 12.83 12.64 
9.65 11.47 10.86 10.18 9.95 9.95 10.17 11.5 12.12 11.91 11.38 11.08 
9.66 12.02 11.05 10.49 10.12 10.21 10.37 11.76 12.3 11.86 10.99 10.48 
8.79 12.12 10.83 10.43 10.28 10.4 10.59 11.92 12.46 12.26 11.7 11.25 
4.59 5.62 4.77 4.13 4.18 4.54 4.67 5.28 5.55 5.41 4.96 5.11 
