pathSong C:\Users\Nabaki\Desktop\Zic BeatRoot\01-[X]-RX--Stage 2.mp3.WAV
maxTimeSong 242.59
 ---beats--- 
0.34 0.77 1.24 1.68 2.12 2.6 2.99 3.38 3.79 4.21 4.63 5.07 5.5 5.9 6.36 6.79 7.22 7.67 8.07 8.5 8.93 9.36 9.79 10.21 10.65 11.07 11.51 11.93 12.36 12.76 13.22 13.64 14.07 14.5 14.93 15.36 15.79 16.22 16.64 17.07 17.5 17.93 18.36 18.79 19.22 19.65 20.07 20.5 20.93 21.36 21.79 22.22 22.64 23.07 23.5 23.93 24.36 24.79 25.22 25.65 26.07 26.5 26.93 27.36 27.79 28.22 28.65 29.07 29.5 29.93 30.36 30.83 31.24 31.65 32.07 32.5 32.93 33.36 33.79 34.22 34.64 35.07 35.5 35.93 36.36 36.79 37.22 37.64 38.07 38.5 38.93 39.36 39.79 40.22 40.64 41.07 41.5 41.93 42.36 42.79 43.22 43.65 44.07 44.53 44.96 45.39 45.8 46.22 46.64 47.07 47.5 47.93 48.36 48.79 49.22 49.65 50.07 50.5 50.93 51.36 51.79 52.22 52.64 53.07 53.5 53.93 54.36 54.79 55.22 55.64 56.07 56.5 56.93 57.36 57.79 58.22 58.64 59.07 59.5 59.94 60.36 60.8 61.22 61.65 62.08 62.51 62.94 63.36 63.79 64.22 64.64 65.07 65.5 65.93 66.36 66.79 67.22 67.65 68.07 68.5 68.93 69.36 69.79 70.22 70.65 71.08 71.5 71.93 72.36 72.79 73.22 73.65 74.07 74.5 74.93 75.36 75.79 76.22 76.64 77.07 77.5 77.93 78.36 78.79 79.22 79.65 80.07 80.5 80.93 81.36 81.79 82.22 82.65 83.07 83.5 83.93 84.36 84.79 85.22 85.65 86.07 86.5 86.93 87.36 87.79 88.22 88.64 89.07 89.5 89.93 90.36 90.79 91.22 91.65 92.07 92.5 92.93 93.36 93.79 94.22 94.64 95.08 95.5 95.93 96.36 96.79 97.22 97.65 98.07 98.5 98.93 99.36 99.79 100.22 100.64 101.07 101.5 101.93 102.36 102.79 103.22 103.65 104.07 104.5 104.93 105.36 105.79 106.22 106.64 107.07 107.5 107.93 108.36 108.79 109.22 109.64 110.07 110.5 110.93 111.36 111.79 112.22 112.64 113.07 113.5 113.93 114.36 114.79 115.22 115.65 116.07 116.5 116.93 117.36 117.79 118.22 118.65 119.07 119.5 119.93 120.36 120.79 121.22 121.65 122.07 122.5 122.93 123.36 123.79 124.22 124.64 125.07 125.5 125.93 126.36 126.79 127.22 127.65 128.07 128.5 128.93 129.36 129.79 130.22 130.65 131.07 131.5 131.93 132.36 132.79 133.22 133.65 134.07 134.5 134.93 135.36 135.79 136.22 136.64 137.07 137.5 137.93 138.36 138.79 139.22 139.65 140.07 140.5 140.93 141.36 141.79 142.22 142.64 143.07 143.5 143.93 144.36 144.79 145.22 145.65 146.07 146.5 146.93 147.36 147.79 148.22 148.65 149.07 149.5 149.93 150.36 150.79 151.22 151.65 152.07 152.5 152.93 153.36 153.79 154.22 154.65 155.07 155.5 155.93 156.36 156.79 157.22 157.65 158.07 158.5 158.93 159.36 159.79 160.22 160.65 161.07 161.5 161.93 162.36 162.79 163.22 163.65 164.07 164.5 164.93 165.36 165.79 166.22 166.65 167.07 167.5 167.93 168.36 168.79 169.22 169.65 170.07 170.5 170.93 171.36 171.79 172.22 172.64 173.07 173.5 173.93 174.36 174.79 175.22 175.65 176.07 176.5 176.93 177.36 177.79 178.22 178.65 179.07 179.5 179.93 180.36 180.79 181.22 181.64 182.07 182.5 182.93 183.36 183.79 184.22 184.64 185.07 185.5 185.93 186.36 186.79 187.22 187.64 188.07 188.5 188.93 189.36 189.79 190.22 190.64 191.07 191.5 191.93 192.36 192.79 193.22 193.77 194.19 194.62 195.05 195.57 196.08 196.53 196.98 197.42 197.88 198.3 198.72 199.18 199.64 200.07 200.5 200.92 201.35 201.77 202.2 202.62 203.04 203.51 203.92 204.34 204.76 205.19 205.62 206.06 206.49 206.87 207.32 207.78 208.24 208.68 209.12 209.53 209.94 210.36 210.79 211.22 211.65 212.07 212.5 212.93 213.36 213.79 214.22 214.65 215.07 215.5 215.93 216.36 216.79 217.22 217.65 218.07 218.5 218.93 219.36 219.79 220.22 220.64 221.07 221.5 221.93 222.36 222.79 223.22 223.65 224.07 224.5 224.93 225.36 225.79 226.22 226.65 227.07 227.5 227.93 228.36 228.79 229.22 229.65 230.07 230.5 230.93 231.36 231.79 232.22 232.64 233.07 233.5 233.93 234.36 234.79 235.22 235.65 236.07 236.5 236.93 237.36 237.79 238.22 238.66 239.1 239.56 
 ---spectro--- 
559 12
7.06 10.37 10.3 10.15 10.42 10.81 10.89 10.8 10.96 11.22 9.82 9.81 
6.97 10.02 9.88 9.93 9.97 10.4 10.85 11.31 11.46 11.96 11.13 9.49 
6.65 9.36 9.41 9.64 9.48 9.74 9.85 11.22 12.31 12.53 10.95 9.18 
7.42 10.9 10.92 10.15 9.87 10.9 10.92 11.0 10.61 10.77 9.48 9.34 
7.61 10.25 10.62 10.67 10.45 10.93 11.36 11.82 12.16 12.24 11.22 10.28 
7.09 9.92 9.98 10.17 10.22 11.1 11.33 10.87 11.51 11.65 10.15 9.06 
6.85 10.42 10.46 10.55 10.26 10.68 10.46 11.4 11.55 11.61 9.52 8.84 
6.62 9.55 9.12 9.34 9.89 10.47 10.92 11.21 11.38 10.89 9.43 8.84 
6.44 9.17 8.95 9.01 8.85 9.59 9.74 10.75 11.18 11.88 10.93 9.02 
0.19 0.26 0.26 0.29 0.3 0.35 0.4 0.41 0.42 0.51 0.48 0.35 
6.98 10.05 9.69 9.65 10.03 11.02 11.27 11.26 11.1 11.27 9.57 9.28 
2.73 3.39 3.34 3.62 3.8 4.03 4.12 4.48 4.64 4.91 4.84 4.34 
9.33 11.21 10.99 10.3 10.47 11.11 11.85 11.61 11.07 11.17 10.5 10.97 
7.47 9.44 9.04 9.19 9.66 10.61 11.03 11.43 11.73 11.89 11.89 12.0 
9.02 10.34 9.8 9.63 9.55 10.28 10.98 11.74 11.54 11.59 11.13 11.23 
8.53 10.4 9.68 9.8 10.14 11.02 11.42 11.93 12.26 12.33 12.34 12.23 
9.01 10.81 10.67 9.87 9.53 10.08 10.38 11.21 12.07 11.5 10.34 10.71 
7.39 9.23 8.58 8.9 9.37 10.38 10.87 11.33 11.6 11.72 11.73 11.87 
9.16 10.95 10.23 10.19 10.6 10.77 11.5 12.01 12.0 12.01 11.44 11.22 
8.46 10.88 10.59 10.1 9.79 10.81 10.96 11.55 11.94 11.9 11.81 11.95 
8.93 10.82 10.56 9.75 9.91 10.53 11.31 11.11 10.58 10.72 10.11 10.56 
7.1 8.99 8.43 8.83 9.22 10.19 10.62 11.11 11.39 11.53 11.53 11.69 
9.22 10.45 10.05 9.84 9.71 10.46 11.08 11.92 11.71 11.7 11.21 11.25 
8.54 10.58 9.75 9.93 10.5 11.49 11.8 12.15 12.35 12.68 12.63 12.28 
8.74 10.54 10.4 9.64 9.33 9.72 10.06 10.96 11.67 11.07 9.97 10.28 
7.76 10.19 9.67 9.53 9.52 10.69 11.02 11.22 11.39 11.56 11.51 11.65 
8.84 10.6 9.22 10.31 9.7 10.38 11.31 11.83 11.75 11.73 11.25 10.88 
8.31 10.53 10.23 9.86 9.83 10.59 10.86 11.62 12.13 12.34 12.13 11.78 
8.83 10.75 10.4 9.57 9.57 10.29 11.19 10.95 10.47 10.59 10.02 10.48 
7.13 9.0 8.44 8.85 9.26 10.22 10.63 11.07 11.36 11.52 11.5 11.63 
8.81 10.13 9.6 9.5 9.33 10.11 10.77 11.5 11.32 11.33 10.88 10.99 
8.51 10.57 9.72 9.92 10.41 11.46 11.68 12.01 12.19 12.53 12.54 12.28 
9.01 10.8 10.74 9.85 9.56 9.97 10.44 11.34 11.94 11.32 10.26 10.51 
7.3 9.08 8.72 9.18 9.53 10.49 10.89 11.48 11.83 11.87 11.71 11.65 
8.98 10.83 10.77 10.46 10.14 10.51 10.99 11.77 11.94 11.87 11.0 10.91 
8.3 10.23 9.97 9.87 9.83 10.58 10.95 11.45 11.85 12.07 11.91 11.86 
8.96 10.83 10.45 9.61 9.7 10.33 11.25 11.03 10.52 10.63 10.05 10.51 
7.02 8.93 8.39 8.83 9.2 10.21 10.66 11.11 11.4 11.53 11.53 11.69 
9.05 10.19 9.77 9.58 9.44 10.15 10.81 11.64 11.42 11.42 10.91 10.96 
8.5 10.58 9.73 9.89 10.43 11.4 11.71 12.02 12.21 12.54 12.57 12.28 
8.97 10.82 10.75 9.85 9.56 9.94 10.42 11.35 11.96 11.32 10.28 10.52 
7.31 8.95 8.74 9.11 9.47 10.43 10.83 11.37 11.7 11.77 11.66 11.66 
9.21 11.28 10.92 11.07 11.31 11.8 12.23 12.41 12.65 12.6 12.27 11.22 
8.57 10.62 10.14 10.53 10.86 11.6 12.13 12.08 12.47 12.65 12.49 12.08 
9.83 11.58 10.46 9.96 10.21 10.62 11.06 11.11 11.02 10.94 10.6 10.63 
9.93 11.59 9.98 9.39 9.55 10.12 10.53 10.99 11.08 11.15 10.88 10.56 
9.45 11.04 9.81 9.27 9.23 9.6 9.98 10.58 10.48 10.13 9.88 9.87 
9.57 11.16 9.59 9.08 9.23 9.74 10.2 10.55 10.67 10.55 10.47 10.11 
9.57 11.21 10.05 9.27 9.25 9.74 10.13 10.84 11.09 10.72 10.14 10.08 
9.52 11.1 9.47 8.83 9.05 9.61 10.04 10.4 10.44 10.24 10.13 10.03 
9.53 11.22 9.96 9.58 10.02 10.12 10.5 11.07 11.2 11.15 10.75 10.42 
9.5 11.19 10.28 9.56 9.38 10.06 10.27 10.85 11.06 10.64 10.22 10.06 
9.52 11.14 9.9 9.46 9.69 10.09 10.56 10.61 10.51 10.37 9.99 10.01 
9.5 11.03 9.41 8.86 9.02 9.58 9.95 10.37 10.41 10.21 10.11 9.97 
9.47 11.11 9.84 9.42 9.46 9.76 10.19 10.9 10.82 10.44 10.06 10.03 
9.55 11.05 9.6 9.51 9.91 10.67 10.97 11.37 11.41 11.67 11.65 11.08 
9.47 11.09 10.01 9.32 9.36 9.73 10.14 10.88 11.06 10.69 10.09 9.98 
9.48 11.05 9.62 9.0 9.05 9.83 10.14 10.46 10.37 10.29 10.11 9.99 
9.46 11.23 9.55 9.78 9.4 9.75 10.32 10.89 11.15 11.14 10.65 10.05 
9.49 11.14 10.15 9.29 9.32 9.71 9.96 10.74 11.25 11.23 10.85 10.07 
9.46 11.07 9.88 9.39 9.61 9.97 10.54 10.6 10.51 10.34 10.0 9.94 
9.47 11.02 9.44 8.85 9.01 9.55 9.97 10.37 10.45 10.37 10.17 9.98 
9.47 11.12 9.89 9.43 9.41 9.64 10.17 10.86 10.73 10.34 10.03 10.0 
9.51 11.04 9.42 8.8 9.02 9.54 9.99 10.35 10.42 10.21 10.19 9.97 
9.45 11.19 9.98 9.37 9.53 9.78 10.26 10.9 10.96 10.63 10.1 9.99 
9.45 11.03 9.46 8.84 9.09 9.63 10.08 10.6 10.73 10.69 10.5 10.03 
9.48 11.04 10.21 9.78 9.67 10.04 10.31 10.97 11.17 11.11 10.33 10.03 
9.51 11.07 9.8 9.61 9.9 10.62 10.88 11.25 11.35 11.57 11.47 11.05 
9.44 11.09 9.74 9.42 9.66 10.03 10.52 10.61 10.53 10.39 10.0 9.99 
9.5 11.03 9.39 8.81 8.99 9.55 9.96 10.38 10.36 10.13 10.01 9.95 
9.46 11.1 9.8 9.45 9.5 9.68 10.18 10.97 10.88 10.58 10.08 10.0 
9.42 10.97 9.36 8.73 8.9 9.5 9.83 10.3 10.38 10.19 10.1 9.81 
6.87 9.73 9.78 8.87 8.53 8.85 8.96 10.02 10.84 9.96 8.11 7.89 
4.65 6.14 6.04 6.59 6.68 7.79 8.12 8.96 9.49 9.49 9.01 8.81 
8.4 11.13 10.91 11.1 11.31 11.78 12.11 12.29 12.63 12.64 12.26 10.22 
8.02 10.09 9.77 10.35 10.64 11.32 11.9 11.77 12.2 12.38 12.14 10.6 
9.86 11.62 10.38 9.98 10.27 10.72 11.15 11.13 11.29 11.61 11.91 12.25 
9.79 11.58 10.11 9.52 9.69 10.36 10.84 11.38 11.7 12.07 12.42 12.83 
9.64 11.33 10.1 9.58 9.64 10.0 10.41 11.07 11.14 11.32 11.57 11.92 
9.71 11.4 9.95 9.43 9.62 10.18 10.77 11.31 11.61 11.85 12.23 12.65 
9.59 11.2 10.15 9.41 9.41 9.87 10.26 10.91 11.27 11.32 11.45 11.8 
9.62 11.3 9.85 9.28 9.44 10.09 10.64 11.16 11.41 11.64 12.08 12.59 
9.55 11.25 10.0 9.75 10.1 10.2 10.63 11.12 11.34 11.51 11.58 11.87 
9.54 11.37 10.28 9.67 9.59 10.24 10.61 11.12 11.5 11.68 12.01 12.53 
9.5 11.12 9.97 9.46 9.7 10.19 10.66 10.65 10.81 11.12 11.44 11.76 
9.54 11.28 9.78 9.3 9.47 10.13 10.57 11.12 11.34 11.61 12.05 12.53 
9.48 11.05 9.93 9.53 9.49 9.87 10.28 10.97 11.0 11.26 11.43 11.74 
9.56 11.3 9.8 9.47 9.83 10.6 10.95 11.31 11.54 11.87 12.18 12.53 
9.47 11.11 10.04 9.37 9.49 9.85 10.29 10.9 11.16 11.26 11.42 11.73 
9.51 11.3 9.96 9.41 9.43 10.27 10.73 11.16 11.36 11.63 12.06 12.53 
9.49 11.24 9.63 9.81 9.53 9.94 10.49 10.97 11.26 11.54 11.62 11.71 
9.53 11.35 10.29 9.52 9.53 10.09 10.51 11.17 11.6 11.92 12.21 12.45 
9.51 11.14 9.94 9.43 9.67 10.09 10.64 10.69 10.78 11.09 11.42 11.74 
9.55 11.25 9.85 9.13 9.43 10.03 10.56 11.06 11.38 11.77 12.12 12.53 
9.53 11.13 9.88 9.37 9.45 9.79 10.19 10.86 10.93 11.1 11.35 11.73 
9.62 11.25 9.8 9.21 9.43 10.02 10.56 11.1 11.37 11.62 12.06 12.53 
9.52 11.19 10.04 9.36 9.45 9.94 10.36 10.97 11.11 11.23 11.41 11.74 
9.56 11.25 9.79 9.18 9.49 10.24 10.66 11.33 11.64 11.89 12.19 12.51 
9.42 11.15 10.31 9.8 9.58 10.07 10.36 10.98 11.27 11.51 11.45 11.73 
9.5 11.28 10.03 9.59 9.86 10.57 10.84 11.24 11.53 11.88 12.12 12.47 
9.45 11.1 9.94 9.43 9.64 10.11 10.62 10.71 10.77 11.08 11.4 11.74 
9.49 11.25 9.76 9.22 9.41 10.08 10.59 11.05 11.32 11.58 12.02 12.51 
9.52 11.04 9.91 9.53 9.48 9.87 10.25 10.97 11.02 11.24 11.38 11.72 
9.46 11.21 9.78 9.22 9.36 10.03 10.47 11.03 11.36 11.57 12.0 12.41 
7.68 9.98 9.95 9.08 8.78 9.08 9.38 10.18 10.96 10.52 9.58 9.61 
2.93 3.84 3.63 3.86 4.03 4.38 4.43 4.76 5.02 4.93 4.72 4.56 
8.34 10.94 10.81 10.94 11.31 11.75 11.98 12.22 12.64 12.68 12.16 9.93 
7.97 10.05 9.72 10.35 10.67 11.33 11.91 11.8 12.22 12.42 12.18 10.54 
9.86 11.57 10.0 9.5 9.72 10.36 10.65 10.98 11.28 11.58 11.63 11.55 
9.76 11.56 10.17 9.63 9.93 10.64 11.01 11.49 11.85 12.18 12.28 12.41 
9.63 11.23 9.74 9.34 9.67 10.33 10.69 11.07 11.41 11.76 11.74 11.63 
9.59 11.37 9.86 9.44 9.67 10.33 10.76 11.26 11.59 11.87 12.07 12.19 
9.55 11.14 9.58 9.02 9.15 9.9 10.25 10.61 10.92 11.17 11.21 11.15 
9.56 11.33 9.84 9.44 9.75 10.37 10.78 11.22 11.62 11.88 12.05 12.16 
9.5 11.08 9.61 9.28 9.5 10.11 10.53 10.91 11.25 11.62 11.59 11.46 
9.38 11.21 9.83 9.32 9.66 10.21 10.76 11.22 11.55 11.8 12.0 12.11 
9.49 11.14 9.5 8.99 9.16 9.89 10.2 10.6 10.83 11.12 11.15 11.08 
9.54 11.29 9.9 9.49 9.7 10.37 10.68 11.19 11.57 11.89 12.02 12.14 
9.5 11.09 9.58 9.27 9.39 10.2 10.46 10.91 11.25 11.6 11.55 11.45 
9.53 11.32 9.84 9.32 9.47 10.19 10.68 11.15 11.51 11.75 11.97 12.1 
9.48 11.06 9.44 8.98 9.27 9.85 10.21 10.56 10.85 11.07 11.18 11.09 
9.56 11.28 9.92 9.39 9.65 10.28 10.77 11.2 11.52 11.88 12.02 12.11 
9.44 11.06 9.58 9.22 9.55 10.11 10.42 10.82 11.22 11.55 11.54 11.41 
9.4 11.18 9.81 9.3 9.57 10.18 10.74 11.22 11.57 11.77 11.98 12.11 
9.5 11.09 9.5 8.98 9.22 9.86 10.19 10.59 10.83 11.11 11.2 11.11 
9.57 11.27 9.77 9.4 9.66 10.39 10.72 11.22 11.55 11.9 12.03 12.14 
9.45 11.06 9.6 9.17 9.54 10.22 10.48 10.88 11.22 11.61 11.56 11.45 
9.55 11.27 9.84 9.31 9.57 10.26 10.66 11.17 11.52 11.74 11.98 12.09 
9.45 11.08 9.55 9.01 9.19 9.88 10.18 10.56 10.8 11.06 11.15 11.08 
9.53 11.29 9.87 9.45 9.69 10.35 10.76 11.16 11.54 11.82 12.0 12.1 
9.5 11.03 9.49 9.09 9.61 10.18 10.46 10.87 11.22 11.58 11.54 11.42 
9.35 11.2 9.8 9.34 9.56 10.2 10.71 11.19 11.52 11.77 11.98 12.11 
9.49 11.09 9.56 8.99 9.22 9.93 10.23 10.58 10.84 11.14 11.18 11.1 
9.51 11.3 9.86 9.33 9.64 10.36 10.74 11.21 11.58 11.9 12.06 12.13 
9.49 11.06 9.54 9.21 9.48 10.21 10.43 10.89 11.24 11.59 11.54 11.45 
9.52 11.28 9.87 9.25 9.53 10.15 10.7 11.16 11.46 11.74 11.92 12.07 
7.54 9.88 8.58 9.71 9.82 10.3 10.7 10.92 10.32 10.31 11.66 11.44 
6.64 9.65 8.81 9.81 10.21 10.38 10.61 10.91 10.07 10.1 11.2 10.89 
7.8 7.37 6.63 6.62 6.82 7.82 8.58 9.17 8.67 8.43 8.69 8.52 
4.11 4.39 3.61 3.48 3.49 3.75 3.76 4.01 4.37 4.28 4.07 3.63 
10.25 11.24 10.14 10.71 10.38 11.41 11.11 10.75 10.98 11.0 10.9 9.73 
10.24 11.29 9.96 10.28 10.53 11.48 11.55 11.32 10.64 9.83 9.21 8.67 
10.07 11.14 9.68 9.52 10.02 10.71 10.97 10.54 9.69 8.6 7.91 7.94 
9.94 10.92 9.36 9.44 9.8 10.43 10.7 10.27 9.33 8.39 7.71 7.74 
10.04 11.21 10.3 10.6 10.39 11.7 11.41 10.98 9.99 8.85 8.01 8.0 
9.77 11.13 10.37 10.55 10.37 11.43 11.37 10.85 10.43 9.78 9.22 8.67 
9.82 10.94 9.88 10.31 9.94 11.22 10.95 10.34 9.25 8.26 7.61 7.89 
9.42 11.2 10.39 10.37 10.45 11.3 11.17 10.45 9.49 8.57 7.73 7.74 
9.7 11.41 10.45 10.68 10.46 11.53 11.45 11.04 10.32 9.66 9.27 8.99 
9.49 11.31 10.18 10.65 10.65 11.48 11.73 11.66 11.22 10.63 10.16 9.69 
9.38 10.97 9.7 9.93 10.41 10.84 11.19 11.01 10.68 10.47 9.86 9.3 
9.5 10.99 9.84 10.06 10.54 10.78 11.14 11.1 10.87 10.61 10.14 9.51 
9.07 11.07 10.07 10.55 10.24 11.43 11.29 11.38 11.07 10.79 10.4 9.86 
9.89 11.76 10.84 10.91 10.92 11.99 12.0 12.11 11.88 11.75 11.28 10.57 
9.76 11.57 10.36 10.22 10.49 11.03 11.18 11.4 11.81 11.66 11.41 10.18 
10.23 11.68 10.5 10.79 10.64 11.62 11.6 11.92 12.06 11.96 11.75 10.93 
9.96 10.92 9.88 10.28 10.0 11.05 11.06 11.25 11.2 10.88 10.68 10.07 
10.07 11.37 10.12 10.36 10.57 11.45 11.75 11.98 12.08 11.7 11.35 10.8 
9.61 10.59 9.33 9.51 9.96 10.42 10.77 10.99 10.93 10.61 10.21 9.47 
9.57 10.68 9.27 9.51 10.07 10.49 10.84 10.92 11.03 10.72 10.21 9.61 
9.85 11.59 10.4 10.77 10.54 11.72 11.73 12.09 12.17 11.98 11.63 10.98 
9.38 10.82 9.92 10.05 10.05 11.1 11.3 11.55 11.36 11.12 10.62 10.04 
9.69 10.89 9.82 10.32 10.23 11.16 11.2 11.52 11.56 11.19 10.81 10.14 
9.35 11.09 10.36 10.34 10.37 11.17 11.37 11.67 11.9 11.78 11.39 10.75 
9.82 11.61 10.6 11.12 10.87 11.8 11.86 12.25 12.55 12.62 12.54 12.05 
9.27 11.12 9.71 10.07 10.24 11.15 11.29 11.66 12.01 12.15 12.23 12.1 
9.46 11.11 9.84 9.91 10.61 10.91 11.14 11.4 11.66 11.71 11.63 11.22 
9.49 11.0 9.89 9.96 10.67 10.94 11.21 11.45 11.66 11.72 11.68 11.4 
9.31 11.15 10.21 10.46 10.25 11.3 11.18 11.57 11.87 12.11 12.22 12.18 
10.12 11.98 10.81 10.78 10.79 11.72 11.77 12.16 12.36 12.64 12.62 12.46 
9.61 11.52 10.03 10.63 10.39 10.75 11.17 11.55 11.78 11.96 11.87 11.71 
9.45 11.57 10.64 10.69 10.38 11.47 11.41 12.07 12.47 12.8 12.82 12.73 
10.0 11.59 10.49 10.25 10.27 11.03 11.25 11.51 11.81 12.04 12.31 12.56 
9.55 11.28 9.84 9.69 9.88 10.51 10.79 11.3 11.73 12.1 12.26 12.55 
9.89 11.53 10.4 10.06 10.22 10.72 11.15 11.5 11.88 12.22 12.37 12.67 
9.46 11.08 9.72 9.16 9.57 10.07 10.69 11.04 11.45 11.73 12.01 12.39 
9.79 11.44 10.28 10.02 9.8 10.76 10.96 11.52 11.78 12.07 12.28 12.53 
9.35 11.07 9.62 9.36 9.6 10.29 10.68 11.06 11.37 11.81 12.0 12.33 
9.61 11.33 9.97 9.92 10.18 10.47 10.81 11.26 11.57 11.87 11.97 12.18 
9.79 11.65 10.59 10.05 10.08 10.82 11.12 11.55 11.92 12.23 12.51 12.88 
9.39 10.9 9.64 9.63 9.7 10.33 10.64 10.84 11.17 11.4 11.65 11.89 
9.78 11.55 10.17 9.94 10.01 10.83 11.14 11.6 11.97 12.33 12.55 12.92 
9.31 10.98 9.82 9.49 9.59 10.12 10.44 10.84 11.19 11.52 11.61 11.92 
9.74 11.49 10.14 9.51 9.99 10.61 11.14 11.54 11.96 12.23 12.53 12.89 
9.26 10.85 9.76 9.45 9.45 10.22 10.49 10.9 11.18 11.45 11.63 11.92 
9.8 11.61 10.26 10.0 10.04 10.98 11.32 11.62 11.92 12.4 12.61 12.92 
9.59 11.34 9.73 10.06 10.0 10.34 10.87 11.37 11.65 11.97 12.06 12.22 
9.26 11.14 9.9 9.7 9.57 10.33 10.42 11.06 11.46 11.78 12.01 12.27 
9.75 11.45 10.2 10.04 10.12 10.8 11.12 11.34 11.7 11.95 12.22 12.44 
9.4 11.08 9.73 9.41 9.65 10.34 10.64 11.01 11.46 11.83 12.01 12.32 
9.71 11.42 10.27 9.83 10.06 10.58 10.98 11.36 11.69 12.09 12.2 12.47 
9.34 11.04 9.54 9.05 9.44 10.0 10.58 10.94 11.3 11.61 11.93 12.29 
9.55 11.21 10.07 9.76 9.71 10.47 10.66 11.21 11.47 11.73 11.89 12.18 
9.59 11.33 9.94 9.55 9.78 10.59 10.92 11.43 11.76 12.14 12.31 12.6 
9.5 11.23 10.21 10.11 9.81 10.48 10.8 11.26 11.64 11.94 11.9 12.12 
9.53 11.34 10.04 9.61 9.61 10.36 10.82 11.23 11.64 11.98 12.2 12.56 
9.71 11.13 9.81 9.83 9.86 10.56 10.83 11.11 11.43 11.69 11.9 12.15 
9.52 11.25 9.94 9.61 9.9 10.55 10.88 11.32 11.71 11.99 12.25 12.59 
9.5 11.19 10.02 9.69 9.9 10.42 10.71 11.15 11.42 11.81 11.92 12.2 
9.53 11.22 9.86 9.26 9.84 10.39 10.87 11.2 11.6 11.92 12.23 12.58 
9.56 11.2 10.13 9.74 9.67 10.4 10.75 11.21 11.45 11.74 11.93 12.18 
9.65 11.32 9.86 9.67 9.71 10.61 10.96 11.4 11.74 12.13 12.32 12.64 
9.54 11.22 10.07 9.83 10.09 10.64 10.96 11.4 11.67 11.92 11.99 12.24 
9.51 11.3 9.93 9.74 9.61 10.58 10.82 11.3 11.6 11.95 12.2 12.59 
9.63 11.14 10.01 9.99 9.91 10.64 11.0 11.41 11.53 11.74 11.91 12.31 
9.56 11.32 9.85 9.88 9.84 10.61 10.96 11.52 11.72 12.18 12.28 12.64 
9.62 11.1 9.92 9.98 9.89 10.44 10.88 11.41 11.54 11.8 11.97 12.36 
9.53 11.26 9.86 9.55 9.66 10.4 10.97 11.32 11.65 11.87 12.18 12.61 
9.53 11.1 9.98 9.83 9.5 10.58 10.92 11.39 11.54 11.8 11.91 12.32 
9.61 11.3 9.95 9.8 9.85 10.57 11.07 11.44 11.78 12.1 12.32 12.64 
9.62 11.36 10.0 9.85 10.08 10.43 11.05 11.42 11.66 11.92 12.02 12.3 
9.64 11.38 10.35 10.03 9.72 10.56 10.88 11.39 11.68 11.91 12.15 12.57 
9.55 11.1 10.06 9.98 9.85 10.54 11.01 11.41 11.5 11.72 11.93 12.28 
9.5 11.29 9.86 9.89 9.84 10.59 10.94 11.52 11.71 12.14 12.27 12.62 
9.62 11.19 9.9 9.92 9.95 10.48 10.88 11.44 11.56 11.79 11.91 12.33 
9.48 11.24 9.78 9.59 9.87 10.51 10.89 11.39 11.68 11.91 12.21 12.61 
9.57 11.07 10.11 9.91 9.52 10.54 10.82 11.42 11.58 11.73 11.89 12.32 
9.62 11.34 10.03 9.86 10.02 10.59 11.11 11.5 11.79 12.05 12.3 12.65 
9.56 11.27 9.84 10.01 10.05 10.46 10.99 11.52 11.81 12.05 12.15 12.38 
9.5 11.31 10.14 9.94 9.8 10.64 10.83 11.39 11.7 12.02 12.28 12.59 
9.6 11.16 10.01 9.86 9.73 10.59 11.06 11.4 11.5 11.72 11.91 12.29 
9.52 11.27 9.88 9.83 9.8 10.47 10.95 11.47 11.76 12.13 12.26 12.62 
9.57 11.05 9.83 9.82 9.88 10.52 10.86 11.41 11.52 11.76 11.91 12.34 
9.53 11.18 9.76 9.63 9.79 10.47 10.87 11.37 11.67 11.95 12.17 12.59 
9.61 11.2 10.13 9.96 9.56 10.6 10.91 11.48 11.59 11.79 11.91 12.31 
9.58 11.28 9.92 9.7 9.94 10.59 11.07 11.61 11.93 12.21 12.36 12.62 
9.57 11.21 10.29 10.01 9.82 10.33 10.94 11.44 11.86 11.98 12.02 12.32 
9.63 11.33 10.0 9.96 9.71 10.54 10.94 11.33 11.62 12.04 12.25 12.55 
9.63 11.16 9.9 9.79 9.68 10.57 10.96 11.38 11.48 11.74 11.89 12.28 
9.55 11.25 9.93 9.83 9.82 10.6 10.92 11.48 11.74 12.08 12.27 12.64 
9.54 11.12 9.91 9.97 9.95 10.46 10.88 11.4 11.57 11.81 11.93 12.33 
9.58 11.24 9.8 9.63 9.79 10.38 10.93 11.33 11.64 11.93 12.19 12.61 
9.48 11.12 10.14 9.9 9.71 10.55 10.83 11.46 11.58 11.78 11.91 12.31 
9.6 11.34 9.96 9.78 9.98 10.58 11.1 11.5 11.81 12.06 12.3 12.66 
9.65 11.22 10.15 9.88 10.07 10.58 11.02 11.51 11.8 11.98 12.06 12.38 
9.6 11.33 9.83 9.85 9.69 10.58 10.9 11.45 11.64 11.95 12.19 12.62 
9.48 11.08 9.77 9.85 10.13 10.86 11.29 11.48 11.76 11.97 11.91 11.75 
9.51 11.27 9.82 9.34 9.64 10.33 10.67 11.15 11.53 11.87 11.97 12.09 
9.59 11.09 9.59 9.39 9.77 10.3 10.76 11.1 11.33 11.6 11.56 11.46 
9.52 11.27 9.83 9.31 9.54 10.2 10.66 11.14 11.48 11.73 11.94 12.06 
9.5 11.05 9.85 9.8 10.1 10.77 11.28 11.44 11.73 11.98 11.84 11.36 
9.46 11.26 9.84 9.38 9.6 10.35 10.7 11.18 11.57 11.86 11.98 12.07 
9.52 11.08 9.66 9.37 9.75 10.33 10.73 11.03 11.32 11.56 11.57 11.43 
9.36 11.23 9.83 9.57 9.97 10.61 11.03 11.42 11.61 11.85 12.03 12.14 
9.52 11.08 9.83 9.74 10.12 10.81 11.26 11.43 11.73 11.98 11.83 11.34 
9.52 11.29 9.89 9.45 9.67 10.24 10.76 11.15 11.57 11.86 12.01 12.11 
9.51 11.04 9.57 9.38 9.64 10.36 10.72 11.06 11.32 11.61 11.55 11.45 
9.47 11.27 9.81 9.28 9.48 10.18 10.68 11.15 11.48 11.74 11.94 12.06 
9.52 11.06 9.77 9.84 10.1 10.78 11.28 11.4 11.73 11.95 11.83 11.33 
9.55 11.24 9.86 9.32 9.58 10.32 10.74 11.24 11.57 11.84 11.97 12.09 
9.6 11.07 10.22 10.09 10.45 10.91 11.29 11.52 11.92 12.04 11.83 11.47 
9.36 11.19 9.86 9.72 10.07 10.74 11.24 11.45 11.82 12.08 12.18 12.18 
9.48 11.06 9.78 9.85 10.09 10.77 11.29 11.43 11.76 11.97 11.84 11.35 
9.53 11.25 9.82 9.44 9.62 10.35 10.68 11.19 11.56 11.85 11.99 12.08 
9.52 11.05 9.66 9.41 9.69 10.34 10.72 11.05 11.37 11.56 11.57 11.46 
9.49 11.29 9.78 9.25 9.47 10.23 10.64 11.13 11.49 11.72 11.93 12.08 
9.51 11.05 9.81 9.75 10.15 10.78 11.29 11.4 11.72 11.94 11.8 11.29 
9.48 11.24 9.85 9.45 9.61 10.38 10.68 11.23 11.56 11.8 11.97 12.05 
9.52 11.07 9.63 9.27 9.7 10.34 10.73 11.07 11.29 11.63 11.53 11.43 
9.4 11.18 9.85 9.49 9.96 10.65 11.05 11.4 11.64 11.85 12.04 12.15 
9.51 11.1 9.78 9.79 10.11 10.82 11.32 11.42 11.75 11.98 11.82 11.34 
9.49 11.25 9.85 9.37 9.66 10.35 10.76 11.16 11.55 11.86 11.98 12.1 
9.59 11.07 9.58 9.28 9.73 10.33 10.71 11.05 11.29 11.56 11.54 11.43 
9.53 11.25 9.79 9.26 9.53 10.15 10.66 11.13 11.52 11.76 11.95 12.11 
9.5 11.07 9.78 9.81 10.09 10.79 11.27 11.43 11.75 11.95 11.84 11.34 
9.53 11.27 9.83 9.39 9.72 10.36 10.74 11.23 11.57 11.83 12.01 12.11 
9.57 11.11 10.24 10.18 10.56 10.96 11.26 11.57 11.92 12.05 11.81 11.46 
9.36 11.22 9.79 9.94 10.25 10.74 11.19 11.4 11.83 12.1 12.18 12.16 
9.53 11.06 9.95 9.92 10.14 10.82 11.29 11.36 11.79 12.02 11.9 11.62 
9.47 11.29 9.87 9.47 9.89 10.5 10.8 11.24 11.57 11.86 12.04 12.2 
9.58 11.07 9.65 9.59 9.7 10.44 10.71 11.14 11.38 11.59 11.64 11.62 
9.53 11.33 9.86 9.61 9.63 10.32 10.74 11.18 11.54 11.73 11.99 12.18 
9.63 11.12 9.83 9.87 10.16 10.83 11.23 11.45 11.76 11.97 11.9 11.63 
9.51 11.27 9.89 9.41 9.67 10.46 10.72 11.23 11.6 11.88 12.03 12.19 
9.57 11.03 9.56 9.65 9.7 10.45 10.76 11.11 11.4 11.63 11.67 11.65 
9.45 11.1 9.83 9.8 10.0 10.74 11.08 11.44 11.65 11.88 12.07 12.22 
9.55 11.08 9.81 10.01 10.09 10.82 11.3 11.41 11.77 12.0 11.91 11.66 
9.51 11.29 9.88 9.55 9.71 10.38 10.76 11.24 11.58 11.86 12.04 12.21 
9.57 11.08 9.7 9.5 9.66 10.4 10.76 11.16 11.38 11.59 11.68 11.66 
9.57 11.24 9.77 9.58 9.66 10.34 10.68 11.18 11.51 11.73 11.98 12.2 
9.53 11.08 9.96 9.87 10.11 10.82 11.28 11.45 11.76 11.99 11.89 11.65 
9.56 11.27 9.87 9.28 9.67 10.4 10.75 11.25 11.6 11.82 12.02 12.18 
9.6 11.12 10.02 9.88 10.25 10.92 11.3 11.5 11.82 12.0 11.88 11.63 
9.4 11.2 9.89 9.85 10.12 10.79 11.25 11.44 11.84 12.06 12.21 12.24 
9.51 11.09 9.8 10.05 10.13 10.84 11.29 11.42 11.75 11.97 11.9 11.61 
9.57 11.28 9.82 9.66 9.65 10.49 10.78 11.22 11.62 11.87 12.03 12.16 
9.51 11.09 9.67 9.59 9.74 10.41 10.74 11.12 11.39 11.65 11.59 11.53 
9.47 11.29 9.87 9.49 9.6 10.31 10.7 11.23 11.53 11.74 11.96 12.09 
9.51 11.1 9.84 10.01 10.15 10.89 11.28 11.48 11.78 11.97 11.83 11.38 
9.57 11.31 9.82 9.44 9.69 10.42 10.78 11.26 11.63 11.84 11.94 12.07 
9.59 11.06 9.65 9.57 9.7 10.34 10.71 11.13 11.41 11.59 11.53 11.44 
9.47 11.18 9.89 9.61 9.62 10.33 10.81 11.28 11.6 11.77 11.94 12.09 
9.52 11.07 9.84 10.09 10.12 10.79 11.35 11.5 11.79 11.97 11.85 11.36 
9.48 11.27 9.91 9.63 9.77 10.4 10.81 11.26 11.6 11.89 12.0 12.09 
9.57 11.12 9.72 9.55 9.69 10.36 10.79 11.11 11.41 11.64 11.55 11.44 
9.59 11.3 9.81 9.49 9.55 10.33 10.71 11.22 11.55 11.72 11.94 12.07 
9.55 11.13 9.66 9.06 9.43 9.97 10.48 10.95 11.03 10.79 10.46 10.16 
9.52 11.08 9.72 9.06 9.44 9.98 10.47 11.05 11.22 11.12 10.76 10.31 
9.54 11.2 10.27 10.03 10.24 10.87 11.31 11.54 11.83 11.75 11.53 10.65 
9.42 10.96 9.86 9.92 10.06 10.83 11.29 11.44 11.7 11.87 11.81 11.42 
9.62 11.13 10.01 9.78 9.82 10.56 10.95 11.22 11.43 11.59 11.76 11.87 
9.78 11.62 10.15 9.74 10.05 10.8 11.01 11.6 12.0 12.39 12.51 12.73 
9.33 10.92 9.77 9.37 9.53 10.09 10.51 10.99 11.17 11.39 11.41 11.46 
9.53 11.28 9.91 9.32 9.66 10.25 10.91 11.27 11.62 11.87 12.11 12.41 
9.57 11.21 9.99 9.77 9.51 10.37 10.75 11.24 11.5 11.69 11.78 11.97 
9.58 11.29 9.9 9.64 9.68 10.53 10.89 11.34 11.64 12.01 12.13 12.36 
9.59 11.31 9.98 9.95 10.04 10.48 10.87 11.41 11.55 11.81 11.77 11.69 
9.63 11.34 10.35 9.9 9.79 10.57 10.87 11.38 11.64 11.88 12.08 12.35 
9.82 11.47 10.23 10.04 10.15 10.91 11.15 11.49 11.68 11.91 12.08 12.19 
9.36 11.04 9.66 9.44 9.61 10.31 10.63 11.03 11.45 11.71 11.91 12.17 
9.57 11.21 10.02 9.6 9.81 10.31 10.77 11.28 11.45 11.7 11.71 11.73 
9.52 11.24 9.88 9.33 9.79 10.35 10.86 11.27 11.67 11.9 12.17 12.42 
9.62 11.19 9.97 9.62 9.45 10.39 10.72 11.24 11.51 11.72 11.77 11.92 
9.63 11.33 10.16 9.73 9.76 10.76 11.03 11.37 11.67 12.0 12.21 12.39 
9.59 11.41 9.7 10.06 9.97 10.36 10.9 11.52 11.64 11.94 11.88 11.83 
9.79 11.65 10.48 9.91 9.94 10.75 10.99 11.64 12.01 12.31 12.53 12.63 
9.38 10.93 9.7 9.58 9.56 10.31 10.58 10.93 11.17 11.34 11.49 11.56 
9.6 11.28 9.83 9.66 9.84 10.57 10.87 11.28 11.72 12.09 12.24 12.44 
9.77 11.47 10.17 9.85 10.08 10.58 11.06 11.5 11.72 12.01 11.98 12.04 
9.31 10.98 9.56 9.04 9.44 10.03 10.55 10.92 11.36 11.61 11.85 12.13 
9.55 11.21 10.15 9.84 9.67 10.47 10.75 11.3 11.51 11.69 11.77 11.94 
9.58 11.34 9.97 9.57 9.74 10.55 10.9 11.45 11.82 12.12 12.23 12.36 
9.81 11.44 10.47 10.3 10.0 10.74 11.05 11.68 11.95 12.15 11.99 11.97 
9.33 11.08 9.74 9.41 9.55 10.2 10.57 11.04 11.34 11.64 11.87 12.03 
9.65 11.13 9.84 9.85 9.82 10.54 10.88 11.22 11.45 11.66 11.8 11.91 
9.61 11.31 9.92 9.67 9.86 10.54 10.88 11.29 11.66 11.96 12.18 12.44 
9.52 11.18 9.99 9.6 9.76 10.31 10.82 11.31 11.44 11.69 11.7 11.71 
9.51 11.25 9.83 9.39 9.83 10.32 10.85 11.23 11.61 11.88 12.14 12.41 
9.57 11.21 10.16 9.76 9.54 10.45 10.69 11.33 11.48 11.65 11.77 11.94 
9.81 11.58 10.13 9.89 10.0 10.84 11.23 11.72 12.04 12.37 12.53 12.71 
9.39 10.94 9.93 9.57 9.77 10.41 10.75 11.18 11.43 11.58 11.49 11.57 
9.61 11.38 9.93 9.73 9.56 10.52 10.8 11.4 11.61 11.86 12.14 12.4 
9.81 11.4 10.31 10.14 10.17 10.92 11.34 11.68 11.83 12.01 12.21 12.6 
9.34 11.08 9.63 9.57 9.64 10.25 10.69 11.26 11.5 11.89 12.01 12.36 
9.55 11.08 9.9 9.85 9.95 10.51 10.88 11.44 11.56 11.78 11.94 12.35 
9.54 11.24 9.84 9.61 9.74 10.47 10.96 11.36 11.65 11.88 12.19 12.61 
9.76 11.41 10.31 10.07 9.62 10.79 11.17 11.7 11.82 12.06 12.21 12.6 
9.39 11.04 9.67 9.43 9.66 10.29 10.66 11.19 11.52 11.78 12.02 12.34 
9.6 11.32 10.01 9.88 10.11 10.42 11.05 11.41 11.62 11.89 12.01 12.31 
9.57 11.45 10.31 10.03 9.71 10.61 10.93 11.34 11.67 11.94 12.19 12.55 
9.56 11.12 10.0 9.98 9.81 10.52 11.0 11.35 11.49 11.75 11.92 12.29 
9.61 11.31 9.85 9.76 9.73 10.58 10.97 11.47 11.76 12.09 12.29 12.63 
9.56 11.16 9.98 9.96 9.81 10.45 10.88 11.4 11.58 11.79 11.95 12.33 
9.76 11.51 10.11 9.9 10.13 10.72 11.24 11.63 11.97 12.22 12.49 12.88 
9.3 10.84 9.87 9.67 9.19 10.29 10.49 11.16 11.31 11.48 11.63 12.02 
9.52 11.33 10.16 9.89 9.94 10.68 11.11 11.46 11.79 12.05 12.28 12.66 
9.55 11.29 9.79 10.0 9.92 10.45 11.01 11.54 11.76 12.05 12.13 12.36 
9.56 11.3 10.05 9.86 9.75 10.61 10.89 11.44 11.72 11.98 12.25 12.58 
9.54 11.15 9.9 9.8 9.67 10.55 10.99 11.39 11.44 11.71 11.92 12.29 
9.63 11.31 9.91 9.84 9.79 10.64 10.98 11.45 11.73 12.17 12.26 12.61 
9.74 11.38 10.18 10.1 9.96 10.67 11.16 11.68 11.84 12.1 12.23 12.63 
9.29 10.96 9.62 9.38 9.52 10.23 10.6 11.07 11.38 11.63 11.9 12.3 
9.53 11.16 10.12 9.99 9.64 10.58 10.9 11.45 11.56 11.78 11.9 12.32 
9.59 11.27 9.81 9.62 9.91 10.63 11.03 11.6 11.9 12.18 12.33 12.6 
9.58 11.18 10.3 9.97 9.76 10.46 10.9 11.42 11.87 11.96 11.98 12.31 
9.57 11.35 9.99 9.72 9.79 10.58 10.91 11.32 11.64 11.99 12.24 12.56 
9.57 11.13 9.83 9.89 9.75 10.52 10.98 11.38 11.48 11.71 11.91 12.31 
9.8 11.53 10.12 10.1 10.04 10.83 11.31 11.81 11.99 12.41 12.57 12.93 
9.32 10.86 9.71 9.68 9.57 10.18 10.59 11.19 11.24 11.48 11.64 12.04 
9.55 11.23 9.87 9.56 9.74 10.41 10.94 11.32 11.66 11.88 12.2 12.58 
9.55 11.14 10.14 9.96 9.73 10.54 10.91 11.44 11.59 11.77 11.93 12.32 
9.6 11.27 9.98 9.71 9.8 10.51 11.07 11.46 11.83 12.07 12.28 12.68 
9.59 11.18 10.21 9.84 10.17 10.59 11.02 11.51 11.81 11.97 11.99 12.37 
9.55 11.32 9.78 9.84 9.67 10.64 10.89 11.49 11.68 11.94 12.18 12.63 
8.91 10.26 9.94 10.65 10.54 11.39 11.86 12.02 12.18 12.44 12.32 12.45 
8.04 10.25 9.49 9.94 9.61 10.5 10.85 11.4 11.59 11.94 12.05 12.39 
8.92 10.16 9.61 10.33 10.2 11.01 11.27 11.72 11.91 12.16 12.19 12.49 
8.34 10.66 9.83 10.09 10.05 10.84 11.26 11.71 11.96 12.26 12.44 12.79 
8.97 10.42 10.06 10.88 10.76 11.44 11.96 12.2 12.33 12.56 12.44 12.55 
8.7 10.76 10.1 10.04 10.42 10.92 11.49 11.9 12.31 12.51 12.69 13.02 
9.12 10.28 10.1 9.96 10.57 11.13 11.57 11.78 12.16 12.32 12.36 12.65 
8.86 10.92 10.36 10.58 10.27 11.3 11.62 12.18 12.41 12.66 12.87 13.21 
8.84 10.26 9.95 10.71 10.61 11.29 11.8 12.0 12.12 12.35 12.23 12.36 
8.58 10.82 10.15 10.56 10.22 11.19 11.49 12.05 12.25 12.52 12.71 13.06 
9.13 10.32 9.87 10.59 10.55 11.24 11.53 11.98 12.16 12.37 12.4 12.73 
8.49 10.8 10.04 10.13 10.07 10.97 11.35 11.84 12.12 12.44 12.59 12.96 
9.07 10.48 10.21 10.94 10.88 11.63 12.11 12.3 12.46 12.66 12.55 12.7 
8.78 10.86 10.16 10.1 10.47 11.03 11.53 11.98 12.36 12.59 12.77 13.09 
9.37 10.57 10.31 10.43 10.69 11.36 11.84 12.15 12.5 12.72 12.74 13.02 
8.42 10.59 9.81 10.08 9.92 10.75 11.15 11.76 11.95 12.16 12.37 12.76 
9.12 10.44 10.24 10.89 10.83 11.6 12.1 12.32 12.36 12.59 12.55 12.68 
8.57 10.74 10.11 10.52 10.26 11.08 11.48 12.03 12.27 12.59 12.71 13.06 
9.15 10.37 9.92 10.48 10.47 11.3 11.54 12.02 12.13 12.42 12.39 12.7 
8.44 10.8 10.03 10.2 10.16 11.04 11.37 11.92 12.13 12.39 12.63 12.97 
9.1 10.42 10.3 11.01 10.85 11.6 12.1 12.26 12.43 12.67 12.54 12.68 
8.69 10.89 10.09 10.17 10.48 10.9 11.61 12.0 12.39 12.58 12.77 13.08 
9.15 10.34 10.21 9.99 10.54 11.12 11.71 11.85 12.23 12.33 12.41 12.7 
8.7 10.8 10.06 10.38 9.94 10.95 11.35 11.93 12.16 12.42 12.63 12.96 
9.05 10.53 10.21 11.0 10.84 11.61 12.1 12.32 12.45 12.66 12.54 12.67 
8.59 10.86 10.17 10.45 10.27 11.14 11.49 12.06 12.32 12.58 12.74 13.09 
9.14 10.29 9.89 10.46 10.48 11.23 11.59 12.0 12.18 12.37 12.43 12.72 
8.51 10.8 10.09 10.27 10.14 11.05 11.3 11.89 12.15 12.41 12.63 12.98 
8.86 10.21 10.04 10.87 10.7 11.52 12.13 12.3 12.42 12.59 12.48 12.53 
8.31 8.57 8.26 9.13 9.2 9.76 10.86 11.55 11.78 11.66 11.88 12.43 
9.02 10.35 10.08 10.19 10.68 10.95 11.63 12.18 12.46 12.46 12.23 12.48 
8.27 10.56 10.74 10.72 9.92 10.58 11.14 12.04 12.28 12.26 12.01 12.49 
9.88 11.57 10.33 10.38 10.59 11.24 11.76 11.95 12.23 12.55 12.46 12.19 
9.75 11.55 10.17 9.69 9.96 10.6 11.02 11.46 11.83 12.14 12.28 12.37 
9.7 11.24 9.82 9.5 9.87 10.53 10.87 11.26 11.5 11.73 11.7 11.61 
9.59 11.4 9.93 9.36 9.67 10.33 10.75 11.26 11.6 11.84 12.07 12.2 
9.48 11.16 9.85 9.83 10.17 10.88 11.36 11.51 11.81 12.02 11.9 11.41 
9.54 11.3 9.89 9.35 9.63 10.32 10.79 11.25 11.62 11.87 12.02 12.13 
9.57 11.06 9.63 9.25 9.6 10.35 10.7 11.1 11.39 11.57 11.57 11.46 
9.41 11.19 9.86 9.48 9.99 10.7 11.06 11.42 11.63 11.86 12.03 12.17 
9.5 11.1 9.83 9.88 10.12 10.83 11.31 11.43 11.77 11.98 11.85 11.36 
9.5 11.28 9.87 9.37 9.65 10.37 10.77 11.19 11.57 11.86 12.02 12.12 
9.54 11.08 9.68 9.35 9.76 10.31 10.72 11.08 11.32 11.61 11.55 11.46 
9.5 11.28 9.83 9.2 9.58 10.18 10.62 11.14 11.49 11.76 11.94 12.07 
9.49 11.06 9.82 9.85 10.12 10.78 11.3 11.44 11.75 11.96 11.82 11.34 
9.5 11.26 9.85 9.34 9.7 10.34 10.74 11.2 11.55 11.86 12.0 12.08 
9.55 11.06 9.93 9.85 10.22 10.93 11.27 11.48 11.81 12.01 11.82 11.5 
9.39 11.18 9.88 9.79 9.96 10.8 11.25 11.47 11.83 12.06 12.23 12.2 
9.5 11.07 9.81 9.79 10.12 10.78 11.27 11.44 11.73 11.94 11.83 11.34 
9.49 11.27 9.85 9.31 9.55 10.31 10.74 11.17 11.56 11.87 12.0 12.11 
9.52 11.07 9.59 9.3 9.67 10.39 10.7 11.07 11.32 11.62 11.54 11.44 
9.54 11.26 9.81 9.28 9.46 10.14 10.66 11.14 11.48 11.74 11.94 12.08 
9.51 11.07 9.81 9.81 10.07 10.79 11.3 11.39 11.73 11.96 11.82 11.36 
9.55 11.28 9.79 9.44 9.57 10.28 10.71 11.18 11.56 11.81 11.96 12.07 
9.51 11.07 9.62 9.3 9.66 10.35 10.7 11.07 11.33 11.59 11.54 11.43 
9.43 11.19 9.85 9.45 9.96 10.7 11.01 11.41 11.61 11.86 12.03 12.15 
9.5 11.09 9.82 9.86 10.15 10.8 11.29 11.44 11.75 12.0 11.83 11.35 
9.54 11.26 9.89 9.4 9.69 10.37 10.69 11.19 11.55 11.87 12.0 12.1 
9.5 11.05 9.64 9.35 9.7 10.37 10.72 11.06 11.29 11.58 11.52 11.43 
9.51 11.29 9.85 9.28 9.51 10.23 10.62 11.11 11.49 11.7 11.94 12.08 
9.49 11.06 9.78 9.79 10.13 10.8 11.28 11.42 11.74 11.95 11.83 11.33 
9.45 11.26 9.85 9.39 9.63 10.33 10.71 11.23 11.59 11.87 11.99 12.1 
9.5 11.08 9.89 9.76 10.28 10.9 11.31 11.53 11.81 12.02 11.8 11.49 
9.36 11.18 9.88 9.84 10.05 10.75 11.28 11.48 11.84 12.08 12.21 12.2 
9.5 11.08 9.78 9.79 10.1 10.83 11.28 11.41 11.76 11.97 11.83 11.33 
9.51 11.25 9.87 9.37 9.65 10.3 10.76 11.16 11.56 11.87 11.99 12.07 
9.55 11.03 9.58 9.36 9.65 10.35 10.66 11.02 11.35 11.57 11.53 11.42 
9.52 11.25 9.81 9.24 9.52 10.17 10.62 11.15 11.51 11.73 11.95 12.09 
9.47 11.07 9.76 9.82 10.08 10.8 11.24 11.43 11.72 11.94 11.83 11.33 
9.54 11.25 9.85 9.38 9.59 10.36 10.7 11.23 11.55 11.82 11.98 12.09 
9.53 11.07 9.58 9.34 9.62 10.36 10.71 11.08 11.3 11.56 11.55 11.45 
9.43 11.18 9.83 9.42 9.93 10.7 11.06 11.43 11.63 11.83 12.02 12.14 
9.51 11.07 9.84 9.78 10.06 10.77 11.31 11.43 11.76 11.98 11.83 11.36 
9.48 11.28 9.78 9.42 9.64 10.35 10.71 11.2 11.56 11.85 12.0 12.09 
9.52 11.09 9.65 9.37 9.73 10.32 10.75 11.02 11.32 11.58 11.54 11.45 
9.47 11.25 9.82 9.29 9.56 10.2 10.64 11.12 11.5 11.72 11.95 12.09 
9.53 11.06 9.77 9.74 10.12 10.8 11.27 11.41 11.75 11.98 11.81 11.34 
9.49 11.28 9.85 9.38 9.67 10.34 10.73 11.24 11.56 11.85 11.99 12.07 
9.52 11.04 9.88 9.75 10.29 10.89 11.34 11.51 11.84 12.0 11.82 11.49 
9.42 11.17 9.91 9.77 10.08 10.74 11.31 11.47 11.81 12.06 12.21 12.2 
9.48 11.07 9.45 9.01 9.11 9.86 10.15 10.48 10.81 11.05 11.11 11.04 
9.5 11.25 9.87 9.39 9.66 10.28 10.74 11.19 11.57 11.86 11.99 12.1 
9.49 11.03 9.56 9.27 9.49 10.11 10.54 10.89 11.22 11.61 11.57 11.43 
9.48 11.27 9.78 9.21 9.55 10.22 10.65 11.14 11.46 11.75 11.95 12.08 
8.79 10.06 8.88 8.74 8.98 9.7 10.04 10.42 10.8 11.15 11.18 11.07 
8.89 10.55 9.44 9.15 9.56 10.33 10.71 11.11 11.57 11.95 12.15 12.21 
8.97 10.26 9.09 9.13 9.4 10.2 10.52 10.88 11.32 11.82 11.77 11.61 
8.55 10.7 9.46 9.95 10.23 10.86 11.17 11.14 11.1 11.25 12.11 12.38 
5.83 8.31 7.51 8.55 8.84 8.95 9.04 9.68 9.01 9.18 10.17 9.8 
0.0 0.0 0.0 0.0 0.0 0.0 0.0 0.0 0.0 0.0 0.0 0.0 
5.4 8.26 7.61 8.01 7.35 8.02 8.47 8.25 8.0 8.45 7.53 7.28 
6.57 10.04 9.55 9.53 9.11 9.48 9.92 10.91 11.55 11.23 10.1 9.1 
2.91 3.78 3.74 4.19 4.19 4.53 4.74 5.32 5.36 5.79 5.47 4.66 
7.02 9.95 9.88 10.03 10.47 11.31 11.27 11.39 11.31 11.54 9.98 9.28 
0.71 0.84 0.82 0.84 0.85 0.92 0.96 1.07 1.12 1.2 1.25 1.25 
8.01 9.28 8.9 8.52 8.62 8.98 9.19 8.72 8.33 8.38 7.32 7.64 
10.45 10.93 9.87 9.26 9.39 10.09 10.57 10.47 9.98 9.5 8.92 8.57 
10.19 10.94 10.17 9.9 9.74 10.07 10.45 11.29 11.03 10.52 9.32 9.09 
10.08 10.52 9.13 8.74 8.95 9.37 9.83 10.25 10.11 9.36 9.29 8.83 
9.99 11.05 10.74 9.88 9.7 9.91 10.21 11.03 11.85 10.97 9.22 8.95 
9.96 10.3 8.64 8.48 8.45 8.41 8.57 8.68 8.73 8.79 9.01 9.22 
9.82 11.07 10.26 10.31 10.68 10.53 10.86 11.43 11.71 11.97 11.19 10.48 
9.61 10.91 10.6 9.92 9.5 10.23 9.82 10.56 11.3 10.78 9.91 9.48 
9.55 10.95 10.42 9.81 10.04 10.24 10.69 10.27 9.65 9.89 8.83 9.11 
9.59 9.95 7.92 8.05 7.88 7.67 7.79 7.99 7.93 8.21 8.24 7.95 
9.64 10.54 9.65 9.7 9.3 9.3 9.65 10.35 10.27 10.37 9.23 8.93 
9.4 9.97 7.78 8.22 7.78 7.66 8.04 8.44 8.68 8.86 9.11 8.66 
9.41 11.12 10.84 10.08 9.85 9.85 9.98 11.05 11.93 11.01 9.22 8.98 
9.28 10.28 8.63 8.75 8.54 8.8 8.86 9.25 9.13 9.32 9.0 9.25 
8.95 10.8 9.45 10.75 10.16 10.37 10.98 11.35 11.56 11.64 10.54 9.66 
8.71 10.23 10.19 9.84 9.56 9.75 9.58 11.03 11.86 11.97 11.14 9.73 
9.58 11.06 10.49 9.89 10.05 10.62 10.93 11.05 11.75 12.47 12.77 11.23 
9.79 10.32 9.25 8.93 9.06 9.63 10.09 10.58 11.29 12.08 12.45 11.52 
9.79 10.94 10.12 9.77 9.62 9.88 10.39 11.5 12.24 13.01 13.09 12.17 
9.39 9.83 8.74 8.38 8.52 9.04 9.81 10.91 11.88 12.67 13.11 12.1 
8.95 10.88 10.55 9.67 9.52 9.74 10.15 11.44 12.16 12.71 12.75 11.87 
8.84 10.67 8.38 8.52 8.68 9.33 10.08 11.37 12.38 13.03 13.3 11.77 
8.6 11.27 10.65 10.57 10.09 10.37 10.43 11.6 12.07 12.46 12.19 10.75 
8.53 10.82 9.69 9.56 9.18 9.41 9.57 10.76 11.82 12.11 11.54 10.13 
8.41 11.1 10.43 9.79 9.84 10.22 10.62 10.25 9.65 9.88 8.57 8.7 
8.35 9.83 7.5 7.92 7.35 7.42 7.56 7.74 7.81 8.14 8.33 7.4 
8.43 10.84 9.77 9.66 9.25 9.35 9.75 10.47 10.36 10.47 9.43 9.15 
8.43 10.34 8.3 8.5 7.97 7.86 8.27 8.83 9.04 9.23 9.54 8.84 
8.5 11.85 11.45 10.57 10.16 10.37 10.5 11.59 12.49 11.56 9.76 9.48 
8.0 9.9 8.37 8.66 8.42 9.12 9.38 10.19 10.67 10.72 10.34 10.05 
8.45 11.23 10.89 10.65 10.66 11.43 11.75 12.41 12.71 12.66 11.73 10.37 
8.37 11.32 10.32 10.57 10.88 10.67 11.29 11.66 12.1 11.78 10.97 10.25 
10.31 11.99 11.1 11.19 11.06 11.71 12.18 12.48 12.61 12.87 12.94 13.18 
9.95 11.77 10.28 10.26 10.22 10.95 11.36 11.95 12.2 12.61 12.76 13.08 
9.74 11.36 10.3 10.17 10.2 10.91 11.28 11.7 11.86 12.11 12.19 12.62 
9.65 11.43 10.07 9.9 9.98 10.71 11.15 11.53 11.85 12.05 12.33 12.77 
9.67 11.23 10.17 10.14 9.99 11.01 11.36 11.69 11.87 12.09 12.12 12.44 
9.63 11.35 9.96 9.94 9.95 10.61 11.13 11.51 11.87 12.15 12.4 12.7 
9.6 11.28 10.04 9.92 10.25 10.62 11.18 11.42 11.67 11.95 12.05 12.34 
9.56 11.35 10.37 10.0 9.97 10.84 11.14 11.51 11.7 12.02 12.24 12.6 
9.67 11.1 10.1 10.25 10.2 10.89 11.38 11.57 11.79 11.99 12.08 12.34 
9.56 11.26 9.88 9.8 9.77 10.56 10.99 11.5 11.76 12.1 12.3 12.66 
9.58 11.1 9.99 9.82 9.89 10.6 11.0 11.44 11.56 11.87 11.91 12.33 
9.52 11.21 9.81 9.57 9.66 10.42 10.89 11.39 11.65 11.93 12.18 12.6 
9.6 11.11 10.07 10.2 9.93 10.85 11.3 11.59 11.79 12.04 12.07 12.31 
9.58 11.29 10.05 9.93 9.94 10.68 11.08 11.5 11.82 12.05 12.28 12.67 
9.66 11.26 9.91 10.32 10.35 10.74 11.36 11.67 11.96 12.15 12.17 12.34 
9.56 11.34 10.15 10.05 10.06 10.91 11.2 11.53 11.85 12.13 12.34 12.57 
9.57 11.22 10.01 10.13 10.11 10.79 11.24 11.54 11.76 12.02 12.06 12.28 
9.51 11.28 9.88 9.87 9.81 10.6 10.89 11.45 11.73 12.12 12.26 12.6 
9.6 11.1 9.95 9.98 9.97 10.57 10.93 11.37 11.61 11.79 11.93 12.31 
9.49 11.21 9.9 9.57 9.83 10.45 10.96 11.32 11.63 11.9 12.2 12.59 
9.6 11.14 10.1 9.92 9.9 10.82 11.28 11.61 11.73 12.0 12.05 12.31 
9.54 11.24 9.8 9.67 9.97 10.56 11.04 11.58 11.91 12.14 12.29 12.61 
9.61 11.21 10.3 10.07 9.9 10.61 11.03 11.44 11.86 11.99 11.97 12.28 
9.61 11.3 9.96 9.8 10.04 10.81 11.04 11.47 11.66 12.04 12.26 12.57 
9.52 11.07 10.03 10.03 10.21 10.82 11.29 11.53 11.78 11.99 12.07 12.31 
9.49 11.23 9.93 9.87 9.85 10.65 10.98 11.47 11.74 12.1 12.28 12.62 
9.57 11.13 10.03 10.01 9.95 10.56 10.97 11.48 11.58 11.82 11.91 12.32 
9.52 11.2 9.79 9.56 9.74 10.42 10.94 11.36 11.64 11.89 12.18 12.6 
9.56 11.14 10.15 10.17 9.93 10.88 11.28 11.61 11.76 12.01 12.06 12.32 
9.55 11.3 9.84 9.85 9.84 10.56 11.06 11.43 11.84 12.05 12.27 12.66 
9.71 11.24 10.23 10.06 10.45 10.92 11.28 11.66 11.97 12.11 12.1 12.38 
9.53 11.38 9.77 9.96 9.95 10.93 11.19 11.57 11.81 12.09 12.29 12.64 
9.64 11.12 10.1 10.26 10.23 10.88 11.31 11.53 11.75 11.99 12.06 12.31 
9.54 11.29 9.86 9.8 9.84 10.58 10.93 11.55 11.72 12.16 12.26 12.62 
9.55 11.14 9.88 9.88 10.01 10.62 10.93 11.42 11.55 11.81 11.91 12.33 
9.51 11.25 9.93 9.7 9.78 10.41 10.97 11.36 11.6 11.85 12.15 12.59 
9.58 11.19 10.02 10.07 9.95 10.85 11.29 11.56 11.79 12.01 12.06 12.31 
9.67 11.25 9.95 9.63 9.7 10.51 11.03 11.43 11.81 12.01 12.27 12.63 
9.55 11.24 10.04 9.98 10.27 10.65 11.08 11.43 11.68 11.87 11.98 12.3 
9.55 11.36 10.3 9.97 10.06 10.8 11.1 11.48 11.67 11.98 12.2 12.58 
9.57 11.06 10.11 10.3 10.22 10.86 11.36 11.57 11.77 12.02 12.04 12.3 
9.51 11.22 9.92 9.82 9.85 10.6 11.0 11.45 11.75 12.11 12.28 12.62 
9.58 11.13 9.93 9.91 9.89 10.53 11.02 11.39 11.59 11.83 11.93 12.31 
9.55 11.23 9.83 9.71 9.88 10.51 10.98 11.36 11.69 11.91 12.18 12.57 
9.52 11.14 10.17 10.18 10.01 10.78 11.2 11.59 11.8 12.02 12.04 12.33 
9.53 11.26 10.14 9.96 9.94 10.7 11.11 11.46 11.82 12.07 12.31 12.67 
9.62 11.33 9.92 10.3 10.28 10.8 11.37 11.61 11.92 12.13 12.15 12.38 
9.55 11.28 10.27 10.01 10.13 10.91 11.19 11.55 11.86 12.16 12.33 12.6 
9.55 11.16 9.98 10.17 10.14 10.86 11.35 11.58 11.74 12.02 12.01 12.3 
9.62 11.25 9.83 9.77 9.66 10.59 10.92 11.43 11.73 12.12 12.25 12.61 
9.66 11.1 9.93 9.89 9.97 10.57 10.98 11.41 11.61 11.78 11.96 12.3 
9.56 11.17 9.84 9.53 9.77 10.47 10.94 11.35 11.66 11.93 12.17 12.6 
9.55 11.15 10.13 10.04 9.9 10.92 11.29 11.56 11.82 11.99 12.06 12.33 
9.59 11.29 9.77 9.58 9.72 10.53 11.08 11.59 11.89 12.18 12.3 12.6 
9.61 11.14 10.25 10.04 9.95 10.58 11.04 11.41 11.89 11.99 12.0 12.3 
9.56 11.27 9.9 9.86 9.97 10.76 11.04 11.47 11.66 12.03 12.26 12.55 
9.61 11.14 10.01 10.17 10.19 10.78 11.29 11.55 11.78 11.99 12.05 12.31 
9.51 11.22 9.8 9.81 9.88 10.57 10.99 11.44 11.74 12.13 12.31 12.62 
9.61 11.12 9.98 9.86 9.89 10.57 10.97 11.42 11.57 11.79 11.91 12.34 
9.54 11.23 9.82 9.53 9.71 10.47 10.92 11.37 11.67 11.91 12.21 12.59 
9.58 11.17 10.14 10.13 9.95 10.86 11.3 11.53 11.78 11.97 12.04 12.33 
9.52 11.23 9.93 9.78 9.91 10.62 11.14 11.49 11.77 12.02 12.3 12.67 
9.63 11.18 10.26 10.01 10.46 10.87 11.35 11.61 11.98 12.11 12.11 12.35 
9.6 11.37 9.87 10.0 10.06 10.93 11.3 11.59 11.86 12.15 12.35 12.67 
7.22 8.94 7.94 8.88 8.59 9.35 9.68 10.33 10.42 10.52 10.49 10.9 
6.25 8.81 8.23 8.66 8.86 9.41 9.23 10.01 10.2 10.04 9.07 8.93 
7.09 10.3 9.53 9.91 9.94 9.97 10.09 11.0 11.18 10.87 9.29 8.74 
3.67 5.54 4.55 5.23 5.46 5.26 5.41 6.14 6.54 6.45 5.23 4.65 
