maxTimeSong 318.84
 ---beats--- 
0.23 0.74 1.13 1.51 1.89 2.26 2.64 3.03 3.45 3.83 4.2 4.6 4.98 5.37 5.88 6.27 6.67 7.05 7.45 7.83 8.22 8.65 9.0 9.37 9.76 10.15 10.56 10.93 11.33 11.71 12.1 12.48 12.88 13.26 13.66 14.03 14.43 14.8 15.19 15.63 15.99 16.38 16.76 17.15 17.59 17.97 18.44 18.8 19.22 19.61 19.98 20.37 20.76 21.16 21.53 21.97 22.32 22.71 23.09 23.49 23.87 24.27 24.65 25.08 25.51 25.94 26.33 26.72 27.11 27.49 27.88 28.27 28.72 29.07 29.47 29.87 30.3 30.71 31.17 31.59 31.97 32.33 32.76 33.11 33.48 33.91 34.27 34.63 35.06 35.42 35.79 36.22 36.56 36.96 37.38 37.81 38.24 38.67 39.03 39.39 39.88 40.25 40.61 40.97 41.41 41.84 42.21 42.56 43.0 43.42 43.82 44.2 44.64 45.08 45.45 45.86 46.32 46.76 47.15 47.54 47.98 48.4 48.79 49.18 49.57 49.96 50.35 50.74 51.14 51.52 51.92 52.31 52.69 53.09 53.48 53.89 54.25 54.65 55.04 55.43 55.82 56.21 56.61 57.0 57.37 57.81 58.16 58.56 58.95 59.34 59.73 60.1 60.49 60.89 61.28 61.66 62.05 62.53 62.98 63.48 63.93 64.41 64.87 65.28 65.67 66.09 66.46 66.84 67.23 67.7 68.17 68.63 69.1 69.57 70.04 70.48 70.98 71.43 71.92 72.38 72.85 73.31 73.79 74.25 74.72 75.17 75.63 76.02 76.41 76.83 77.22 77.61 77.98 78.4 78.79 79.18 79.57 80.05 80.42 80.82 81.28 81.66 82.06 82.44 82.84 83.24 83.63 84.11 84.56 84.97 85.35 85.73 86.13 86.52 86.91 87.3 87.69 88.07 88.48 88.87 89.26 89.65 90.03 90.43 90.82 91.21 91.61 92.04 92.47 92.9 93.32 93.75 94.19 94.63 95.06 95.5 95.92 96.35 96.78 97.16 97.64 98.08 98.53 98.97 99.33 99.76 100.18 100.61 101.11 101.56 101.99 102.43 102.85 103.29 103.71 104.15 104.57 104.97 105.43 105.86 106.3 106.74 107.17 107.6 108.04 108.55 108.99 109.4 109.84 110.26 110.67 111.12 111.49 111.88 112.32 112.71 113.17 113.56 113.94 114.34 114.78 115.25 115.63 116.07 116.52 116.97 117.44 117.82 118.21 118.6 119.11 119.5 119.9 120.41 120.8 121.19 121.57 122.07 122.5 122.89 123.29 123.73 124.11 124.5 124.9 125.3 125.73 126.14 126.56 126.97 127.38 127.8 128.19 128.57 129.02 129.43 129.85 130.25 130.65 131.08 131.47 131.88 132.27 132.69 133.09 133.52 133.91 134.34 134.72 135.16 135.57 135.97 136.39 136.79 137.2 137.61 138.01 138.42 138.84 139.25 139.66 140.07 140.47 140.87 141.28 141.69 142.11 142.51 142.94 143.34 143.76 144.15 144.56 144.97 145.39 145.8 146.21 146.61 147.03 147.44 147.86 148.26 148.69 149.12 149.55 149.98 150.42 150.86 151.31 151.76 152.21 152.66 153.11 153.55 154.02 154.45 154.91 155.35 155.81 156.25 156.71 157.14 157.6 158.04 158.43 158.95 159.41 159.85 160.3 160.74 161.21 161.64 162.1 162.53 162.99 163.43 163.82 164.33 164.79 165.22 165.68 166.12 166.58 167.01 167.46 167.91 168.36 168.8 169.26 169.7 170.16 170.6 171.05 171.49 171.94 172.38 172.84 173.29 173.73 174.17 174.63 175.07 175.52 175.95 176.39 176.85 177.31 177.76 178.22 178.65 179.11 179.53 179.99 180.44 180.91 181.34 181.8 182.22 182.69 183.12 183.59 184.03 184.5 184.92 185.37 185.82 186.27 186.71 187.15 187.61 188.06 188.51 188.95 189.41 189.86 190.29 190.75 191.19 191.65 192.1 192.56 192.99 193.45 193.88 194.35 194.77 195.23 195.67 196.13 196.56 197.02 197.46 197.91 198.36 198.82 199.26 199.7 200.15 200.6 201.04 201.5 201.94 202.39 202.82 203.29 203.73 204.19 204.62 205.08 205.52 205.99 206.42 206.85 207.28 207.72 208.16 208.6 209.04 209.49 209.92 210.35 210.79 211.22 211.66 212.1 212.54 212.98 213.42 213.86 214.31 214.76 215.2 215.76 216.3 216.82 217.22 217.61 218.05 218.49 218.93 219.37 219.81 220.26 220.74 221.21 221.66 222.13 222.59 223.05 223.5 223.98 224.44 224.9 225.35 225.82 226.28 226.73 227.16 227.65 228.13 228.59 229.05 229.52 229.98 230.44 230.89 231.36 231.82 232.29 232.74 233.21 233.67 234.13 234.58 235.06 235.52 235.98 236.43 236.9 237.36 237.82 238.27 238.74 239.21 239.67 240.1 240.59 241.05 241.56 241.96 242.42 242.9 243.36 243.8 244.29 244.75 245.21 245.65 246.13 246.59 247.06 247.5 247.98 248.44 248.88 249.36 249.8 250.25 250.73 251.17 251.62 252.08 252.52 252.96 253.41 253.86 254.3 254.71 255.2 255.66 256.09 256.56 257.0 257.43 257.89 258.34 258.78 259.18 259.67 260.14 260.56 261.01 261.47 261.93 262.37 262.82 263.28 263.7 264.14 264.61 265.07 265.51 265.95 266.39 266.86 267.31 267.75 268.2 268.64 269.09 269.53 269.99 270.42 270.88 271.34 271.8 272.24 272.69 273.11 273.57 274.0 274.45 274.89 275.36 275.8 276.27 276.7 277.14 277.62 278.03 278.49 278.94 279.38 279.87 280.33 280.82 281.26 281.75 282.2 282.7 283.16 283.64 284.09 284.58 285.02 285.51 285.98 286.47 286.91 287.4 287.85 288.33 288.78 289.27 289.72 290.2 290.67 291.15 291.6 292.08 292.52 292.98 293.44 293.85 294.33 294.79 295.26 295.74 296.19 296.67 297.13 297.65 298.15 298.62 299.08 299.56 300.02 300.49 300.97 301.43 301.9 302.38 302.83 303.3 303.76 304.25 304.7 305.19 305.65 306.13 306.57 307.06 307.53 308.01 308.47 308.94 309.4 309.88 310.32 310.76 311.25 311.78 312.23 312.69 313.2 313.73 314.23 314.68 315.15 315.66 316.18 316.66 317.18 317.72 318.24 
 ---spectro--- 
736 12
5.47 6.97 6.48 6.23 6.41 6.72 6.46 6.68 6.64 6.49 5.98 5.81 
9.39 11.37 10.65 9.99 10.26 10.95 11.3 11.98 12.42 12.58 12.06 11.71 
9.19 11.73 10.7 10.73 10.68 11.57 11.98 12.99 13.41 13.35 11.37 10.22 
8.44 11.14 9.54 9.79 10.41 10.69 11.23 12.34 12.71 12.69 10.82 9.83 
8.05 10.37 8.84 9.3 9.92 10.24 10.6 11.74 12.12 12.12 10.31 9.23 
8.95 11.81 10.56 10.19 10.5 11.28 11.91 12.71 13.08 13.0 11.06 9.87 
8.96 11.03 10.06 9.99 9.9 10.58 11.28 12.09 12.39 12.5 11.16 10.38 
9.9 11.81 10.55 9.78 10.03 10.87 11.43 12.13 12.57 12.91 12.83 12.66 
9.87 11.37 10.42 10.05 9.97 10.87 11.39 12.09 12.52 12.86 12.76 12.42 
9.78 11.21 10.3 10.01 10.2 10.97 11.47 11.94 12.38 12.6 12.48 12.43 
9.78 11.24 10.29 10.05 9.95 10.91 11.36 12.03 12.36 12.6 12.34 12.34 
10.52 11.83 10.8 10.48 10.76 11.27 11.9 12.49 12.92 13.17 12.96 13.11 
9.83 11.31 10.09 9.98 10.29 10.8 11.32 11.87 12.28 12.53 12.37 12.49 
9.33 10.77 9.79 9.44 9.53 10.19 10.76 11.23 11.55 11.83 11.62 11.74 
9.78 11.31 10.32 10.15 9.91 10.77 11.37 11.81 12.25 12.5 12.31 12.53 
9.68 11.23 10.22 9.98 9.87 10.88 11.41 11.92 12.31 12.54 12.3 12.47 
9.86 11.18 10.28 9.93 9.96 10.91 11.34 11.94 12.34 12.59 12.34 12.5 
9.82 11.2 10.47 9.92 10.03 10.82 11.29 11.84 12.23 12.47 12.34 12.44 
9.75 11.14 10.27 10.06 10.04 10.7 11.27 11.85 12.23 12.43 12.28 12.39 
9.76 11.27 10.19 9.97 10.22 10.7 11.19 11.79 12.17 12.45 12.27 12.41 
10.32 11.85 10.75 10.4 10.67 11.36 11.9 12.48 12.92 13.13 12.93 13.04 
9.45 10.69 9.87 9.52 9.54 10.18 10.79 11.27 11.59 11.88 11.68 11.78 
9.9 11.28 10.34 9.96 10.07 10.75 11.3 11.84 12.22 12.44 12.3 12.52 
10.4 11.82 10.8 10.38 10.61 11.36 11.99 12.53 12.97 13.23 13.19 13.27 
9.37 10.63 9.8 9.32 9.4 10.3 10.73 11.27 11.63 11.87 11.73 11.65 
9.79 11.28 10.38 9.82 9.86 10.81 11.27 11.8 12.12 12.42 12.22 12.26 
9.87 11.28 10.36 9.89 10.04 10.76 11.23 11.82 12.22 12.44 12.33 12.48 
9.88 11.21 10.32 10.03 10.27 10.69 11.25 11.87 12.17 12.45 12.24 12.36 
9.74 11.22 10.26 9.82 10.22 10.78 11.29 11.9 12.28 12.51 12.27 12.42 
9.76 11.26 10.28 10.12 10.0 10.7 11.37 11.84 12.24 12.48 12.3 12.48 
9.82 11.22 10.27 9.94 9.91 10.78 11.36 11.83 12.22 12.49 12.3 12.44 
9.68 11.28 10.26 9.99 10.02 10.88 11.35 11.96 12.32 12.55 12.32 12.46 
9.78 11.15 10.16 9.92 9.83 10.88 11.33 11.89 12.32 12.53 12.29 12.42 
9.74 11.32 10.23 9.89 9.84 10.78 11.3 11.89 12.19 12.46 12.28 12.35 
9.76 11.25 10.22 10.02 9.97 10.71 11.34 11.88 12.28 12.49 12.28 12.47 
9.81 11.3 10.19 9.97 10.14 10.69 11.22 11.74 12.18 12.43 12.25 12.38 
9.81 11.15 10.17 9.81 10.22 10.81 11.28 11.86 12.29 12.53 12.32 12.51 
9.88 11.37 10.41 9.98 9.99 10.78 11.32 11.83 12.13 12.46 12.39 12.6 
9.56 11.39 10.43 10.1 10.13 10.83 11.35 11.89 12.28 12.51 12.32 12.46 
9.63 11.34 10.26 9.91 10.03 10.59 11.19 11.94 12.28 12.5 12.21 11.98 
9.5 11.18 10.17 9.84 10.18 10.79 11.32 12.06 12.24 12.49 12.39 12.35 
9.61 11.26 10.43 10.15 10.49 11.0 11.48 12.04 12.3 12.32 12.29 12.36 
10.24 11.74 10.94 10.81 10.79 11.65 12.26 12.62 12.94 13.01 12.95 13.08 
9.68 11.39 10.49 10.44 10.18 10.77 11.27 11.87 12.26 12.26 12.2 12.36 
9.26 10.75 9.9 9.99 9.81 10.46 10.72 11.55 11.69 11.68 11.62 11.81 
9.68 11.45 10.46 10.23 10.42 11.18 11.65 11.98 12.24 12.18 12.24 12.26 
10.18 11.77 10.7 10.74 10.67 11.22 11.94 12.37 12.53 12.84 12.82 12.99 
9.06 10.64 9.91 9.49 9.55 10.29 10.82 11.13 11.5 11.76 11.69 11.67 
9.72 11.14 10.27 10.12 10.47 11.01 11.64 12.04 12.19 12.41 12.39 12.43 
9.63 11.36 10.45 10.02 10.33 10.69 11.23 11.71 12.06 12.29 12.32 12.5 
9.71 11.15 10.4 10.01 10.18 10.89 11.32 12.05 12.23 12.42 12.33 12.48 
9.67 11.17 10.47 10.42 10.4 10.77 11.29 11.85 12.12 12.24 12.18 12.28 
9.69 11.16 10.35 10.3 10.31 11.08 11.49 11.85 12.13 12.31 12.19 12.46 
9.73 11.27 10.66 10.32 10.52 10.89 11.57 11.94 12.08 12.26 12.21 12.43 
9.82 11.03 10.26 10.34 10.4 11.05 11.68 11.84 12.22 12.4 12.4 12.54 
9.63 11.38 10.63 10.58 10.52 11.34 11.54 11.73 12.26 12.44 12.37 12.41 
9.79 11.08 10.38 10.62 10.7 10.92 11.32 11.61 12.11 12.41 12.49 12.53 
9.68 11.28 10.33 10.13 10.29 10.77 11.24 11.67 12.06 12.25 12.52 12.72 
9.75 11.28 10.19 10.23 10.85 10.96 11.54 12.13 12.18 12.35 12.32 12.42 
9.64 11.28 10.51 10.36 10.65 10.9 11.51 11.96 12.18 12.23 12.18 12.39 
9.58 11.2 10.32 10.08 10.55 11.41 11.94 12.03 12.15 12.35 12.26 12.29 
9.73 11.32 10.43 10.15 10.13 10.91 11.48 11.68 12.03 12.22 12.35 12.53 
9.74 11.11 10.15 10.51 10.58 10.93 11.33 12.14 12.2 12.31 12.28 12.47 
9.65 11.17 10.21 10.04 10.37 11.32 11.76 12.0 12.18 12.36 12.27 12.17 
9.76 11.23 10.49 10.31 10.2 10.83 11.41 11.71 12.12 12.33 12.29 12.38 
9.55 11.36 10.31 10.19 10.51 10.87 11.4 11.95 12.24 12.32 12.37 12.56 
9.73 11.34 10.44 10.17 10.36 10.97 11.34 12.19 12.19 12.3 12.29 12.52 
9.66 11.17 10.28 10.07 10.44 10.9 11.32 12.21 12.27 12.31 12.25 12.38 
9.58 11.2 10.45 10.39 10.6 10.9 11.5 11.95 12.17 12.4 12.32 12.5 
9.82 11.04 10.4 10.35 10.69 11.03 11.71 11.91 12.16 12.36 12.27 12.27 
9.46 11.17 10.2 9.7 10.14 10.94 11.41 11.62 12.02 12.4 12.46 12.16 
9.56 10.99 10.13 9.67 9.9 11.4 11.76 11.87 12.31 12.38 12.12 11.78 
8.73 10.76 10.18 9.31 9.6 10.53 11.02 11.77 12.08 12.1 11.21 11.02 
8.19 11.01 10.16 9.3 9.67 10.46 10.96 11.78 12.08 11.99 10.32 9.89 
8.7 11.19 10.15 9.32 9.77 10.51 11.05 11.89 12.2 12.12 10.44 9.82 
8.77 11.15 10.17 9.43 9.7 10.48 11.11 11.84 12.19 12.08 10.46 9.84 
9.62 11.49 10.53 9.87 9.99 10.85 11.45 12.05 12.49 12.67 12.6 12.43 
9.82 10.87 10.24 9.37 9.47 10.63 10.99 11.74 12.34 12.65 12.38 12.03 
9.9 11.25 10.47 10.23 11.04 11.35 11.61 11.85 12.41 12.61 12.58 12.36 
9.99 11.15 10.3 9.89 10.52 10.82 11.32 11.67 12.1 12.37 12.23 12.12 
10.35 11.95 10.95 10.34 10.47 11.36 11.9 12.39 12.78 13.07 12.99 12.85 
9.47 10.52 9.75 9.11 9.56 10.08 10.62 11.03 11.41 11.66 11.48 11.34 
9.86 10.99 10.17 9.74 10.0 10.76 11.3 11.91 12.27 12.47 12.1 11.96 
9.88 10.97 10.06 9.69 9.87 10.83 11.27 11.86 12.34 12.49 12.11 11.99 
10.45 11.62 10.73 10.1 10.31 11.31 11.84 12.37 12.75 13.01 12.78 12.71 
9.89 11.3 10.1 9.64 9.7 10.51 11.09 11.58 11.98 12.23 12.05 11.93 
9.87 11.27 10.38 9.65 9.76 10.67 11.23 11.72 12.02 12.3 12.15 12.14 
9.81 11.18 10.26 9.64 9.82 10.61 11.21 11.72 12.05 12.3 12.15 12.24 
9.15 10.68 9.86 9.57 9.73 10.4 10.83 11.28 11.64 11.87 11.55 11.6 
9.57 11.44 10.33 9.85 9.84 10.74 11.18 11.94 12.34 12.59 12.36 12.07 
9.67 11.37 10.21 9.62 9.68 10.67 11.18 11.9 12.28 12.6 12.34 12.0 
9.5 11.57 10.15 9.65 9.73 10.57 11.14 11.78 12.21 12.5 12.26 11.93 
9.51 11.2 10.07 9.47 9.69 10.62 11.19 11.95 12.36 12.7 12.45 11.99 
9.7 11.45 10.3 9.49 9.68 10.49 11.12 11.8 12.23 12.55 12.2 11.78 
10.15 11.72 10.91 10.22 10.62 11.2 11.76 12.52 12.91 13.09 12.85 12.71 
9.24 10.55 9.8 9.75 10.37 10.52 11.08 11.48 11.75 11.89 11.81 11.73 
9.88 11.28 10.33 10.27 10.46 10.86 11.41 11.68 11.96 12.22 12.17 12.13 
9.77 11.1 10.31 10.17 10.3 10.9 11.27 11.68 12.05 12.29 12.22 12.24 
9.92 11.09 10.45 10.6 11.13 11.18 11.1 11.61 12.1 12.34 12.1 12.06 
9.92 10.91 10.2 10.16 10.13 10.82 11.06 11.61 12.1 12.35 12.09 11.93 
10.15 11.47 10.42 10.03 10.08 10.97 11.53 12.11 12.57 12.83 12.65 12.59 
9.34 10.45 9.85 9.53 9.45 10.24 10.57 11.38 11.56 11.68 11.75 11.74 
9.9 11.27 10.37 10.33 10.58 11.1 11.36 11.76 12.13 12.3 12.3 12.25 
9.93 11.14 10.35 10.42 10.44 10.98 11.4 11.7 12.03 12.18 12.12 12.09 
9.79 11.21 10.21 9.91 10.27 10.62 11.24 11.63 12.0 12.2 12.33 12.31 
9.83 11.13 10.3 10.46 10.86 11.02 11.35 11.8 12.31 12.47 12.39 12.23 
9.81 10.73 9.97 10.14 10.73 10.89 11.35 12.11 12.37 12.5 12.4 12.17 
9.87 11.12 10.45 10.03 10.14 10.66 11.27 11.83 12.17 12.39 12.24 12.19 
9.68 11.12 10.27 10.01 10.38 10.86 11.44 11.98 12.14 12.35 12.36 12.38 
9.63 11.22 10.34 9.92 10.29 10.87 11.34 11.89 12.11 12.33 12.37 12.38 
9.33 11.38 10.36 10.1 10.52 11.3 11.68 11.92 12.37 12.49 12.34 12.22 
9.51 11.5 10.65 10.56 10.37 10.75 11.36 11.8 12.18 12.42 12.48 12.26 
9.4 11.11 10.45 10.45 10.38 10.91 11.46 11.86 12.24 12.48 12.44 12.34 
9.43 11.33 10.4 10.6 10.37 10.92 11.48 11.93 12.24 12.5 12.35 12.17 
9.45 11.64 10.76 10.79 10.37 10.7 11.58 12.05 12.12 12.39 12.24 11.91 
9.5 11.18 10.32 10.54 10.67 11.17 11.52 11.86 12.25 12.51 12.27 11.86 
9.51 11.13 10.34 10.34 10.51 10.87 11.4 11.85 12.16 12.44 12.54 12.32 
9.58 11.17 10.33 10.35 10.46 10.73 11.28 11.77 12.06 12.34 12.34 12.2 
9.64 11.08 10.65 10.39 10.41 10.98 11.54 11.7 12.06 12.34 12.39 12.14 
9.82 11.4 11.04 10.82 10.63 11.11 11.48 11.56 11.96 12.24 12.33 11.92 
9.74 11.05 10.39 10.8 10.92 11.62 11.61 11.58 12.06 12.26 11.92 11.41 
9.71 10.89 10.27 10.8 10.84 11.65 11.57 11.66 12.08 12.22 11.96 11.59 
9.69 11.05 10.63 10.77 10.86 11.58 11.56 11.61 12.17 12.23 11.88 11.44 
9.67 11.32 10.87 10.66 11.04 11.61 11.52 11.5 12.16 12.21 12.06 11.67 
9.78 11.19 10.4 10.54 10.8 11.46 11.42 11.49 12.25 12.18 11.87 11.29 
9.74 11.08 10.59 10.59 11.01 11.49 11.41 11.73 12.2 12.27 11.94 11.53 
9.77 11.25 10.57 10.3 10.75 11.14 11.3 11.75 12.0 12.26 11.83 11.41 
10.06 11.41 10.49 10.47 10.52 11.21 11.52 11.98 12.39 12.65 12.15 11.52 
9.38 11.15 10.45 10.21 9.94 10.75 10.85 11.24 11.66 11.96 11.76 11.36 
9.85 11.14 10.34 10.45 10.02 11.12 11.08 11.68 12.07 12.29 11.88 11.25 
9.82 11.24 10.09 10.35 9.87 11.18 11.2 11.64 12.08 12.29 11.97 11.51 
9.8 11.25 10.44 10.68 10.01 11.12 11.11 11.63 12.04 12.32 11.89 11.31 
9.79 11.15 10.85 10.05 9.8 11.13 11.2 11.71 12.06 12.32 11.9 11.25 
9.9 11.27 10.52 10.4 10.08 11.06 11.19 11.54 11.93 12.22 12.03 11.6 
9.69 11.19 10.51 10.51 9.79 11.0 11.06 11.81 12.19 12.38 11.91 11.3 
9.79 11.28 10.72 10.33 10.19 11.0 11.38 11.85 12.19 12.41 12.16 11.74 
9.76 11.02 10.54 10.29 10.32 11.12 11.67 11.88 12.19 12.5 12.47 12.38 
9.75 11.1 10.45 10.36 10.6 11.34 11.81 11.79 12.05 12.36 12.41 12.28 
9.65 11.0 10.65 10.3 10.35 10.94 11.33 11.72 12.01 12.25 12.21 11.96 
9.67 11.2 10.34 10.37 10.29 11.44 11.69 11.87 12.22 12.37 12.12 11.71 
9.67 10.99 10.43 10.14 10.28 11.2 11.32 11.72 12.09 12.42 12.25 12.06 
9.63 11.09 10.64 10.35 10.8 11.01 11.15 11.96 12.27 12.32 12.15 12.09 
9.86 11.28 10.65 10.42 10.81 10.94 10.98 11.93 12.3 12.21 12.03 11.71 
9.84 11.11 10.54 10.42 10.19 10.72 10.92 12.0 12.24 12.18 11.86 11.47 
9.76 11.12 9.95 9.93 9.92 10.73 11.02 11.64 12.03 12.3 12.18 11.79 
9.65 11.24 10.32 10.08 10.17 10.98 11.26 11.74 12.11 12.38 12.07 11.64 
9.78 11.07 10.66 10.3 10.47 11.16 11.43 11.82 12.21 12.33 12.19 11.73 
9.59 11.41 10.74 10.63 10.57 11.38 11.62 11.68 12.1 12.16 12.09 11.73 
9.7 11.17 10.66 10.8 10.41 11.31 11.61 11.73 12.18 12.25 11.95 11.64 
9.69 11.0 10.32 10.75 10.29 11.28 11.3 11.92 12.21 12.3 12.13 11.79 
9.78 11.13 10.5 10.68 10.2 11.26 11.36 11.64 12.17 12.26 12.11 11.85 
9.6 11.3 10.54 10.56 10.68 11.6 11.9 11.73 12.25 12.36 12.28 12.22 
9.47 11.69 10.3 10.35 10.92 11.45 11.92 11.66 12.0 12.16 11.99 11.85 
9.34 11.64 10.5 10.3 10.25 10.87 11.36 11.75 12.09 12.35 11.93 11.58 
9.49 11.25 10.31 9.7 10.31 11.0 11.26 11.86 12.19 12.44 11.87 11.39 
9.96 11.68 10.56 9.99 10.21 11.27 11.54 12.15 12.48 12.8 12.24 11.73 
9.32 11.13 10.09 9.91 9.91 10.8 11.0 11.44 11.74 11.89 11.74 11.84 
9.59 11.52 10.7 10.28 10.17 10.96 11.24 11.57 11.91 12.0 11.82 11.97 
9.6 11.4 10.54 10.22 9.99 10.78 11.19 11.73 12.12 12.21 11.8 12.15 
9.53 11.45 10.5 10.15 10.15 10.95 11.34 11.82 12.18 12.36 12.12 12.43 
9.7 11.37 10.59 10.43 9.89 10.95 11.38 11.78 12.09 12.36 12.22 12.61 
9.8 11.26 10.45 10.19 10.1 11.0 11.33 11.76 11.98 12.28 12.15 12.45 
9.76 11.18 10.51 10.12 10.08 10.79 11.24 11.88 12.08 12.3 12.02 12.45 
9.69 11.32 10.46 10.07 10.14 10.92 11.29 11.85 12.16 12.4 12.19 12.54 
9.72 11.21 10.59 10.19 9.96 10.91 11.33 11.77 12.09 12.32 12.56 12.71 
9.72 11.39 10.66 10.28 10.25 11.01 11.39 11.7 11.93 12.1 12.25 12.5 
10.16 11.86 11.39 11.0 10.72 11.44 12.04 12.45 12.66 12.84 12.95 13.17 
9.1 10.64 10.21 9.81 9.56 10.45 10.74 11.31 11.47 11.66 11.83 11.86 
9.52 11.15 10.8 10.42 10.16 11.07 11.52 11.79 12.12 12.29 12.21 12.46 
9.49 11.22 10.82 10.53 10.52 11.0 11.4 11.99 12.11 12.33 12.34 12.46 
9.59 11.33 10.73 10.24 11.06 11.22 11.61 11.73 11.99 12.09 12.15 12.18 
9.71 11.49 10.57 10.39 10.49 10.9 11.42 11.93 12.21 12.31 11.89 12.15 
9.96 11.77 11.19 10.61 10.64 11.37 11.85 12.43 12.71 12.89 12.67 12.96 
9.5 11.34 10.65 10.61 10.5 11.25 11.47 11.86 12.03 12.44 12.46 12.51 
9.64 11.28 10.53 10.52 10.45 11.06 11.44 11.76 11.92 12.18 12.34 12.26 
9.23 10.69 10.26 10.45 10.23 10.73 10.82 11.31 11.57 11.6 11.38 11.62 
9.57 11.31 10.59 10.74 10.32 11.14 11.26 11.82 12.16 12.36 12.55 12.62 
10.02 12.02 11.36 10.47 10.49 11.23 11.74 12.82 12.6 12.8 12.88 13.13 
9.33 10.92 10.37 9.45 9.79 10.34 10.73 11.67 11.49 11.61 11.55 11.72 
9.52 11.09 10.83 10.43 10.21 10.78 11.39 12.25 12.12 12.27 11.9 12.11 
10.12 11.53 10.89 11.1 10.96 11.54 11.75 12.52 12.66 12.71 12.54 12.77 
9.22 10.74 9.96 10.14 9.57 10.54 10.88 11.32 11.62 11.71 11.47 11.84 
10.17 11.75 10.85 10.79 10.53 11.4 11.79 12.15 12.42 12.67 12.53 12.76 
9.16 10.54 9.84 9.87 9.49 10.48 10.73 11.26 11.65 11.76 11.38 11.77 
9.77 11.32 10.27 10.43 10.0 11.16 11.33 11.89 12.18 12.42 12.16 12.46 
9.86 11.11 10.52 10.43 10.14 10.96 11.25 11.8 12.12 12.32 12.17 12.58 
9.62 11.51 10.69 10.24 10.39 10.97 11.25 11.66 11.99 12.19 12.12 12.32 
9.61 11.44 10.34 10.4 10.2 10.99 11.29 11.96 12.22 12.59 12.39 12.15 
9.5 11.4 10.57 10.38 10.35 10.92 11.35 12.11 12.4 12.52 12.32 12.05 
9.64 11.05 10.44 10.2 10.47 10.96 11.29 11.92 12.23 12.41 12.39 12.4 
9.74 11.25 10.31 10.36 10.46 11.41 11.4 11.73 12.18 12.37 12.05 11.91 
9.78 11.23 10.27 10.43 10.58 11.39 11.59 11.64 12.08 12.3 11.87 11.52 
9.64 11.07 10.08 10.5 10.57 11.4 11.69 11.9 12.22 12.32 11.92 11.41 
10.2 11.73 11.01 10.99 10.97 12.13 12.15 12.28 12.75 12.99 12.68 12.44 
9.72 11.1 10.62 10.75 10.98 11.0 11.34 12.11 12.21 12.24 11.93 11.67 
9.83 11.16 10.69 10.42 10.96 10.87 11.12 12.12 12.39 12.25 12.08 11.86 
9.69 11.06 10.48 10.72 10.64 10.72 10.96 12.1 12.29 12.17 11.88 11.66 
9.3 10.72 10.19 9.88 9.69 10.37 10.68 11.42 11.65 11.8 11.64 11.42 
9.73 11.19 10.43 9.82 10.08 11.13 11.29 11.79 12.19 12.37 12.08 11.8 
10.1 11.52 11.21 10.58 11.01 11.76 12.02 12.65 12.97 12.96 12.68 12.29 
9.34 10.74 10.28 10.07 9.84 10.53 10.94 11.22 11.52 11.7 11.52 11.4 
9.74 11.3 10.43 10.37 10.5 11.38 11.56 12.04 12.22 12.28 12.02 11.56 
9.69 11.14 10.4 10.71 10.41 11.29 11.43 11.7 12.09 12.29 12.12 11.81 
9.8 11.15 10.35 10.24 10.19 11.49 11.61 12.04 12.27 12.27 12.06 11.63 
9.72 11.17 10.43 10.26 9.97 11.33 11.74 12.24 12.41 12.25 12.12 11.73 
9.68 11.05 10.52 10.07 10.41 11.38 11.41 12.13 12.35 12.18 12.03 11.79 
9.65 11.19 10.42 10.49 10.4 10.96 11.3 11.87 12.15 12.31 12.26 11.98 
9.66 11.28 10.55 10.21 10.38 11.12 11.25 11.9 12.23 12.35 12.14 11.97 
9.73 11.2 10.59 10.19 10.12 11.23 11.39 11.91 12.16 12.46 12.5 12.53 
9.73 11.14 10.62 10.2 10.3 11.05 11.31 11.89 12.07 12.3 12.16 11.9 
9.69 11.02 10.39 10.39 10.31 11.12 11.58 11.82 12.15 12.3 12.01 11.62 
9.74 11.35 10.64 10.46 10.17 11.18 11.33 11.83 12.17 12.35 12.23 11.98 
9.68 10.95 10.58 10.55 10.47 11.14 11.34 12.04 12.05 12.26 12.02 11.82 
9.65 11.31 10.53 10.52 10.82 11.07 11.12 12.27 12.24 12.22 12.0 11.81 
9.71 11.07 10.63 10.82 10.23 10.91 11.01 11.92 12.1 12.12 12.01 11.82 
9.78 11.1 10.37 9.93 9.76 10.83 11.0 11.74 12.12 12.35 12.04 11.66 
9.75 11.42 10.48 9.91 10.45 11.13 11.28 12.07 12.31 12.35 12.17 11.93 
9.77 11.05 10.59 10.15 10.53 11.25 11.29 11.87 12.24 12.29 12.16 12.05 
9.77 11.38 10.69 10.5 10.49 11.22 11.63 11.79 12.08 12.34 12.14 11.93 
9.82 11.18 10.57 10.21 10.21 10.95 11.31 11.71 12.07 12.3 12.19 12.04 
9.76 11.02 10.38 10.86 10.48 11.42 11.62 11.82 12.21 12.3 11.99 11.76 
9.71 11.16 10.7 10.8 10.14 11.18 11.26 11.8 12.13 12.33 12.1 11.89 
9.83 11.16 10.59 10.8 10.87 11.18 11.28 11.6 12.05 12.19 11.9 11.61 
9.67 11.38 10.65 10.77 10.86 11.17 11.34 11.64 11.95 12.24 12.09 11.8 
9.74 10.96 10.52 10.8 11.13 11.33 11.17 11.71 12.06 12.21 11.97 11.56 
9.73 11.15 10.52 10.69 11.04 11.4 11.35 11.77 12.24 12.42 12.04 11.73 
9.69 11.1 10.34 10.36 10.7 11.2 11.36 11.81 12.17 12.34 11.97 11.58 
9.54 11.21 10.41 10.03 10.26 10.96 11.43 11.95 12.27 12.52 12.37 12.37 
9.91 11.22 10.14 9.62 9.75 10.44 11.09 11.63 11.97 12.3 12.17 12.12 
9.84 11.16 10.19 9.71 9.79 10.58 11.23 11.69 12.09 12.4 12.28 12.32 
9.93 11.03 10.38 9.59 9.77 10.51 11.02 11.61 12.02 12.37 12.23 12.22 
9.56 11.09 10.08 9.49 9.58 10.52 11.16 11.69 12.16 12.41 12.32 12.37 
9.67 10.89 9.84 9.12 9.35 10.41 10.65 11.59 12.21 12.49 12.33 12.12 
9.9 11.27 10.33 9.77 9.89 10.69 11.24 11.8 12.2 12.52 12.51 12.3 
9.91 11.32 10.41 9.67 9.7 10.49 11.1 11.63 12.02 12.26 12.16 12.03 
9.92 11.37 10.19 9.65 9.87 10.64 11.21 11.7 12.07 12.37 12.21 12.18 
9.83 11.29 10.12 9.53 9.63 10.52 11.09 11.63 12.04 12.28 12.16 12.05 
9.73 10.96 10.04 9.59 10.01 10.72 11.24 11.97 12.37 12.64 12.3 12.3 
9.69 11.09 10.46 9.73 9.91 10.65 11.19 11.84 12.26 12.54 12.35 12.24 
9.92 11.24 10.25 9.6 9.95 10.66 11.12 11.7 12.11 12.35 12.25 12.18 
9.75 11.21 10.17 9.6 10.01 10.61 11.11 11.67 12.08 12.38 12.2 12.21 
9.61 11.27 10.27 9.69 9.87 10.64 11.17 11.74 12.1 12.36 12.14 12.04 
9.59 11.42 10.36 9.4 9.45 10.37 10.96 11.69 12.12 12.48 12.04 11.53 
9.63 11.28 10.22 9.58 9.82 10.61 11.14 11.83 12.25 12.52 12.25 11.98 
9.47 11.43 10.11 9.58 9.71 10.57 11.07 11.84 12.24 12.54 12.34 11.99 
9.52 11.62 10.2 9.63 9.64 10.51 11.03 11.75 12.2 12.47 12.12 11.81 
9.55 11.25 10.05 9.43 9.52 10.47 11.1 11.82 12.21 12.57 12.26 11.8 
9.73 11.25 10.32 9.86 9.81 10.49 11.11 11.94 12.35 12.58 12.36 12.06 
9.57 10.95 10.43 10.32 10.35 10.82 11.32 11.97 12.31 12.44 12.25 12.16 
9.79 11.24 10.5 10.57 10.31 11.05 11.38 11.86 12.2 12.36 12.25 12.15 
9.89 11.19 10.41 10.14 9.9 10.48 11.08 11.74 12.0 12.23 12.13 12.25 
9.86 10.98 10.35 10.69 10.91 11.17 11.12 11.67 12.19 12.46 12.24 12.21 
9.81 11.17 10.24 10.02 10.18 10.76 11.09 11.66 12.11 12.36 12.1 12.03 
9.88 11.02 10.09 9.59 9.62 10.53 11.1 11.63 12.1 12.37 12.15 12.09 
9.89 11.01 10.02 9.82 9.95 10.61 11.07 11.83 12.2 12.3 12.28 12.4 
9.76 11.21 10.31 10.48 10.53 10.87 11.38 11.72 12.12 12.34 12.28 12.4 
9.94 11.22 10.35 10.0 10.14 10.84 11.25 11.65 12.02 12.22 12.24 12.41 
9.76 11.17 10.29 10.46 10.56 10.82 11.43 11.69 12.1 12.39 12.31 12.51 
9.51 11.08 10.4 10.54 10.68 11.02 11.37 11.9 12.41 12.47 12.17 12.22 
9.72 11.06 10.16 10.16 10.5 11.09 11.36 12.07 12.38 12.57 12.39 12.45 
9.95 11.18 10.43 10.02 10.2 10.55 11.45 11.79 12.06 12.3 12.28 12.24 
9.69 11.17 10.22 10.14 10.4 10.93 11.38 11.9 12.22 12.34 12.25 12.29 
9.31 11.27 10.37 10.19 10.49 11.19 11.69 11.76 12.21 12.39 12.38 12.41 
9.47 11.44 10.53 10.49 10.53 10.94 11.38 11.65 12.09 12.35 12.22 11.92 
9.5 11.26 10.36 10.28 10.29 10.69 11.07 11.72 12.1 12.4 12.39 12.32 
9.45 11.44 10.77 10.68 10.53 10.8 11.28 11.93 12.18 12.43 12.28 12.1 
9.47 11.47 10.81 10.81 10.5 10.69 11.42 11.88 12.12 12.38 12.15 11.89 
9.53 11.28 10.57 10.69 10.53 10.85 11.27 11.72 12.2 12.54 12.33 11.94 
9.36 11.13 10.36 10.63 10.61 10.72 11.46 12.0 12.24 12.44 12.34 12.13 
9.69 11.13 10.41 10.38 10.35 10.89 11.21 11.79 12.16 12.46 12.4 12.25 
9.55 11.29 10.61 10.33 10.62 10.95 11.43 11.85 12.18 12.41 12.42 12.46 
9.61 11.14 10.47 10.74 11.24 11.26 11.63 11.84 12.17 12.37 12.24 12.48 
9.74 11.27 10.49 10.61 11.29 11.29 11.48 11.75 12.08 12.34 12.14 12.36 
9.68 11.28 10.74 10.39 10.73 10.89 11.41 11.84 12.16 12.4 12.22 12.49 
9.77 11.3 10.36 9.97 9.92 10.66 11.26 11.8 12.11 12.39 12.22 12.36 
9.82 11.23 10.28 9.99 9.94 10.74 11.27 11.81 12.25 12.41 12.2 12.37 
9.71 11.18 10.13 9.94 9.98 10.77 11.35 11.89 12.26 12.47 12.25 12.43 
9.73 11.06 10.05 9.84 9.92 10.71 11.23 11.82 12.27 12.44 12.26 12.52 
9.72 11.27 10.37 9.96 9.97 10.73 11.3 11.84 12.22 12.46 12.25 12.35 
9.88 11.25 10.04 9.92 10.1 10.74 11.24 11.88 12.27 12.47 12.27 12.5 
9.78 11.31 10.11 9.87 10.15 10.76 11.21 11.85 12.22 12.43 12.22 12.42 
9.82 11.33 10.02 9.92 9.94 10.8 11.29 11.89 12.21 12.48 12.24 12.45 
9.92 11.26 10.04 10.04 9.85 10.73 11.3 11.9 12.25 12.49 12.21 12.4 
9.91 11.52 10.47 10.3 10.26 11.03 11.66 12.15 12.54 12.78 12.59 12.79 
9.5 10.89 9.82 9.62 9.67 10.58 11.12 11.65 12.09 12.3 12.07 12.18 
9.76 11.2 10.39 9.94 9.93 10.79 11.3 11.88 12.23 12.44 12.35 12.49 
9.76 11.21 10.04 9.95 10.13 10.7 11.2 11.88 12.29 12.44 12.26 12.46 
9.7 11.29 10.2 10.01 10.08 10.68 11.2 11.82 12.21 12.45 12.25 12.4 
9.82 11.34 10.1 9.87 10.08 10.7 11.22 11.79 12.22 12.44 12.31 12.59 
9.63 11.36 10.2 9.87 9.96 10.73 11.28 11.82 12.18 12.4 12.21 12.41 
9.81 11.11 10.19 9.86 9.92 10.71 11.3 11.83 12.29 12.46 12.21 12.44 
9.84 11.22 9.97 10.1 9.97 10.76 11.27 11.91 12.39 12.58 12.31 12.62 
9.86 11.32 10.43 9.9 10.04 10.81 11.27 11.87 12.27 12.45 12.2 12.46 
9.76 11.27 10.15 9.99 10.03 10.71 11.29 11.92 12.27 12.46 12.25 12.47 
9.71 11.24 10.27 9.97 10.1 10.65 11.27 11.88 12.19 12.43 12.19 12.37 
9.76 11.2 10.15 10.02 10.17 10.66 11.26 11.88 12.25 12.5 12.26 12.55 
9.76 11.33 10.03 9.89 9.87 10.67 11.33 11.83 12.17 12.45 12.26 12.45 
9.71 11.18 10.3 9.76 9.87 10.52 11.15 11.86 12.24 12.54 12.26 12.22 
9.62 11.46 10.22 9.48 9.8 10.51 11.1 11.85 12.22 12.59 12.24 11.82 
9.48 11.15 10.5 9.77 9.58 10.44 11.39 11.95 12.38 12.51 12.17 12.08 
9.58 11.45 10.59 9.81 9.55 10.48 11.26 11.87 12.3 12.41 12.09 12.14 
9.64 11.11 10.7 9.96 9.5 10.34 11.19 11.99 12.34 12.4 11.94 12.14 
9.8 11.25 10.57 10.0 9.72 10.57 11.31 11.93 12.28 12.39 12.1 12.12 
9.58 11.32 10.51 9.65 9.65 10.36 11.13 12.06 12.25 12.18 11.63 11.95 
9.78 11.42 10.64 9.92 9.66 10.57 11.17 11.86 12.16 12.33 12.05 12.07 
9.64 11.18 10.26 10.08 9.82 10.61 11.17 11.97 12.5 12.41 11.8 12.01 
9.77 11.32 10.4 10.12 9.74 10.72 11.38 11.97 12.39 12.55 12.23 12.12 
9.46 11.22 10.38 9.86 9.59 10.44 11.15 12.04 12.36 12.45 12.26 12.35 
9.76 11.49 10.6 9.82 9.67 10.41 11.12 11.75 12.33 12.48 12.24 12.13 
9.62 11.16 10.59 10.29 9.88 10.46 11.29 11.97 12.47 12.4 11.83 12.1 
10.39 12.13 11.24 10.15 10.3 11.14 11.88 12.59 12.78 12.85 12.55 12.66 
9.15 10.55 10.23 9.07 8.78 9.7 10.42 11.53 11.77 11.61 11.19 11.5 
9.61 11.6 10.68 9.92 9.6 10.52 11.18 11.89 12.34 12.27 12.06 12.15 
9.46 11.31 10.42 9.91 9.65 10.38 11.28 11.99 12.28 12.44 12.0 12.38 
10.2 11.73 10.92 10.38 10.22 11.16 11.77 12.46 12.9 13.19 12.93 12.8 
9.08 10.84 10.07 9.12 9.09 9.84 10.54 11.32 11.78 12.03 11.88 11.94 
9.72 11.35 10.83 9.89 9.7 10.6 11.18 11.81 12.22 12.36 12.13 12.17 
9.63 11.43 10.64 9.8 9.55 10.3 11.08 12.09 12.3 12.24 11.8 12.01 
9.75 11.54 10.48 9.85 9.74 10.58 11.17 11.84 12.16 12.26 11.96 12.1 
10.23 11.93 10.98 10.13 10.05 10.91 11.67 12.61 12.87 12.8 12.31 12.6 
9.19 10.93 10.28 9.78 9.48 10.03 10.69 11.22 11.56 11.65 11.43 11.52 
9.8 11.19 10.38 10.22 9.94 10.57 11.34 12.05 12.44 12.4 11.86 12.2 
10.27 11.75 11.05 10.51 10.33 11.33 12.1 12.63 13.01 13.2 12.83 12.96 
9.11 10.81 9.82 9.37 9.15 9.95 10.65 11.66 11.85 11.87 11.49 11.47 
9.66 11.17 10.54 9.56 9.51 10.21 11.08 12.03 12.34 12.36 11.94 12.04 
10.21 11.8 10.73 10.3 10.17 10.93 11.75 12.44 12.94 13.07 12.69 12.58 
9.39 10.81 9.85 9.26 9.03 9.79 10.59 11.24 11.59 11.67 11.2 11.48 
9.66 11.33 10.49 9.99 9.86 10.49 11.18 11.82 12.17 12.44 12.13 12.08 
9.77 11.1 10.4 9.76 9.6 10.43 11.19 11.72 12.19 12.34 11.92 12.28 
9.85 11.32 10.31 10.12 9.81 10.54 11.36 11.81 12.26 12.52 12.22 12.2 
9.53 11.38 10.43 10.01 9.91 10.73 11.35 11.84 12.27 12.45 12.22 12.51 
9.78 11.28 9.92 9.58 9.73 10.53 10.99 11.78 12.28 12.53 12.29 12.31 
10.17 11.97 10.92 10.31 10.12 11.13 11.7 12.41 12.82 12.94 12.53 12.48 
9.27 10.64 9.46 9.11 9.23 9.94 10.49 11.29 11.66 11.74 11.03 10.86 
10.32 11.92 10.64 10.08 10.47 11.13 11.73 12.45 12.85 13.09 12.73 12.42 
9.8 11.17 9.9 9.49 9.9 10.55 11.05 11.92 12.28 12.36 11.46 11.18 
9.03 10.85 9.82 9.26 9.28 10.16 10.62 11.31 11.63 11.78 11.27 11.18 
10.26 11.75 10.55 9.95 10.23 11.01 11.78 12.41 13.02 13.07 12.24 11.99 
9.43 10.84 9.65 9.25 9.47 10.18 10.77 11.41 11.75 11.95 11.56 11.22 
9.72 11.21 9.88 9.56 9.68 10.45 10.99 11.87 12.28 12.37 11.5 11.04 
9.54 11.34 10.23 9.68 9.63 10.48 11.18 11.87 12.24 12.36 11.81 11.54 
9.82 11.05 9.72 9.75 9.68 10.35 10.93 11.83 12.29 12.36 11.59 11.14 
9.88 11.32 10.1 9.67 9.9 10.52 11.12 11.81 12.21 12.44 12.11 11.74 
9.71 11.2 10.0 9.24 9.62 10.36 11.0 11.86 12.24 12.32 11.54 11.07 
9.57 11.52 10.42 9.82 10.04 10.73 11.28 11.86 12.26 12.54 12.42 12.22 
9.48 11.23 10.35 10.06 10.07 10.73 11.26 11.91 12.29 12.54 12.35 12.24 
10.16 11.89 10.92 10.38 10.56 11.28 11.83 12.52 12.96 13.19 12.96 12.79 
9.28 10.66 9.56 9.0 9.27 10.04 10.51 11.28 11.75 12.05 12.02 11.93 
9.71 11.45 10.41 9.7 9.86 10.61 11.2 11.89 12.23 12.44 12.25 12.07 
9.79 11.28 9.96 9.57 9.73 10.32 10.93 11.87 12.26 12.41 11.84 11.45 
9.86 11.54 10.25 9.76 10.06 10.58 11.17 11.84 12.26 12.5 12.15 11.75 
9.75 11.22 10.05 9.52 9.79 10.47 10.99 11.87 12.24 12.39 11.61 11.19 
9.6 11.31 10.31 9.84 9.84 10.62 11.22 11.95 12.23 12.41 11.88 11.59 
9.8 11.36 10.16 9.56 9.82 10.5 11.26 11.92 12.41 12.46 11.59 11.19 
10.34 11.9 10.75 10.22 10.42 11.21 11.79 12.5 12.91 13.13 12.73 12.37 
9.68 11.23 10.02 9.54 9.76 10.48 10.99 11.87 12.32 12.39 11.41 10.91 
9.19 10.87 9.79 9.32 9.28 10.12 10.62 11.26 11.62 11.77 11.18 10.9 
10.36 11.8 10.42 10.12 10.37 10.9 11.54 12.53 12.96 13.0 12.19 11.71 
9.22 10.76 9.45 9.25 9.43 10.16 10.62 11.31 11.7 11.82 11.25 11.07 
9.61 11.06 9.99 9.6 9.71 10.52 11.08 11.92 12.34 12.59 12.46 12.33 
10.13 11.94 10.69 10.16 10.39 11.15 11.77 12.52 12.86 13.13 12.85 12.67 
9.25 10.59 9.71 9.32 9.26 9.96 10.63 11.33 11.71 11.84 11.21 10.94 
9.64 11.48 10.43 10.03 10.3 10.98 11.48 11.99 12.38 12.58 12.25 12.25 
9.44 10.79 10.55 9.97 9.67 10.36 10.78 11.22 11.74 12.06 11.69 11.26 
6.99 9.68 10.22 9.34 9.41 9.46 9.09 8.74 8.56 8.73 8.4 8.04 
7.5 9.85 10.45 9.88 9.69 9.98 9.76 8.93 8.26 8.06 8.09 8.31 
7.93 10.76 10.77 10.57 9.94 10.63 10.64 9.81 8.9 8.69 8.94 9.18 
9.87 11.49 10.81 10.69 10.69 11.31 11.84 12.41 12.78 13.05 13.05 12.93 
9.0 11.05 10.43 10.19 10.14 10.61 11.05 11.67 12.02 12.14 11.79 11.75 
9.63 11.26 10.82 10.3 10.6 10.78 11.37 12.05 12.48 12.57 11.98 12.07 
9.38 11.37 10.68 10.39 10.77 10.98 11.48 12.08 12.44 12.6 12.05 12.23 
9.61 11.3 10.53 10.36 10.48 10.92 11.41 11.98 12.36 12.53 11.88 12.05 
9.95 11.97 10.81 11.07 10.72 11.63 11.88 12.5 12.99 13.08 12.54 12.74 
9.67 11.48 10.17 10.66 10.23 10.87 11.33 11.97 12.39 12.54 11.9 12.08 
9.51 11.44 10.57 10.56 10.26 10.95 11.41 11.96 12.4 12.54 12.03 12.19 
9.72 11.23 11.0 10.64 10.25 10.81 11.27 11.98 12.36 12.52 11.82 12.0 
9.29 10.92 10.2 10.2 9.86 10.47 10.84 11.46 11.84 11.98 11.52 11.77 
9.8 11.12 10.88 10.53 10.23 11.0 11.36 11.92 12.3 12.49 11.89 12.06 
9.54 11.4 11.06 11.03 10.58 11.16 11.38 11.93 12.41 12.57 12.18 12.41 
9.35 11.17 10.82 10.69 10.65 11.0 11.48 11.89 12.42 12.59 12.62 12.57 
9.32 11.28 10.86 11.0 10.71 11.07 11.68 12.0 12.52 12.46 12.08 12.15 
9.92 12.01 11.09 11.23 11.16 11.44 11.97 12.44 13.0 12.98 12.59 12.7 
8.87 10.78 10.24 10.24 9.98 10.4 11.05 11.44 11.87 11.89 11.8 11.86 
9.45 11.28 10.51 10.72 10.6 10.95 11.46 12.09 12.37 12.38 12.31 12.29 
9.2 11.19 10.74 10.55 10.57 10.83 11.44 11.93 12.35 12.45 12.38 12.7 
9.71 11.56 11.39 11.17 11.08 11.46 12.12 12.38 12.92 12.89 12.65 12.87 
8.95 10.79 10.56 10.17 10.0 10.25 10.97 11.42 11.84 11.9 11.74 11.91 
9.37 11.19 10.66 10.69 10.71 11.51 11.95 11.97 12.47 12.37 12.08 12.19 
9.73 11.79 10.92 11.1 11.36 11.87 12.34 12.93 12.89 12.9 12.47 12.67 
8.97 10.85 10.41 10.58 9.95 10.45 10.87 11.75 11.71 11.78 11.2 11.52 
9.37 11.43 10.78 10.87 10.42 11.0 11.33 12.29 12.34 12.4 11.95 12.26 
10.07 11.85 11.26 11.03 10.78 11.25 11.73 12.45 12.89 12.97 12.44 12.66 
9.05 10.93 10.23 10.1 9.84 10.42 10.87 11.4 11.81 11.92 11.48 11.74 
9.6 11.28 10.84 10.25 10.46 10.99 11.38 11.93 12.34 12.44 11.99 12.33 
9.4 11.5 10.99 10.52 10.5 11.22 11.68 12.03 12.42 12.56 12.4 12.57 
9.74 11.09 10.86 10.63 10.76 11.12 11.6 12.06 12.3 12.5 12.3 12.06 
9.8 11.19 10.64 10.43 10.53 11.05 11.42 12.08 12.4 12.43 12.17 11.98 
9.72 11.02 10.69 10.66 10.47 10.6 11.26 12.11 12.27 12.38 12.14 11.95 
9.54 10.94 10.73 10.45 10.54 10.87 11.6 12.06 12.37 12.5 12.19 11.86 
9.78 11.08 10.7 10.7 10.5 11.03 11.51 11.86 12.25 12.42 11.95 11.51 
9.78 10.82 10.55 10.51 10.41 10.65 11.3 12.11 12.27 12.38 12.24 11.94 
9.74 10.72 10.62 10.8 10.73 10.78 11.49 11.97 12.28 12.41 12.09 11.65 
9.74 11.15 10.78 10.31 10.24 10.62 11.3 11.86 12.21 12.4 12.39 12.3 
9.63 11.26 10.3 10.46 10.37 11.06 11.37 11.88 12.22 12.41 12.33 12.11 
9.61 11.26 10.51 10.77 10.51 11.07 11.45 11.87 12.37 12.52 12.21 11.85 
9.67 10.99 10.25 10.62 10.27 11.0 11.32 12.1 12.42 12.39 12.07 11.67 
9.66 11.28 10.57 10.53 10.76 11.28 11.47 11.91 12.25 12.41 12.13 11.66 
9.74 11.01 10.62 10.59 10.97 11.3 11.39 11.74 12.26 12.38 11.96 11.45 
9.76 11.19 10.5 10.5 11.12 11.13 11.47 11.8 12.28 12.38 12.03 11.61 
9.61 11.03 10.75 10.69 10.98 11.09 11.48 11.95 12.51 12.39 12.08 11.78 
9.8 11.03 10.95 10.41 10.47 10.97 11.56 12.06 12.31 12.42 12.18 11.91 
9.79 10.95 10.5 10.34 10.39 10.85 11.19 11.92 12.4 12.55 12.61 12.43 
9.77 10.89 10.68 10.44 10.33 10.96 11.43 12.02 12.34 12.39 12.1 11.72 
9.75 11.07 10.66 10.4 10.37 10.83 11.34 11.86 12.3 12.34 11.98 11.58 
9.75 11.12 10.77 10.36 10.35 10.92 11.51 11.86 12.25 12.39 12.24 11.95 
9.7 10.95 10.78 10.65 10.47 10.61 11.2 11.91 12.28 12.37 12.31 11.98 
9.61 10.95 10.36 10.25 10.57 11.37 11.78 11.87 12.38 12.47 12.11 11.74 
9.85 11.0 10.99 10.35 10.41 10.64 11.33 11.8 12.22 12.37 11.94 11.52 
9.79 10.92 10.28 10.27 10.49 10.8 11.43 11.81 12.21 12.5 12.57 12.26 
9.61 11.08 10.4 10.71 10.49 10.76 11.53 12.14 12.17 12.36 12.29 12.0 
9.67 11.15 10.58 10.94 10.56 10.98 11.45 11.94 12.31 12.41 12.12 11.87 
9.68 10.98 10.48 10.93 10.33 10.93 11.28 11.89 12.31 12.37 12.04 11.75 
9.69 11.11 10.55 10.43 10.23 10.98 11.37 11.83 12.25 12.44 12.47 12.23 
9.39 11.41 10.59 10.86 10.59 11.47 11.85 12.03 12.41 12.44 12.32 12.25 
9.45 11.54 10.58 10.54 10.46 11.67 11.77 11.79 12.44 12.34 12.04 11.9 
9.54 11.5 10.84 10.48 10.52 11.06 11.41 11.94 12.28 12.43 12.03 11.77 
9.57 11.37 10.78 10.28 10.34 10.83 11.27 11.94 12.26 12.43 12.39 12.15 
9.46 11.35 10.76 10.3 10.19 10.75 11.27 12.02 12.48 12.56 12.11 12.05 
9.3 11.27 10.65 10.0 10.09 10.74 11.4 12.1 12.54 12.55 11.9 11.98 
9.41 11.4 10.41 9.82 10.12 10.61 11.28 12.04 12.5 12.56 11.75 11.91 
9.19 11.26 10.38 10.0 10.11 10.65 11.45 12.1 12.58 12.57 11.83 11.99 
9.36 11.17 10.34 9.83 10.05 10.47 11.39 12.02 12.54 12.54 11.88 12.05 
9.31 11.22 10.48 10.01 10.01 10.6 11.44 12.07 12.59 12.63 11.99 12.18 
9.38 11.17 10.37 9.99 10.1 10.4 11.39 12.07 12.58 12.58 11.85 12.11 
9.28 11.23 10.65 10.06 10.04 10.72 11.43 12.09 12.57 12.64 11.99 12.25 
9.54 11.39 10.11 10.09 10.25 10.58 11.34 12.02 12.58 12.57 11.86 12.07 
9.22 11.35 10.21 10.09 9.97 10.81 11.49 12.11 12.56 12.59 11.94 12.15 
9.41 11.23 10.22 10.06 9.94 10.6 11.41 12.1 12.56 12.64 11.8 12.02 
9.3 11.21 10.44 10.22 10.19 10.82 11.42 12.12 12.58 12.67 11.92 12.12 
9.64 11.09 10.54 9.88 9.99 10.66 11.33 12.08 12.52 12.57 11.81 12.08 
9.58 11.2 10.45 10.06 10.1 10.54 11.47 12.11 12.61 12.62 11.97 12.21 
9.72 10.92 10.67 9.85 10.03 10.6 11.34 12.12 12.6 12.64 12.12 12.34 
9.56 11.16 10.52 9.96 9.97 10.67 11.53 12.08 12.57 12.72 12.33 12.29 
9.39 11.41 10.49 9.95 10.0 10.52 11.31 12.05 12.52 12.66 12.53 12.51 
9.24 11.4 10.41 10.05 10.09 10.66 11.39 12.07 12.56 12.64 11.99 12.09 
9.4 11.19 10.18 9.91 10.08 10.6 11.29 12.06 12.61 12.6 11.77 11.94 
9.23 11.42 10.43 9.98 10.07 10.64 11.52 12.14 12.59 12.62 11.95 12.19 
9.36 11.26 10.33 9.77 10.22 10.6 11.39 12.06 12.56 12.58 11.85 12.02 
9.22 11.23 10.42 10.02 10.15 10.52 11.5 12.1 12.58 12.62 11.88 12.07 
9.38 11.25 10.47 9.77 10.13 10.32 11.35 12.06 12.57 12.55 11.72 11.91 
9.19 11.11 10.57 10.2 10.17 10.71 11.42 12.11 12.58 12.65 12.0 12.23 
9.51 11.33 10.28 9.96 10.2 10.57 11.33 12.09 12.56 12.57 11.8 12.01 
9.35 11.34 10.03 10.01 10.11 10.82 11.47 12.14 12.59 12.67 11.89 12.07 
9.48 11.29 10.2 10.12 10.02 10.65 11.42 12.09 12.53 12.66 11.71 11.87 
9.33 11.33 10.39 10.22 10.01 10.75 11.45 12.12 12.6 12.66 12.03 12.26 
9.77 11.2 10.45 9.9 9.94 10.63 11.41 12.04 12.58 12.55 11.76 11.97 
9.57 11.17 10.67 10.15 10.06 10.65 11.43 12.15 12.61 12.64 11.91 12.1 
9.58 11.21 10.47 9.85 10.09 10.57 11.38 12.06 12.54 12.64 11.9 12.16 
9.38 11.46 10.67 10.21 10.21 10.85 11.63 12.12 12.62 12.66 12.19 12.3 
9.71 11.08 10.36 9.89 9.93 10.69 11.38 12.17 12.65 12.7 12.08 11.75 
9.83 11.15 10.32 9.86 10.01 10.67 11.25 12.06 12.53 12.57 11.98 11.57 
9.72 10.98 10.35 9.87 9.96 10.58 11.29 12.05 12.56 12.57 11.82 11.33 
9.72 10.97 10.31 9.87 9.94 10.72 11.34 12.06 12.54 12.59 12.0 11.56 
9.74 11.07 10.23 9.85 10.01 10.53 11.34 12.05 12.54 12.6 11.98 11.55 
9.74 10.91 10.19 9.79 10.02 10.48 11.35 12.01 12.55 12.57 11.94 11.51 
9.76 10.93 10.24 9.86 9.87 10.34 11.32 11.98 12.53 12.57 11.87 11.36 
9.75 10.87 10.42 9.94 9.94 10.67 11.3 11.97 12.54 12.59 12.0 11.55 
9.58 11.18 10.2 9.89 10.03 10.72 11.32 12.0 12.55 12.61 11.87 11.29 
9.67 11.13 10.01 9.75 9.83 10.85 11.33 12.05 12.53 12.6 12.0 11.59 
9.62 11.12 10.2 9.93 9.99 10.64 11.26 12.04 12.52 12.62 11.95 11.51 
9.63 11.22 10.15 10.0 9.9 10.8 11.37 12.01 12.54 12.6 11.98 11.51 
9.67 10.83 10.29 9.69 9.86 10.73 11.23 12.04 12.52 12.61 11.84 11.31 
9.69 11.16 10.39 10.0 9.85 10.66 11.41 12.02 12.56 12.59 11.94 11.52 
9.69 10.91 10.51 9.77 9.79 10.58 11.34 12.06 12.55 12.58 11.89 11.38 
9.79 10.97 10.46 9.89 9.98 10.72 11.49 11.99 12.58 12.59 12.14 11.82 
9.7 11.1 10.38 9.8 9.92 10.53 11.21 11.99 12.5 12.61 12.32 12.22 
9.71 11.05 10.19 9.94 9.9 10.66 11.32 11.99 12.54 12.61 11.98 11.6 
9.72 10.72 10.14 9.87 9.91 10.59 11.22 12.04 12.57 12.6 11.79 11.25 
9.74 10.94 10.27 9.94 9.98 10.69 11.39 12.05 12.56 12.6 11.93 11.47 
9.66 10.9 10.09 9.69 10.12 10.58 11.3 12.0 12.55 12.59 11.86 11.33 
9.69 10.88 10.14 9.89 10.03 10.59 11.44 12.06 12.56 12.63 11.96 11.49 
9.71 10.91 10.41 9.8 10.1 10.5 11.37 12.04 12.57 12.55 11.77 11.19 
9.69 10.99 10.46 9.96 9.91 10.68 11.34 12.05 12.56 12.59 11.95 11.52 
9.61 11.11 10.25 9.88 10.03 10.67 11.35 12.03 12.52 12.61 11.9 11.37 
9.56 11.12 10.09 9.7 9.91 10.79 11.39 12.08 12.58 12.64 12.0 11.59 
9.7 10.94 10.28 10.16 9.99 10.58 11.33 12.0 12.54 12.62 11.92 11.47 
9.61 11.25 10.25 10.04 9.88 10.77 11.31 12.01 12.56 12.61 12.03 11.56 
9.77 10.95 10.22 9.67 9.77 10.58 11.25 11.95 12.53 12.6 11.92 11.41 
9.72 11.16 10.56 10.0 9.88 10.66 11.36 11.98 12.58 12.6 11.98 11.53 
9.81 10.91 10.51 9.58 9.94 10.56 11.3 11.99 12.51 12.57 11.93 11.42 
9.82 11.02 10.51 9.75 9.95 10.7 11.43 11.95 12.55 12.55 11.99 11.57 
9.28 11.37 10.44 10.06 10.13 10.71 11.12 11.74 12.22 12.52 12.43 12.5 
9.57 12.1 11.14 10.55 10.77 11.34 11.53 12.32 12.7 12.8 12.09 11.95 
8.66 10.92 10.24 9.68 9.87 10.27 10.52 11.09 11.49 11.51 10.49 10.02 
9.0 11.21 10.74 10.29 10.45 10.7 11.16 11.75 12.14 12.13 10.86 10.22 
9.14 11.09 10.7 10.68 10.35 10.86 11.08 11.67 12.11 12.04 10.76 10.04 
9.04 11.5 10.85 10.67 10.21 10.84 10.95 11.62 12.01 11.93 10.57 9.91 
9.19 11.69 11.18 11.15 10.4 11.03 11.2 11.88 12.27 12.17 10.81 10.17 
8.56 10.96 10.64 10.81 10.25 10.68 10.75 11.32 11.71 11.64 10.31 9.87 
9.21 12.2 11.38 11.52 10.74 11.39 11.54 12.02 12.34 12.26 10.89 10.32 
8.88 11.27 10.88 10.86 10.16 11.03 10.8 11.37 11.66 11.62 10.41 9.76 
9.0 11.25 10.74 10.5 10.22 10.81 10.86 11.3 11.65 11.55 10.37 9.8 
8.94 11.65 11.28 10.89 10.84 10.95 10.98 11.51 11.82 11.74 10.64 10.03 
9.31 11.41 11.48 10.61 10.56 10.93 11.07 11.25 11.63 11.52 10.64 10.2 
9.24 11.23 11.45 10.87 10.87 10.97 11.12 11.26 11.42 11.29 10.72 10.33 
9.0 11.44 11.13 10.86 10.82 11.18 10.95 11.03 11.24 11.12 10.64 10.31 
8.83 10.5 10.89 10.27 10.26 10.37 10.17 10.27 10.37 10.28 10.01 9.78 
9.57 11.05 11.24 10.39 10.44 10.73 10.53 10.42 10.54 10.43 10.25 9.91 
8.88 11.2 11.14 10.89 10.55 11.0 10.84 10.74 11.05 10.86 10.8 10.6 
8.45 11.17 11.34 11.22 10.56 11.11 11.54 12.1 12.05 11.8 11.91 11.54 
8.54 11.48 11.35 10.91 10.56 11.16 11.37 11.84 11.62 11.38 11.51 11.24 
8.52 11.6 11.33 10.97 10.49 11.31 11.12 11.37 11.64 11.41 11.72 11.49 
8.85 11.39 11.27 11.07 10.52 11.17 11.06 11.38 11.35 11.4 12.49 12.16 
8.77 11.23 11.19 11.04 10.78 11.4 11.7 11.53 11.66 11.73 11.78 11.71 
8.52 11.21 10.98 10.87 10.82 11.15 11.12 11.1 11.51 12.17 12.82 12.59 
9.02 11.47 11.18 11.32 10.97 11.28 10.96 11.51 11.58 11.74 12.26 12.1 
9.07 11.44 11.1 11.06 10.57 11.02 11.15 11.74 11.48 11.49 11.81 11.51 
9.52 11.31 11.22 11.57 11.05 11.61 12.08 12.07 12.52 12.51 12.38 11.78 
8.96 10.55 10.92 10.63 10.5 10.74 10.94 10.68 11.48 12.04 12.3 11.73 
8.84 10.46 10.73 10.42 10.43 10.54 10.15 9.94 10.82 11.91 12.7 11.78 
8.98 10.59 10.69 10.46 10.41 10.78 10.6 10.47 10.66 10.83 11.11 10.53 
8.85 10.76 11.42 10.55 10.55 10.9 10.61 10.58 10.63 10.53 10.44 10.18 
9.0 11.04 11.3 10.23 10.54 10.9 10.76 10.7 10.91 11.06 11.12 10.65 
9.59 10.97 11.22 10.5 10.43 10.91 11.07 10.78 11.23 11.82 12.1 11.93 
9.74 11.4 10.88 10.32 10.41 10.82 11.18 11.86 12.25 12.68 12.75 12.71 
9.75 11.3 11.11 10.19 10.29 10.83 11.15 11.73 12.12 12.38 12.27 11.95 
9.56 11.45 11.0 10.21 10.43 10.7 11.12 11.63 11.95 12.21 11.93 11.99 
9.65 11.51 10.65 10.04 10.42 10.67 11.09 11.56 11.9 12.09 11.71 11.91 
9.79 11.38 10.86 10.56 10.5 10.89 11.18 11.81 12.18 12.36 11.95 11.84 
9.8 11.37 10.72 10.53 10.17 10.75 11.14 11.71 12.13 12.33 11.93 11.75 
9.58 11.53 10.95 10.38 9.98 10.79 11.05 11.62 12.02 12.2 11.9 12.03 
9.77 11.41 10.63 10.53 10.13 10.75 10.94 11.57 11.94 12.12 11.75 11.87 
9.85 11.29 10.67 10.63 10.16 10.99 11.18 11.78 12.12 12.36 12.03 11.88 
9.76 11.24 10.63 10.39 10.21 10.91 11.15 11.71 12.1 12.32 11.97 11.81 
9.58 11.55 10.82 10.41 10.42 10.86 11.08 11.62 11.97 12.2 11.84 11.92 
9.8 11.36 10.85 9.96 10.32 10.72 10.93 11.53 11.89 12.05 11.64 11.83 
9.73 11.13 10.74 10.14 10.5 10.8 11.17 11.76 12.11 12.34 12.07 12.08 
9.4 11.61 10.94 10.39 10.3 10.91 11.21 11.7 12.05 12.27 12.07 11.93 
9.43 11.57 10.89 10.41 10.43 10.86 11.14 11.69 11.95 12.21 12.15 12.1 
9.64 11.45 11.02 10.57 10.35 10.65 10.97 11.56 11.97 12.21 12.22 12.09 
9.57 11.23 11.08 10.53 10.57 10.91 11.39 11.82 12.12 12.51 12.62 12.57 
9.65 11.12 10.88 10.39 10.46 10.78 11.16 11.79 12.11 12.35 12.38 12.13 
9.47 11.37 10.87 10.65 10.78 10.8 11.31 11.82 12.02 12.24 12.19 12.13 
9.55 11.52 10.83 10.47 10.53 10.49 11.15 11.86 11.99 12.01 11.78 11.81 
9.71 11.2 11.06 10.56 10.52 10.83 11.2 11.72 12.05 12.23 11.9 11.71 
9.76 11.29 10.69 10.54 10.3 10.6 11.17 11.92 12.09 12.3 12.03 11.74 
9.32 11.38 10.97 10.7 10.51 10.99 11.28 11.82 11.95 12.2 12.34 12.16 
9.59 11.17 10.67 10.83 10.44 10.99 11.52 11.95 12.15 12.14 11.91 11.92 
9.65 11.3 10.48 10.66 10.46 10.76 11.22 11.8 12.06 12.33 12.5 12.19 
9.65 11.31 10.61 10.29 10.16 10.82 11.1 11.68 12.04 12.28 12.14 11.86 
9.48 11.28 10.69 10.17 10.4 10.69 11.01 11.6 11.9 12.13 11.85 12.0 
9.57 11.3 10.64 10.13 10.32 10.6 10.9 11.53 11.85 12.07 11.72 11.91 
9.71 11.21 10.75 10.03 10.39 10.82 11.13 11.75 12.13 12.36 12.06 12.02 
9.8 11.32 10.75 10.43 10.6 10.85 11.18 11.69 12.06 12.31 12.11 12.22 
9.71 11.39 11.01 10.41 10.56 10.82 11.15 11.63 11.92 12.24 12.14 12.14 
9.5 11.32 10.8 10.57 10.78 10.8 11.3 11.86 11.8 11.97 11.6 11.45 
9.59 11.15 10.89 10.51 10.6 11.03 11.62 11.92 12.16 12.44 12.54 12.5 
9.61 11.12 10.92 10.65 10.66 11.35 11.66 11.76 12.06 12.3 12.17 11.88 
9.42 11.24 10.92 10.49 10.6 10.92 11.56 11.63 11.94 12.06 11.87 12.0 
9.44 11.5 10.7 10.41 10.61 10.82 11.25 11.65 11.91 12.09 11.95 11.94 
9.57 11.22 10.61 10.48 10.84 11.28 11.72 11.93 12.11 12.27 12.0 11.85 
9.81 11.25 10.68 10.62 10.18 10.73 11.36 11.9 12.08 12.22 12.18 12.03 
9.32 11.41 11.14 10.77 10.51 10.86 11.66 11.94 11.99 12.1 12.06 12.12 
9.59 11.2 10.68 10.75 10.25 10.83 11.12 11.55 11.87 12.06 12.32 12.24 
9.68 11.38 10.52 10.62 10.49 11.16 11.45 11.89 12.07 12.26 11.97 11.82 
9.68 11.25 10.74 10.67 10.89 11.39 11.45 11.88 12.11 12.23 11.99 11.84 
9.42 11.33 10.79 10.56 10.98 11.4 11.43 11.86 11.93 12.09 11.86 11.96 
9.48 11.41 10.69 10.49 10.83 11.24 11.33 11.76 11.93 12.03 11.72 11.9 
9.58 11.27 11.01 10.73 10.69 10.94 11.38 11.86 12.07 12.3 12.04 12.01 
9.46 11.6 10.83 10.44 10.52 10.94 11.3 11.74 12.07 12.31 12.27 12.07 
9.12 11.38 11.05 10.29 10.39 10.81 11.08 11.61 11.92 12.12 12.1 12.09 
9.36 11.32 10.95 10.13 10.36 10.66 10.83 11.42 11.8 12.08 11.91 11.79 
9.65 11.16 10.69 10.16 10.37 10.7 11.16 11.69 12.13 12.55 12.65 12.55 
9.7 11.12 10.83 10.14 10.31 10.63 11.13 11.64 12.04 12.37 12.28 12.06 
9.44 11.28 10.65 10.22 10.46 10.75 11.32 11.69 12.04 12.24 12.47 12.48 
9.52 11.41 10.64 9.93 10.36 10.62 11.4 11.69 12.08 12.13 12.28 12.15 
9.64 11.16 10.75 10.13 10.33 11.15 11.46 11.95 12.22 12.25 12.28 12.24 
9.75 11.11 10.59 10.44 10.3 11.25 11.27 12.03 12.17 12.17 12.1 11.88 
9.32 11.33 10.81 10.19 10.19 10.94 11.3 12.02 12.11 12.12 12.0 12.33 
9.53 11.2 10.33 10.26 10.57 10.87 11.07 11.8 11.93 11.99 11.82 11.8 
9.62 11.17 10.55 10.31 10.43 10.86 11.18 11.74 12.01 12.34 12.64 12.19 
9.73 11.31 10.68 10.34 10.23 10.72 11.14 11.67 12.03 12.36 12.36 12.0 
9.45 11.33 10.56 10.21 10.27 10.75 11.01 11.56 11.89 12.13 11.87 12.03 
9.59 11.36 10.73 9.98 10.55 10.59 10.87 11.51 11.83 12.03 11.7 11.98 
9.43 11.0 10.48 9.81 10.07 10.45 10.8 11.39 11.89 12.27 12.46 12.43 
9.71 11.27 10.37 9.84 10.03 10.35 10.87 11.4 11.87 12.3 12.45 12.53 
9.91 11.53 10.41 9.86 9.91 10.39 11.18 11.87 12.38 12.65 12.59 12.79 
9.16 11.3 10.58 10.04 10.01 10.58 11.41 11.73 12.01 12.19 12.08 12.01 
9.58 11.07 10.45 10.3 10.48 10.73 11.36 12.23 12.42 12.49 12.21 12.09 
9.5 11.27 10.81 10.52 10.26 10.84 11.41 12.08 12.35 12.51 12.08 12.21 
9.66 11.09 10.43 10.44 10.52 11.11 11.66 12.06 12.39 12.38 11.81 11.94 
9.52 10.85 10.26 10.62 10.54 10.83 11.61 12.15 12.46 12.49 11.97 12.05 
9.66 11.11 10.47 10.69 10.38 10.64 11.62 12.22 12.44 12.42 11.92 12.06 
9.64 11.02 10.38 10.44 10.37 11.12 11.6 12.09 12.53 12.48 12.05 12.09 
9.69 10.96 10.5 10.44 10.42 10.74 11.35 12.0 12.3 12.47 11.98 12.04 
9.57 11.09 10.56 10.66 10.78 11.34 11.65 12.03 12.33 12.43 11.96 12.01 
9.45 11.35 10.57 10.72 10.48 10.76 11.56 12.13 12.35 12.4 12.02 12.02 
9.38 11.36 10.33 10.77 10.67 10.98 11.64 12.09 12.46 12.4 11.98 12.02 
9.51 11.22 10.48 10.55 10.52 10.84 11.5 12.26 12.43 12.45 11.97 11.98 
9.33 11.4 10.67 10.72 10.49 10.92 11.61 12.07 12.45 12.48 12.04 12.19 
10.14 11.59 11.14 11.03 11.08 11.14 12.08 12.62 13.01 13.05 12.82 12.83 
9.07 10.84 10.35 10.25 9.89 10.16 11.0 11.5 11.87 11.99 11.59 11.86 
9.72 11.09 10.81 11.07 11.21 11.43 11.46 11.88 12.36 12.38 11.91 12.02 
9.6 11.05 10.56 10.28 10.79 11.12 11.66 12.02 12.4 12.49 12.12 12.35 
9.55 11.15 10.27 10.41 10.78 11.02 11.58 12.13 12.45 12.49 12.06 12.03 
9.84 11.55 10.86 10.84 11.17 11.4 12.03 12.81 13.12 13.02 12.65 12.83 
9.64 10.84 10.42 10.43 10.35 10.89 11.7 12.31 12.51 12.44 11.85 11.92 
9.15 10.49 9.8 9.62 9.66 10.19 10.93 11.41 11.77 11.99 11.68 11.5 
9.74 10.98 10.33 10.27 10.28 10.54 11.67 12.07 12.37 12.43 12.26 12.29 
9.59 10.95 10.37 10.21 10.3 10.92 11.48 12.15 12.44 12.47 12.14 12.22 
9.73 10.94 10.19 10.3 10.53 11.01 11.85 12.04 12.39 12.4 11.93 11.98 
9.71 11.12 10.38 10.29 10.29 11.28 11.67 12.0 12.42 12.47 11.94 12.0 
9.84 11.87 10.48 10.94 10.85 11.75 12.37 12.68 13.16 13.04 12.54 12.54 
8.85 10.81 9.73 10.4 10.36 10.59 11.09 11.41 11.9 11.99 11.52 11.55 
9.44 11.16 10.05 10.79 10.65 11.23 11.66 12.03 12.4 12.48 12.0 11.99 
9.36 11.16 10.25 10.75 10.76 11.0 11.34 12.13 12.51 12.45 12.06 12.12 
9.98 11.63 10.81 10.78 10.89 11.78 12.24 12.51 13.13 12.95 12.45 12.5 
9.02 10.66 10.59 10.09 9.75 10.39 10.98 11.58 11.83 11.93 11.41 11.57 
9.73 11.02 10.67 10.19 10.14 10.78 11.41 12.03 12.39 12.44 11.92 12.16 
9.59 11.33 10.57 10.47 10.4 11.08 11.64 12.06 12.48 12.6 12.46 12.6 
9.66 11.28 10.29 10.65 10.76 10.96 11.45 12.09 12.47 12.58 12.28 12.12 
9.72 11.34 10.26 10.3 10.57 10.9 11.56 12.02 12.47 12.55 12.13 11.91 
9.69 11.06 10.18 10.29 10.64 11.13 11.69 12.16 12.49 12.44 12.06 11.57 
9.69 11.05 10.29 10.51 10.43 10.58 11.45 12.12 12.41 12.47 11.97 11.78 
9.78 11.18 10.18 10.23 10.3 10.67 11.5 12.12 12.33 12.34 12.11 11.87 
9.68 11.13 10.15 10.37 10.73 10.73 11.33 12.1 12.36 12.47 12.29 12.01 
9.76 10.92 10.05 10.29 10.46 11.48 11.78 11.92 12.43 12.37 12.0 11.64 
9.68 10.94 10.22 10.31 10.73 11.16 11.61 11.87 12.26 12.39 12.13 11.81 
9.74 11.21 9.94 10.07 10.78 10.63 11.28 12.08 12.31 12.34 12.09 11.98 
10.13 11.85 10.46 10.77 10.84 11.28 12.15 12.6 12.93 12.99 12.73 12.51 
9.72 11.21 9.94 10.26 10.57 10.71 11.44 12.14 12.32 12.41 12.02 11.57 
9.24 10.67 9.68 10.03 9.94 10.39 10.87 11.59 11.79 11.89 11.61 11.34 
9.85 10.96 10.67 10.38 10.66 10.81 11.57 11.82 12.29 12.33 11.96 11.55 
9.68 11.02 10.3 10.2 10.17 11.08 12.07 11.93 12.36 12.4 12.11 11.76 
10.18 11.4 10.96 10.56 10.92 11.56 12.07 12.63 12.89 12.95 12.48 12.16 
9.36 10.65 10.17 10.12 9.87 10.37 11.07 11.39 11.67 11.93 11.7 11.42 
9.65 11.17 10.38 10.59 10.63 10.83 11.47 12.06 12.4 12.57 12.48 12.28 
9.64 11.02 10.38 10.45 10.67 10.94 11.71 11.87 12.27 12.46 12.3 12.13 
9.69 11.18 10.24 10.56 10.46 10.58 11.38 12.03 12.32 12.43 12.3 12.14 
9.66 11.15 10.52 10.52 10.64 10.98 11.76 11.9 12.35 12.49 12.17 11.88 
9.77 11.06 10.31 10.76 11.21 11.27 11.38 11.85 12.23 12.36 11.94 11.59 
9.74 11.15 10.35 10.66 10.94 11.3 11.4 11.82 12.24 12.39 12.03 11.76 
9.8 11.17 9.98 10.2 10.35 10.73 11.3 11.8 12.21 12.35 11.87 11.38 
9.69 11.1 10.14 10.19 10.41 11.2 11.49 11.82 12.24 12.42 12.31 12.19 
9.72 11.3 10.12 10.79 10.62 10.9 11.51 11.85 12.37 12.46 12.15 11.88 
9.71 11.4 10.47 10.89 10.71 10.96 11.58 11.94 12.3 12.43 12.09 11.81 
9.75 11.2 10.7 10.55 10.3 10.56 11.34 11.94 12.29 12.43 12.33 12.05 
9.72 11.12 10.22 10.79 10.83 11.24 11.37 11.8 12.33 12.36 12.13 11.87 
9.38 11.37 10.76 10.56 10.52 10.86 11.5 11.89 12.35 12.41 12.35 12.35 
9.69 12.05 10.99 10.96 10.98 11.6 12.23 12.4 12.9 13.05 12.78 12.91 
9.16 10.63 9.84 9.85 10.23 10.72 11.23 11.45 11.83 11.91 11.52 11.16 
9.5 11.17 10.37 10.46 10.49 11.13 11.42 11.8 12.22 12.44 11.94 11.52 
9.56 11.24 10.51 10.17 10.12 11.05 11.31 11.69 12.05 12.28 11.97 11.99 
9.61 11.48 10.76 10.15 10.26 10.93 11.24 11.54 11.9 12.05 11.81 11.94 
9.65 11.18 10.37 10.18 10.04 10.87 11.27 11.82 12.18 12.25 11.78 12.1 
9.63 11.32 10.51 10.2 10.26 10.91 11.4 11.8 12.19 12.37 12.11 12.33 
9.75 11.25 10.72 10.32 9.92 11.04 11.33 11.87 12.12 12.36 12.15 12.48 
9.54 11.21 10.56 10.31 10.14 11.1 11.43 11.84 12.04 12.3 12.12 12.34 
9.62 11.17 10.79 10.25 10.2 10.96 11.37 11.96 12.19 12.37 12.0 12.34 
9.79 11.33 10.46 9.95 10.12 10.95 11.37 11.89 12.18 12.32 12.08 12.39 
10.1 11.75 11.17 10.58 10.56 11.51 11.85 12.28 12.68 12.95 12.79 13.14 
9.36 10.91 10.11 9.84 9.73 10.54 10.86 11.24 11.59 11.66 11.58 11.84 
10.23 11.8 10.82 10.65 10.4 11.52 11.69 12.42 12.8 12.92 12.54 12.8 
9.38 10.81 10.08 10.01 9.82 10.64 10.93 11.4 11.74 11.89 11.57 11.85 
9.63 11.34 10.72 10.35 10.38 11.02 11.28 11.81 12.06 12.33 12.14 12.49 
9.76 11.41 10.8 10.26 10.47 11.0 11.32 11.74 11.99 12.19 11.97 12.21 
9.58 11.4 10.43 10.32 10.32 10.94 11.41 11.96 12.24 12.34 11.83 12.12 
10.16 11.69 10.83 10.59 10.55 11.42 11.85 12.42 12.69 12.89 12.57 12.79 
9.72 11.49 10.44 10.26 10.02 11.2 11.39 11.8 12.04 12.25 12.2 12.58 
9.53 11.33 10.29 10.44 10.2 10.97 11.35 11.64 11.96 12.17 12.15 12.25 
9.65 11.19 10.27 10.24 9.91 10.94 11.27 11.78 12.16 12.46 12.58 12.6 
9.22 10.78 10.22 9.99 9.71 10.62 10.91 11.43 11.71 11.9 11.77 11.98 
10.12 11.94 11.05 10.43 10.63 11.4 11.66 12.33 12.59 12.93 12.89 13.24 
9.27 10.88 10.29 9.58 10.05 10.53 10.78 11.3 11.5 11.79 11.77 11.84 
9.98 11.7 10.83 10.77 10.73 11.26 11.75 12.38 12.68 13.05 13.19 13.25 
9.3 10.68 10.11 9.79 9.94 10.34 10.81 11.35 11.62 11.84 11.65 11.88 
9.74 11.21 10.45 10.62 10.11 11.0 11.43 11.81 12.07 12.31 12.22 12.58 
10.17 11.92 10.85 10.83 10.63 11.42 11.83 12.16 12.48 12.79 12.74 12.81 
9.61 11.3 10.29 10.33 9.93 10.99 11.21 11.68 12.19 12.45 12.51 12.5 
9.26 10.83 9.88 10.03 9.69 10.62 10.84 11.31 11.65 11.87 11.67 11.82 
9.64 11.24 10.63 10.39 10.22 10.98 11.37 11.83 12.09 12.36 12.23 12.58 
9.73 11.4 10.72 10.26 10.28 10.95 11.35 11.78 12.06 12.28 12.16 12.34 
9.59 11.65 10.68 10.39 10.07 10.88 11.32 11.92 12.27 12.6 12.31 12.08 
10.06 12.02 11.03 10.75 10.69 11.38 11.92 12.55 12.84 13.08 12.83 12.55 
9.33 10.75 10.08 9.72 9.97 10.94 11.4 11.4 11.71 11.92 11.71 11.57 
10.1 11.82 11.02 10.88 10.79 11.56 12.0 12.38 12.61 12.81 12.64 12.41 
9.32 10.56 9.79 9.86 9.8 10.88 11.1 11.47 11.71 11.82 11.6 11.37 
9.79 11.11 10.44 10.36 10.16 11.01 11.16 11.65 12.06 12.35 12.24 12.15 
9.71 11.06 10.4 10.47 10.82 10.99 11.09 12.09 12.4 12.34 12.08 11.9 
9.78 11.19 10.62 10.55 10.52 10.81 10.94 12.0 12.23 12.14 11.96 11.6 
9.81 11.06 10.54 10.12 9.88 10.76 10.93 11.73 12.04 12.25 12.13 11.86 
10.12 11.66 10.84 10.15 10.52 11.28 11.57 12.17 12.58 12.83 12.51 12.12 
9.71 11.02 10.47 10.25 10.5 11.36 11.63 11.88 12.26 12.35 12.15 11.72 
9.34 10.97 10.43 10.27 9.97 10.61 10.94 11.19 11.52 11.66 11.46 11.3 
9.73 11.2 10.38 10.28 10.2 11.3 11.4 11.84 12.18 12.28 11.91 11.58 
9.71 11.25 10.51 10.44 10.23 11.37 11.41 11.59 12.09 12.34 12.18 11.91 
9.71 11.14 10.59 10.45 10.65 11.52 11.81 11.64 12.2 12.23 11.85 11.46 
9.87 11.19 10.59 10.44 10.7 11.13 11.56 11.67 11.85 12.12 11.94 11.71 
10.04 11.76 10.88 10.56 10.33 11.51 11.65 12.23 12.71 12.85 12.37 12.03 
9.59 10.94 10.24 9.86 9.84 10.87 11.04 11.52 11.95 12.22 11.95 11.79 
9.89 11.36 11.02 10.29 10.13 11.32 11.54 12.13 12.42 12.82 12.82 12.8 
9.31 10.64 10.28 9.58 9.47 10.57 10.89 11.45 11.65 11.79 11.67 11.48 
9.71 11.11 10.75 10.11 9.95 10.94 11.48 12.04 12.25 12.35 12.25 11.96 
9.69 11.26 10.75 10.06 9.8 11.14 11.43 11.94 12.14 12.33 12.05 11.84 
9.74 11.02 10.81 10.04 9.91 10.96 11.36 12.18 12.34 12.34 12.17 11.92 
9.86 11.26 10.55 10.51 10.24 11.22 11.52 11.96 12.03 12.12 12.01 11.67 
9.69 11.33 10.4 10.08 9.84 10.87 11.31 11.97 12.07 12.25 11.78 11.29 
9.77 11.34 10.53 9.72 10.02 10.99 11.21 11.9 12.07 12.26 11.95 11.64 
10.26 11.81 11.39 10.61 10.65 11.74 11.9 12.37 12.61 12.82 12.48 12.15 
9.23 10.75 10.39 9.73 9.77 10.6 11.04 11.43 11.63 11.75 11.55 11.31 
9.74 11.16 10.7 10.71 10.52 11.2 11.5 12.06 12.23 12.29 11.93 11.57 
9.65 11.22 10.62 10.63 10.01 11.11 11.23 11.97 12.21 12.44 12.32 12.21 
10.07 11.67 11.06 10.8 10.2 11.27 12.35 12.84 12.73 12.78 12.4 12.28 
9.3 11.08 10.03 9.82 9.36 10.19 11.36 11.65 11.58 11.68 11.4 11.2 
10.13 11.76 10.66 10.49 10.31 11.12 12.36 12.52 12.77 12.82 12.27 11.91 
9.34 10.6 9.81 9.42 9.77 10.3 10.89 11.34 11.63 11.83 11.4 11.09 
9.09 11.03 10.25 9.71 9.77 10.41 11.07 11.64 12.04 12.31 12.05 11.85 
7.96 10.93 9.79 9.34 9.35 10.19 10.91 11.66 12.07 11.99 10.43 9.76 
8.49 11.17 10.13 9.45 9.66 10.46 11.1 11.86 12.21 12.07 10.33 9.72 
8.3 11.03 9.98 9.33 9.49 10.47 11.09 11.87 12.33 12.24 10.7 10.34 
8.6 11.47 10.36 9.58 9.79 10.54 11.23 11.97 12.37 12.39 11.72 11.67 
8.76 11.77 10.78 9.99 10.15 10.97 11.77 12.54 13.01 13.19 13.1 12.86 
9.57 11.27 10.28 9.66 9.84 10.54 11.16 11.78 12.28 12.64 12.76 12.92 
8.14 10.99 9.8 9.18 9.38 10.14 10.76 11.5 11.9 11.9 11.14 10.62 
8.37 11.07 10.02 9.21 9.35 10.4 10.97 11.88 12.25 12.14 10.44 9.76 
8.44 11.32 10.21 9.49 9.56 10.43 11.15 11.96 12.34 12.26 10.56 9.88 
8.72 11.5 10.33 9.57 9.68 10.55 11.19 11.93 12.32 12.19 10.52 9.87 
9.6 11.72 10.6 9.99 10.21 10.87 11.54 12.12 12.43 12.78 12.46 12.18 
10.14 12.25 11.0 10.04 10.34 11.05 11.66 12.23 12.68 13.22 13.2 12.94 
9.7 11.27 10.51 9.98 9.82 10.64 11.28 11.9 12.31 12.56 12.3 12.24 
9.45 10.79 10.16 9.5 9.49 10.09 10.82 11.4 11.75 11.97 11.68 11.91 
10.12 11.94 11.02 10.21 10.24 11.15 11.68 12.31 12.68 12.91 12.63 12.94 
9.26 10.97 10.15 9.39 9.45 10.17 10.69 11.33 11.66 11.82 11.54 12.01 
9.99 11.86 10.91 10.57 10.48 11.21 11.77 12.33 12.66 12.92 12.7 12.56 
9.2 10.97 10.06 9.19 9.38 10.21 10.79 11.38 11.69 11.98 11.78 11.64 
8.52 9.92 8.55 7.82 8.18 9.62 10.03 10.43 10.52 11.46 11.61 11.51 
