maxTimeSong 255.7
 ---beats--- 
0.05 0.49 0.93 1.36 1.79 2.23 2.66 3.1 3.53 3.97 4.4 4.84 5.27 5.71 6.14 6.58 7.01 7.45 7.88 8.32 8.75 9.19 9.62 10.05 10.49 10.93 11.36 11.79 12.23 12.67 13.1 13.53 13.97 14.4 14.84 15.27 15.71 16.14 16.58 17.01 17.45 17.88 18.32 18.75 19.19 19.62 20.05 20.49 20.93 21.36 21.79 22.23 22.66 23.1 23.53 23.97 24.4 24.84 25.27 25.71 26.14 26.59 27.01 27.45 27.88 28.32 28.75 29.19 29.62 30.06 30.49 30.93 31.36 31.8 32.23 32.66 33.1 33.53 33.97 34.41 34.84 35.27 35.71 36.14 36.58 37.01 37.45 37.88 38.32 38.75 39.19 39.61 40.06 40.5 40.93 41.36 41.8 42.23 42.67 43.1 43.54 43.97 44.41 44.84 45.27 45.71 46.15 46.58 47.01 47.45 47.88 48.32 48.75 49.18 49.62 50.06 50.49 50.93 51.36 51.79 52.23 52.66 53.1 53.54 53.97 54.41 54.84 55.27 55.71 56.14 56.58 57.01 57.45 57.88 58.32 58.75 59.19 59.62 60.05 60.49 60.92 61.36 61.79 62.23 62.66 63.1 63.53 63.97 64.4 64.84 65.27 65.71 66.14 66.58 67.01 67.45 67.88 68.32 68.75 69.19 69.62 70.06 70.48 70.93 71.36 71.79 72.23 72.66 73.1 73.53 73.97 74.4 74.84 75.27 75.71 76.14 76.58 77.01 77.45 77.88 78.32 78.75 79.19 79.62 80.06 80.48 80.93 81.36 81.8 82.23 82.67 83.12 83.57 83.99 84.41 84.84 85.28 85.71 86.14 86.58 87.01 87.45 87.88 88.32 88.75 89.19 89.62 90.06 90.49 90.93 91.36 91.8 92.23 92.66 93.1 93.53 93.97 94.4 94.84 95.27 95.71 96.14 96.58 97.01 97.45 97.88 98.32 98.76 99.19 99.62 100.06 100.49 100.93 101.36 101.8 102.23 102.67 103.1 103.54 103.97 104.41 104.84 105.27 105.71 106.14 106.58 107.02 107.45 107.88 108.32 108.75 109.19 109.62 110.06 110.49 110.93 111.36 111.8 112.23 112.67 113.1 113.53 113.97 114.4 114.84 115.27 115.71 116.14 116.58 117.01 117.45 117.88 118.32 118.75 119.19 119.62 120.06 120.49 120.93 121.36 121.8 122.23 122.67 123.1 123.54 123.97 124.41 124.84 125.28 125.71 126.15 126.58 127.02 127.45 127.88 128.32 128.75 129.19 129.62 130.06 130.49 130.93 131.36 131.8 132.22 132.66 133.1 133.54 133.97 134.4 134.84 135.27 135.71 136.14 136.58 137.01 137.45 137.88 138.32 138.75 139.19 139.62 140.06 140.49 140.94 141.38 141.79 142.24 142.67 143.11 143.53 143.9 144.41 144.86 145.3 145.71 146.13 146.59 147.01 147.38 147.81 148.28 148.75 149.2 149.62 150.05 150.49 150.94 151.37 151.8 152.22 152.66 153.1 153.55 153.97 154.4 154.82 155.24 155.67 156.15 156.58 157.01 157.45 157.89 158.32 158.76 159.2 159.62 160.06 160.49 160.93 161.36 161.8 162.22 162.71 163.1 163.53 163.97 164.41 164.84 165.28 165.71 166.15 166.58 167.01 167.45 167.88 168.32 168.75 169.2 169.63 170.06 170.52 170.93 171.36 171.8 172.23 172.67 173.1 173.54 173.97 174.41 174.84 175.27 175.71 176.17 176.59 177.02 177.45 177.89 178.32 178.76 179.19 179.63 180.06 180.49 180.92 181.36 181.8 182.23 182.67 183.1 183.47 183.97 184.41 184.84 185.27 185.71 186.15 186.58 187.02 187.45 187.89 188.32 188.75 189.19 189.62 190.06 190.49 190.93 191.36 191.79 192.23 192.67 193.1 193.53 193.97 194.41 194.84 195.27 195.71 196.14 196.58 197.01 197.45 197.88 198.32 198.76 199.2 199.62 200.06 200.49 200.93 201.36 201.8 202.23 202.67 203.1 203.54 203.97 204.41 204.84 205.28 205.71 206.14 206.58 207.01 207.44 207.88 208.32 208.75 209.19 209.62 210.06 210.49 210.93 211.36 211.8 212.23 212.67 213.11 213.54 213.97 214.4 214.84 215.27 215.71 216.14 216.58 217.01 217.45 217.88 218.32 218.75 219.19 219.62 220.06 220.49 220.93 221.36 221.8 222.23 222.67 223.1 223.54 223.97 224.4 224.84 225.28 225.71 226.15 226.59 227.02 227.45 227.88 228.32 228.75 229.19 229.62 230.06 230.49 230.93 231.36 231.79 232.23 232.66 233.1 233.53 233.97 234.41 234.84 235.27 235.71 236.14 236.58 237.01 237.45 237.88 238.32 238.75 239.19 239.62 240.06 240.49 240.93 241.37 241.8 242.23 242.66 243.1 243.53 243.97 244.4 244.84 245.27 245.71 246.14 246.58 247.01 247.45 247.88 248.32 248.75 249.19 249.62 250.06 250.49 250.93 251.36 251.79 252.23 252.66 253.1 253.53 254.01 254.45 254.95 255.39 
 ---spectro--- 
589 12
7.43 7.4 7.17 6.79 6.86 6.87 7.26 7.16 7.54 7.65 7.93 8.16 
10.19 10.57 10.03 10.15 11.03 10.39 10.76 10.43 10.56 10.85 11.17 11.32 
10.05 10.91 10.05 10.49 11.48 10.69 11.07 10.67 10.49 10.65 10.7 10.91 
10.13 10.77 9.95 10.51 11.26 10.7 10.9 10.53 10.43 10.46 10.51 10.76 
10.23 10.53 9.65 9.86 10.69 10.21 10.26 10.11 9.85 9.88 9.99 10.35 
10.15 10.4 9.46 9.55 10.43 9.96 10.06 9.86 9.52 9.55 9.63 9.99 
9.54 9.53 8.6 9.37 10.42 9.81 10.07 9.63 9.31 9.4 9.47 9.77 
10.19 10.69 9.31 9.6 10.42 9.97 10.63 10.39 9.93 9.84 9.93 10.27 
10.38 10.11 8.86 9.26 10.38 9.69 10.18 9.59 9.29 9.48 9.59 10.04 
10.29 10.57 9.69 9.7 10.29 9.68 10.11 9.75 9.38 9.43 9.66 10.16 
10.08 9.71 8.69 9.14 10.39 9.69 10.21 9.35 9.06 9.16 9.3 9.72 
9.18 8.65 7.8 8.6 9.61 8.81 9.3 8.37 8.14 8.25 8.41 8.85 
10.34 10.55 9.58 9.48 10.1 9.66 10.11 9.92 9.56 9.66 10.0 10.44 
10.31 10.34 9.77 9.64 9.82 9.72 10.18 10.09 9.82 9.83 10.13 10.63 
9.81 9.63 8.65 8.87 9.64 9.09 9.59 9.12 8.87 8.86 9.12 9.57 
10.08 10.2 9.71 9.97 9.81 10.06 10.67 10.88 10.34 10.21 10.44 10.78 
10.25 10.74 9.65 9.34 9.76 9.49 10.06 10.5 11.03 11.62 12.0 12.18 
10.32 10.55 9.31 9.27 9.55 9.19 9.8 9.83 10.27 10.76 11.19 11.35 
9.6 8.96 8.21 8.47 9.38 8.53 8.99 8.52 8.77 9.2 9.52 9.81 
9.55 8.61 7.89 8.38 9.16 8.59 8.86 8.32 8.3 8.5 8.66 9.16 
10.52 11.0 9.66 9.54 9.31 9.22 9.7 9.8 9.47 9.59 9.88 10.38 
10.38 10.51 9.57 9.12 9.11 9.03 9.47 9.57 9.21 9.43 9.7 10.24 
9.91 8.89 8.07 8.34 8.97 8.44 9.0 8.56 8.38 8.52 8.76 9.36 
10.16 10.46 9.38 9.12 9.01 9.5 10.32 10.5 9.89 9.76 9.89 10.32 
9.86 10.21 9.44 9.05 8.67 8.91 9.37 9.54 9.22 9.35 9.58 10.05 
10.1 10.23 9.7 9.79 8.87 9.4 9.93 10.16 9.91 9.92 10.22 10.7 
9.63 8.81 8.15 7.95 7.69 7.93 8.3 8.39 8.25 8.38 8.64 9.17 
9.64 8.36 7.64 7.22 7.49 7.49 7.73 7.73 7.77 8.02 8.32 8.99 
10.36 10.35 9.76 9.84 9.1 9.71 10.2 10.46 10.08 10.16 10.43 10.93 
10.3 10.21 9.43 9.46 8.75 9.56 10.01 10.33 9.92 9.98 10.28 10.79 
10.23 10.53 8.88 8.6 8.32 9.06 9.7 9.83 9.48 9.52 9.36 9.47 
10.15 10.79 9.68 9.45 9.45 10.13 10.65 10.71 10.11 9.91 10.19 10.56 
10.08 10.25 9.51 9.6 9.2 10.19 10.42 10.57 10.99 11.4 11.79 12.0 
10.01 10.76 9.67 9.84 9.82 10.48 10.85 10.87 10.69 10.72 11.1 11.48 
9.42 9.5 8.81 9.24 9.37 9.98 10.3 9.84 10.01 10.6 11.27 11.89 
9.48 8.69 8.15 8.46 8.61 9.5 10.25 10.11 9.87 10.38 10.74 11.28 
10.28 11.03 9.74 9.73 9.61 10.42 10.63 10.52 10.41 10.57 11.02 11.57 
10.29 10.84 9.83 10.04 10.09 10.49 11.01 10.89 10.7 10.89 11.23 11.76 
10.21 10.61 9.87 9.92 9.91 10.36 11.07 10.54 10.91 11.07 11.46 12.16 
10.3 10.63 9.65 9.45 9.15 9.78 10.67 10.8 10.99 11.68 11.71 12.34 
9.78 10.09 9.01 8.91 8.54 9.23 9.71 9.87 9.84 10.21 10.37 10.89 
10.29 10.04 9.53 9.28 8.87 9.82 10.42 10.71 10.36 10.35 10.71 11.28 
9.58 8.96 8.49 8.21 7.58 8.53 9.16 9.32 9.5 9.92 10.37 11.11 
9.5 8.45 8.08 7.83 7.64 8.91 10.02 10.16 9.72 9.93 10.47 11.22 
10.87 10.93 10.1 10.22 9.32 10.17 10.81 10.93 10.75 10.86 11.37 12.03 
9.74 9.8 9.08 9.11 8.35 9.26 10.01 10.25 9.82 9.83 10.23 10.83 
9.75 9.18 8.65 8.45 7.97 8.48 9.25 9.5 9.43 9.76 10.37 11.14 
10.17 10.44 9.71 9.51 9.11 9.97 10.67 10.93 10.5 10.46 10.9 11.46 
10.14 10.56 9.71 9.73 9.44 10.12 10.46 10.71 11.17 11.61 11.98 12.18 
10.27 10.73 9.89 10.13 9.99 10.53 10.82 10.83 10.82 10.85 11.25 11.59 
9.59 9.71 9.02 9.39 9.73 10.31 10.39 9.86 10.03 10.5 11.17 11.84 
9.43 8.74 8.38 8.53 8.94 9.61 10.31 10.21 10.03 10.84 11.02 11.45 
10.34 10.81 9.84 9.7 9.78 10.3 10.64 10.4 10.34 10.52 10.91 11.51 
10.37 10.7 9.77 9.68 9.79 10.45 10.9 10.85 10.58 10.76 11.17 11.75 
9.76 9.95 9.35 9.36 9.1 9.67 10.35 9.81 10.04 10.21 10.73 11.51 
10.18 10.57 9.44 9.38 9.01 9.71 10.67 10.83 10.86 11.69 11.73 12.29 
10.32 10.37 9.58 9.27 8.96 9.63 10.19 10.31 10.26 10.69 10.84 11.43 
10.15 10.42 9.4 9.55 9.03 9.77 10.55 10.79 10.44 10.47 10.76 11.33 
9.62 9.03 8.39 8.08 7.57 8.48 9.21 9.31 9.49 9.97 10.4 11.14 
9.51 8.5 8.08 7.9 7.75 9.04 10.09 10.24 9.8 9.99 10.54 11.26 
10.39 10.71 9.57 9.71 8.9 9.82 10.33 10.49 10.32 10.46 10.97 11.57 
10.36 10.49 9.68 9.78 9.06 9.98 10.68 10.91 10.59 10.64 11.04 11.55 
10.18 11.49 10.81 10.28 9.83 10.09 10.7 11.03 10.88 11.11 11.61 12.05 
9.7 10.82 9.63 9.7 9.58 10.36 10.92 11.23 11.23 11.5 11.97 12.31 
10.23 10.93 10.46 10.33 10.25 11.22 11.44 11.45 11.55 11.86 12.07 12.34 
10.01 11.19 10.41 10.4 10.52 11.21 11.47 11.44 11.48 11.59 11.85 12.17 
9.78 10.74 9.7 9.69 9.89 10.67 10.93 10.62 10.42 10.6 11.08 11.47 
9.67 10.93 9.55 9.61 9.67 10.48 10.98 10.86 10.79 11.27 11.83 12.4 
10.13 10.74 9.75 9.71 9.69 10.43 10.55 10.44 10.46 10.73 11.22 11.88 
9.98 10.79 9.97 9.97 10.1 10.55 10.91 11.02 10.97 11.51 11.87 12.4 
9.9 10.52 9.68 9.64 9.7 10.13 10.79 10.43 10.37 10.43 10.73 11.19 
10.09 11.44 10.59 10.45 10.42 10.83 11.17 11.0 11.26 11.86 12.05 12.63 
10.24 10.6 9.56 9.44 9.16 9.77 10.15 10.5 10.48 10.93 11.3 11.83 
10.12 10.32 9.78 9.64 9.29 10.09 10.6 10.81 10.85 11.14 11.6 12.06 
10.36 10.63 9.59 9.27 8.91 9.93 10.39 10.3 10.02 10.27 9.97 10.01 
9.84 10.86 9.68 9.52 9.62 10.48 10.92 10.84 10.75 11.22 11.83 12.41 
9.85 9.8 8.95 9.05 8.2 9.14 9.53 9.89 9.89 10.19 10.72 11.36 
10.14 10.55 9.69 9.79 9.23 10.08 10.57 10.89 10.85 11.15 11.59 12.08 
10.03 10.91 9.69 9.3 8.81 9.52 10.14 10.3 9.67 9.43 9.28 9.31 
10.27 11.58 10.83 10.6 10.63 11.09 11.73 12.17 11.95 11.92 12.24 12.79 
9.93 11.02 10.65 10.38 10.4 11.13 11.47 11.76 11.59 11.55 11.68 12.05 
10.02 11.26 10.46 10.51 10.61 11.13 11.4 11.49 11.44 11.52 11.79 12.14 
9.3 10.35 9.36 9.39 9.54 10.18 10.54 10.57 10.24 10.24 10.51 10.85 
9.66 10.86 9.81 9.7 9.81 10.53 11.04 10.92 10.82 11.33 11.86 12.43 
10.12 10.7 10.0 9.87 9.57 10.57 10.82 10.55 10.57 10.75 11.25 11.89 
10.14 10.41 9.98 9.91 9.63 10.52 10.81 10.99 10.95 11.4 11.84 12.4 
10.34 11.09 10.14 10.28 9.99 10.56 11.3 10.91 10.85 10.83 11.18 11.77 
10.1 11.35 10.56 10.41 10.44 10.75 11.07 10.85 11.17 11.72 11.94 12.57 
9.8 9.92 9.18 8.82 8.65 9.21 9.76 9.98 9.95 10.38 10.73 11.27 
10.12 10.56 9.43 9.52 9.25 9.99 10.54 10.77 10.8 11.1 11.56 12.02 
9.87 10.25 8.99 8.8 8.67 9.46 9.91 9.94 9.58 9.74 9.44 9.54 
9.71 10.96 9.56 9.39 9.44 10.33 10.82 10.79 10.73 11.19 11.79 12.37 
9.88 10.78 10.34 10.15 9.98 11.01 11.24 11.51 11.42 11.59 11.79 12.18 
9.96 11.06 10.33 10.49 10.48 10.8 11.27 11.43 11.43 11.57 11.88 12.18 
9.53 10.67 10.35 10.32 10.09 10.74 11.04 11.09 11.12 11.32 11.56 11.99 
9.65 10.7 10.39 10.2 9.74 10.47 10.93 11.1 11.12 11.35 11.59 11.99 
10.07 10.95 10.42 10.17 10.35 11.31 11.4 11.5 11.54 11.87 12.08 12.37 
9.93 10.99 10.44 10.39 10.66 11.16 11.46 11.47 11.48 11.72 12.02 12.34 
9.77 10.75 9.76 10.05 10.09 10.76 11.24 10.87 10.67 10.94 11.34 11.74 
9.68 10.8 9.79 9.6 9.8 10.6 11.1 11.03 10.91 11.58 11.98 12.51 
10.05 10.11 9.68 9.71 9.21 10.33 10.66 10.68 10.54 11.05 11.57 12.11 
10.04 10.38 9.91 9.86 9.46 10.27 10.85 11.04 10.98 11.5 11.95 12.35 
10.19 11.57 10.48 10.05 9.5 10.7 11.24 11.2 11.0 10.92 10.91 11.01 
10.11 11.45 10.49 10.2 9.87 10.81 11.17 11.06 11.1 11.35 11.8 12.24 
10.0 10.38 9.68 9.04 9.02 9.96 10.43 10.5 10.29 10.84 11.32 11.77 
9.96 10.53 9.74 9.67 9.42 10.3 10.91 11.07 11.0 11.48 11.94 12.32 
9.88 10.62 9.56 9.27 9.18 9.97 10.74 10.61 10.25 10.57 10.82 11.05 
9.69 10.81 9.69 9.59 9.59 10.47 11.12 11.06 10.88 11.46 11.97 12.46 
10.17 10.71 9.79 9.69 9.58 10.66 11.16 10.78 10.55 11.18 11.48 12.04 
10.26 10.65 9.84 10.05 10.05 10.54 10.81 11.03 11.04 11.51 11.86 12.22 
10.09 11.01 9.78 9.59 9.57 10.32 11.08 10.67 10.26 10.87 10.73 10.82 
9.87 11.06 10.15 10.11 10.24 10.8 11.21 11.58 11.38 11.45 11.75 12.22 
10.05 10.77 10.21 10.51 10.32 11.16 11.46 11.75 11.55 11.6 11.82 12.19 
9.79 10.95 10.46 10.65 10.69 11.22 11.5 11.57 11.53 11.7 12.04 12.34 
9.72 10.69 9.75 9.96 10.32 10.91 11.27 11.26 11.06 11.04 11.31 11.65 
9.6 10.98 9.72 9.79 9.95 10.64 11.16 11.25 11.2 11.72 12.07 12.59 
9.97 10.33 9.61 9.7 9.17 10.45 10.78 10.79 10.59 11.08 11.59 12.14 
10.16 10.69 9.97 9.6 9.5 10.38 10.94 11.08 11.01 11.57 11.99 12.38 
10.22 11.65 10.46 10.05 9.59 10.73 11.27 11.21 11.06 10.95 10.95 11.05 
10.23 11.47 10.4 10.24 9.87 10.81 11.19 11.17 11.24 11.42 11.84 12.29 
10.03 10.03 9.57 9.45 9.0 10.05 10.45 10.52 10.33 10.84 11.32 11.77 
10.1 10.31 9.65 9.57 9.43 10.27 10.77 10.96 10.85 11.41 11.9 12.27 
9.74 10.62 9.55 9.34 9.21 9.91 10.66 10.67 10.32 10.6 10.84 11.12 
9.64 10.99 9.8 9.67 9.73 10.4 11.08 11.09 11.02 11.45 11.91 12.39 
10.16 10.48 9.67 9.71 9.52 10.62 11.05 10.72 10.44 11.1 11.39 11.95 
9.92 10.61 9.78 10.17 9.96 10.54 10.85 11.14 11.32 11.78 12.14 12.38 
10.0 11.52 10.64 10.28 9.65 10.85 11.23 11.28 11.41 11.48 11.66 11.77 
10.19 11.72 10.94 10.61 10.36 11.24 11.59 11.64 11.83 12.09 12.27 12.62 
9.62 10.35 9.5 9.41 8.93 9.52 10.07 10.47 10.76 11.16 11.47 11.61 
10.13 10.63 9.96 9.74 9.33 9.96 10.43 10.48 10.56 10.85 11.16 11.26 
9.84 10.67 9.78 10.17 9.87 10.04 10.54 10.67 10.58 10.28 10.54 10.61 
9.97 11.03 9.93 10.19 9.87 10.57 10.45 10.11 9.8 9.4 9.8 9.72 
10.2 10.45 9.91 9.9 9.75 10.21 10.4 10.23 10.06 10.23 10.37 10.35 
10.31 10.3 9.59 9.46 9.08 9.69 10.09 9.92 9.78 9.85 9.68 9.67 
9.78 10.23 9.71 9.26 9.05 9.44 10.04 10.55 10.4 10.0 10.11 10.32 
10.09 10.96 10.13 9.89 9.74 10.2 10.44 10.39 10.31 9.98 10.1 10.42 
10.14 10.31 9.96 9.8 9.67 10.74 10.81 10.16 10.2 9.74 10.01 10.29 
10.19 10.58 9.82 9.56 9.22 10.08 10.38 10.23 10.07 9.56 9.72 9.85 
9.92 10.32 9.28 9.01 8.8 9.66 10.01 9.81 9.35 8.91 8.84 8.78 
9.96 10.64 9.31 9.01 9.21 9.87 10.14 9.71 9.25 8.87 8.61 8.59 
10.19 10.46 9.34 9.39 8.96 9.52 9.59 9.9 9.43 9.06 8.52 8.27 
10.24 10.57 9.5 9.39 8.96 9.64 9.63 10.03 9.64 9.26 8.68 8.38 
10.02 10.99 9.65 9.36 8.81 9.48 10.06 10.18 9.45 9.06 8.69 8.52 
10.19 11.04 9.83 9.63 9.43 10.05 10.18 10.15 9.74 9.32 9.29 9.17 
10.16 10.34 9.55 9.45 9.14 9.85 10.05 10.79 11.15 11.81 12.15 12.45 
10.23 10.4 9.96 10.15 9.95 10.3 10.62 10.85 10.93 11.01 11.45 11.84 
9.83 10.65 9.74 10.1 9.69 10.01 10.43 10.55 10.56 10.13 10.4 10.51 
9.81 10.78 9.91 10.16 10.11 10.75 10.91 10.76 10.55 10.77 11.41 11.96 
10.59 11.05 10.5 10.75 10.13 10.48 10.94 10.99 11.0 11.47 12.21 12.83 
9.67 9.84 9.17 9.29 9.19 9.63 10.13 10.3 10.09 10.37 10.83 11.28 
9.81 10.3 9.31 9.73 9.63 9.71 10.42 10.18 10.33 10.6 10.99 11.44 
10.53 11.62 10.67 10.92 10.7 11.03 11.63 11.48 11.12 11.31 11.91 12.51 
9.67 10.21 9.39 9.39 9.13 9.52 10.08 9.93 9.99 10.1 10.57 11.1 
10.1 10.56 9.74 9.71 9.74 10.34 10.95 10.83 10.91 11.44 11.65 12.34 
10.41 11.45 10.3 10.14 10.33 11.19 11.47 10.67 10.64 10.7 10.62 11.14 
9.4 10.24 9.05 8.86 9.07 9.96 10.39 10.26 10.11 10.43 11.06 11.68 
10.17 10.09 9.53 9.29 8.82 9.91 10.08 10.21 10.28 10.66 11.13 11.77 
10.77 10.84 9.91 9.6 9.4 10.33 11.08 11.11 10.94 11.16 11.59 12.05 
9.33 10.39 9.04 8.9 8.52 9.13 9.74 9.76 9.56 9.72 9.72 9.81 
9.78 11.35 10.23 10.23 10.44 10.79 11.12 11.27 11.34 11.88 12.14 12.55 
9.94 10.89 10.45 10.22 9.81 10.46 10.97 11.23 11.42 11.76 12.08 12.29 
9.66 11.15 10.46 10.34 10.2 10.85 11.1 11.27 11.35 11.69 12.03 12.33 
9.79 10.96 10.09 10.48 10.08 10.31 10.75 10.89 10.8 11.06 11.51 11.71 
10.2 11.66 10.72 10.99 10.87 11.39 11.6 11.45 11.37 11.94 12.48 12.98 
9.67 9.96 9.61 9.88 9.5 10.03 10.04 9.91 10.06 10.56 11.11 11.67 
10.6 11.06 10.63 10.64 10.35 10.94 11.18 11.28 11.49 12.02 12.48 12.89 
9.28 10.14 9.63 9.61 9.03 9.57 9.97 10.2 10.22 10.36 10.73 11.09 
10.07 11.28 10.4 10.24 10.1 10.67 11.08 10.99 11.09 11.5 12.01 12.5 
10.68 11.3 10.47 10.43 10.47 11.55 11.56 11.03 11.2 11.49 12.13 12.63 
9.62 9.96 9.74 9.65 9.41 10.04 10.29 10.25 10.36 10.86 11.34 11.7 
9.71 10.57 9.73 9.89 9.35 10.07 10.37 10.22 9.98 10.34 10.72 10.93 
10.1 11.51 10.39 10.41 10.38 11.1 11.4 11.34 11.26 11.92 12.46 12.99 
9.67 9.84 9.11 9.22 8.66 9.49 9.61 9.78 9.87 10.44 11.01 11.55 
9.88 10.83 9.93 10.09 9.86 10.31 10.66 10.8 10.86 11.45 11.91 12.3 
10.3 11.65 10.47 10.44 10.03 10.5 10.84 10.88 10.42 10.88 11.12 11.33 
9.48 10.73 9.66 9.77 9.48 10.02 10.33 10.32 10.5 10.91 11.46 11.92 
10.17 10.53 9.54 9.58 9.04 9.68 10.14 10.69 10.78 11.72 12.1 12.51 
10.52 11.19 10.47 10.93 10.52 10.91 11.32 11.43 11.6 11.93 12.43 12.81 
9.18 10.39 9.47 9.86 9.41 9.68 10.05 10.29 10.28 10.26 10.74 10.93 
9.63 11.13 10.21 10.46 10.33 10.8 11.01 11.01 10.99 11.39 11.87 12.37 
10.62 11.06 10.53 10.85 10.3 10.7 11.2 11.08 10.9 11.55 12.25 12.89 
9.58 9.99 9.6 9.72 9.35 9.79 10.17 10.29 10.35 10.89 11.36 11.74 
9.67 10.68 9.87 10.07 10.01 10.09 10.68 10.47 10.62 11.06 11.61 12.17 
9.96 11.35 10.36 10.53 10.25 10.57 11.03 11.1 11.1 11.43 11.93 12.4 
10.09 10.82 9.93 10.07 9.94 10.1 10.57 10.64 10.66 11.02 11.56 12.02 
10.0 10.8 9.9 10.16 10.11 10.56 10.95 10.94 11.06 11.83 12.18 12.69 
10.22 11.5 10.76 10.76 10.71 11.52 11.65 11.15 11.19 11.44 11.81 12.2 
9.27 10.62 9.74 9.55 9.6 10.3 10.56 10.67 10.68 11.1 11.58 11.98 
10.07 10.85 10.01 9.82 9.87 10.84 11.39 10.55 10.52 11.29 11.39 11.86 
10.09 10.92 10.23 10.63 10.29 10.58 10.5 10.71 10.97 11.38 11.72 12.06 
9.87 10.86 9.9 9.98 9.85 10.42 10.8 11.0 11.28 11.77 12.04 12.15 
9.25 11.59 10.11 10.21 10.22 10.81 11.19 11.28 11.41 11.83 12.1 12.24 
7.21 9.18 8.58 8.68 8.65 9.88 9.61 10.69 10.87 10.71 10.62 11.44 
7.98 10.12 10.11 10.68 10.16 10.99 10.74 11.16 12.0 11.92 11.77 12.58 
8.06 10.07 10.23 9.6 9.61 10.13 10.14 10.75 11.66 11.84 11.83 12.52 
5.07 5.76 5.4 5.52 6.08 7.55 9.16 10.46 11.36 11.51 11.36 12.03 
10.69 11.46 11.01 10.74 10.85 11.65 11.8 11.98 12.19 12.48 12.77 13.05 
10.35 11.53 10.71 10.63 10.84 11.32 11.76 11.76 11.73 11.97 12.27 12.53 
10.16 10.99 10.08 10.08 10.1 10.76 11.18 11.0 10.8 11.25 11.62 11.92 
9.78 11.15 9.9 9.79 9.94 10.74 11.26 11.19 10.92 11.57 11.9 12.12 
10.2 10.89 9.78 9.87 9.72 10.44 10.88 10.6 10.43 10.98 11.41 11.7 
10.12 10.77 9.97 10.17 10.1 10.68 11.17 11.09 11.06 11.66 11.93 12.18 
10.2 11.59 10.43 10.14 9.58 10.82 11.31 11.25 11.08 11.15 11.44 11.89 
10.27 11.51 10.38 10.21 9.86 10.8 11.16 11.07 11.25 11.74 11.99 12.41 
10.13 10.29 10.17 10.2 9.58 10.54 10.8 11.12 11.18 11.53 11.81 12.11 
10.05 10.53 10.15 10.09 10.05 10.89 11.27 11.45 11.48 11.78 12.04 12.28 
9.8 11.04 10.3 10.07 10.52 10.79 11.44 11.45 11.4 11.6 11.82 12.12 
9.63 10.89 9.89 9.66 9.8 10.52 11.18 11.04 10.83 11.38 11.71 11.9 
10.19 10.81 9.86 9.72 9.58 10.45 11.16 10.68 10.35 11.04 10.97 11.14 
10.03 10.84 9.71 10.21 10.01 10.46 10.95 11.08 11.06 11.49 11.78 11.95 
10.1 11.23 9.86 9.69 9.68 10.38 11.16 10.72 10.36 10.94 10.79 10.91 
9.99 11.05 9.87 10.1 10.28 10.84 10.93 11.04 10.93 11.37 11.66 11.86 
10.08 10.78 10.46 10.06 10.24 11.02 11.27 11.32 11.56 11.85 12.09 12.29 
9.99 10.97 10.52 10.44 10.55 11.04 11.4 11.48 11.47 11.72 11.99 12.23 
9.7 10.79 9.81 9.85 10.03 10.66 11.11 10.87 10.72 10.98 11.36 11.69 
9.62 10.84 9.63 9.74 9.78 10.59 11.15 11.17 11.02 11.56 11.83 12.07 
10.14 10.75 9.76 9.78 9.64 10.31 10.79 10.48 10.31 10.82 11.26 11.55 
9.89 10.51 10.0 10.09 9.78 10.64 11.11 11.12 11.0 11.58 11.92 12.2 
10.21 11.61 10.46 10.11 9.75 10.77 11.31 11.19 11.11 11.08 11.44 11.96 
10.15 11.49 10.37 10.14 9.82 10.74 11.17 11.11 11.28 11.79 12.0 12.45 
9.88 10.3 9.95 10.12 9.57 10.54 10.93 11.18 11.23 11.52 11.84 12.09 
10.04 10.8 10.25 10.26 10.2 10.88 11.32 11.49 11.54 11.85 12.1 12.3 
9.82 11.0 10.38 10.08 10.5 10.83 11.52 11.61 11.46 11.65 11.87 12.18 
9.71 10.86 9.96 9.84 9.85 10.61 11.19 11.14 11.02 11.45 11.75 11.98 
10.06 10.98 10.68 10.1 10.01 10.79 11.36 11.14 11.06 11.56 11.67 11.82 
10.09 10.89 10.06 10.09 10.43 10.91 11.1 11.39 11.53 11.82 12.02 12.22 
10.05 11.59 10.58 10.27 9.74 10.82 11.25 11.33 11.3 11.36 11.47 11.56 
9.68 11.55 10.75 10.63 10.48 11.05 11.42 11.55 11.59 11.89 12.11 12.27 
9.95 10.8 10.0 10.01 10.08 11.12 11.23 11.38 11.47 11.8 12.03 12.32 
9.81 11.15 10.26 10.31 10.51 11.18 11.55 11.51 11.48 11.72 12.05 12.38 
9.67 10.86 9.74 9.79 9.98 10.74 11.12 10.88 10.7 11.04 11.45 11.78 
9.5 10.88 9.74 9.71 9.74 10.56 11.12 11.04 10.86 11.51 11.95 12.47 
9.99 10.63 9.78 9.67 9.78 10.6 10.88 10.71 10.58 11.03 11.57 12.11 
10.02 10.81 9.98 10.29 10.06 10.7 11.15 11.11 11.06 11.67 12.05 12.51 
10.23 11.59 10.53 10.2 9.77 10.84 11.35 11.22 11.1 11.14 11.47 11.93 
10.26 11.43 10.5 10.11 9.83 10.74 11.2 11.09 11.24 11.8 12.05 12.59 
10.01 10.15 10.12 10.18 9.87 10.51 10.84 11.13 11.23 11.54 11.85 12.19 
10.07 10.66 10.3 10.11 9.97 10.94 11.25 11.46 11.5 11.79 12.09 12.41 
9.81 11.04 10.22 10.08 10.63 10.8 11.39 11.51 11.44 11.61 11.87 12.14 
9.65 10.73 9.82 9.69 9.76 10.6 11.14 11.05 10.89 11.41 11.91 12.39 
10.09 10.8 9.74 9.7 9.57 10.58 11.14 10.78 10.5 11.16 11.42 11.97 
9.94 10.72 9.74 10.11 10.0 10.49 10.9 11.05 11.05 11.5 11.89 12.24 
10.13 11.25 9.75 9.66 9.59 10.39 11.15 10.73 10.36 10.93 10.8 10.91 
10.01 10.95 9.98 10.1 10.28 10.79 11.02 11.04 11.03 11.43 11.84 12.32 
9.95 10.85 10.03 10.14 10.22 11.2 11.34 11.42 11.59 11.87 12.1 12.37 
9.95 11.21 10.3 10.45 10.71 11.19 11.47 11.56 11.53 11.78 12.09 12.4 
9.66 10.93 9.77 9.96 10.17 10.71 11.11 10.93 10.74 11.04 11.42 11.76 
9.61 10.88 9.7 9.74 9.8 10.51 11.13 11.16 11.07 11.55 11.96 12.45 
10.11 10.65 9.93 9.61 9.66 10.67 10.95 10.61 10.56 10.98 11.54 12.09 
10.08 10.4 9.94 10.12 9.71 10.77 11.05 11.11 11.04 11.59 12.03 12.51 
10.19 11.58 10.5 10.17 9.64 10.77 11.35 11.21 11.07 11.06 11.43 11.93 
10.2 11.4 10.36 10.06 9.79 10.75 11.21 11.21 11.32 11.74 12.0 12.54 
9.95 10.19 10.15 10.09 9.7 10.6 10.88 11.13 11.24 11.54 11.85 12.22 
9.88 10.72 10.3 10.14 10.07 10.94 11.33 11.51 11.56 11.85 12.12 12.45 
9.82 11.05 10.32 10.07 10.61 10.84 11.48 11.58 11.49 11.67 11.88 12.19 
9.38 10.89 9.84 9.74 9.92 10.51 11.13 11.14 11.08 11.48 11.92 12.39 
10.01 10.98 10.28 10.12 9.94 10.86 11.37 11.26 11.12 11.56 11.77 12.16 
10.15 10.75 10.06 10.04 10.17 10.74 10.98 11.19 11.24 11.54 11.83 12.11 
10.37 11.78 10.82 10.52 10.15 11.25 11.63 11.64 11.6 11.65 11.78 12.03 
9.63 11.15 10.46 10.17 9.63 10.76 11.05 11.08 11.28 11.4 11.64 11.77 
10.06 10.71 10.31 10.07 10.16 11.14 11.17 11.43 11.55 11.83 12.06 12.33 
9.88 11.11 10.45 10.42 10.76 11.16 11.34 11.45 11.46 11.74 12.04 12.35 
9.74 10.86 9.79 9.95 10.14 10.8 11.22 10.9 10.73 10.97 11.37 11.76 
9.57 10.81 9.72 9.69 9.81 10.59 11.14 11.08 10.94 11.63 12.02 12.58 
10.15 11.4 10.47 10.04 9.44 10.78 11.16 11.12 11.02 11.11 11.53 12.01 
10.29 11.28 10.32 10.08 9.6 10.71 11.09 11.09 11.14 11.38 11.82 12.18 
10.14 11.32 10.35 9.79 9.22 10.57 11.05 10.97 10.9 10.81 10.83 10.91 
10.16 11.31 10.21 9.96 9.44 10.57 11.09 11.12 11.06 11.4 11.85 12.32 
9.94 10.14 9.92 10.06 9.75 10.63 10.86 11.21 11.21 11.52 11.81 12.17 
10.14 10.59 10.32 9.93 9.95 10.9 11.24 11.4 11.51 11.77 12.08 12.4 
9.87 11.02 10.41 10.09 10.5 10.74 11.38 11.4 11.32 11.57 11.81 12.1 
9.59 11.0 9.82 9.71 9.77 10.49 11.07 11.0 10.85 11.4 11.88 12.38 
9.96 10.45 9.71 9.59 9.58 10.59 11.18 10.78 10.53 11.18 11.45 12.01 
10.12 10.86 9.65 10.18 10.03 10.52 10.85 11.03 11.04 11.5 11.88 12.28 
10.17 10.52 9.59 9.47 9.52 10.17 10.86 10.5 10.34 10.94 10.82 10.95 
9.86 10.84 10.14 9.9 10.1 10.68 10.99 11.09 11.04 11.49 11.91 12.39 
9.95 10.87 10.33 10.22 10.23 11.22 11.25 11.34 11.4 11.68 11.91 12.29 
9.91 11.0 10.45 10.55 10.68 11.22 11.51 11.55 11.55 11.8 12.08 12.42 
9.81 10.7 9.75 9.8 10.12 10.85 11.17 10.91 10.73 10.91 11.29 11.63 
9.54 10.97 9.76 9.66 9.79 10.55 11.05 11.03 10.93 11.62 12.01 12.55 
10.07 10.55 9.86 9.64 9.39 10.24 10.58 10.76 10.47 11.0 11.48 12.03 
10.16 10.68 9.9 9.65 9.44 10.29 10.84 11.03 10.86 11.41 11.86 12.27 
9.61 9.7 9.05 8.85 8.84 9.56 10.29 10.37 10.05 10.61 10.76 10.98 
10.11 10.87 10.68 10.23 10.27 10.74 11.12 11.12 11.05 11.42 11.88 12.38 
9.98 10.48 10.14 10.17 9.77 10.67 10.93 11.24 11.29 11.52 11.88 12.25 
10.01 10.83 10.36 10.08 9.98 10.96 11.3 11.6 11.57 11.83 12.2 12.51 
9.84 11.18 10.41 10.23 10.63 10.84 11.41 11.5 11.4 11.64 11.87 12.15 
9.65 10.88 9.95 9.8 9.81 10.52 11.26 11.11 10.9 11.47 11.96 12.47 
10.09 10.63 10.56 10.13 9.93 10.94 11.33 11.24 11.2 11.55 11.78 12.18 
9.97 10.86 9.82 10.19 10.34 11.03 11.11 11.45 11.62 11.96 12.32 12.54 
10.13 11.29 10.38 10.14 9.66 10.71 11.19 11.19 11.29 11.41 11.61 11.88 
9.93 11.14 10.35 10.05 9.64 10.82 11.06 11.19 11.3 11.38 11.69 12.14 
10.21 10.87 10.4 9.84 9.72 10.62 10.98 10.96 11.16 11.45 11.72 11.82 
10.06 10.82 10.06 10.09 9.99 10.74 10.97 10.96 11.07 11.42 11.71 12.01 
10.51 11.38 10.16 10.27 10.04 10.67 11.31 10.94 10.89 10.99 11.4 11.91 
9.38 10.46 9.25 9.26 9.26 9.84 10.24 10.19 10.35 11.02 11.16 11.62 
10.23 11.38 10.24 10.18 9.49 10.39 10.82 10.81 10.85 10.63 10.58 10.74 
10.21 11.13 10.33 10.04 9.58 10.57 10.96 10.94 11.04 11.0 11.2 11.28 
10.14 11.31 10.28 9.85 9.59 10.46 10.84 10.72 10.79 10.52 10.52 10.76 
10.12 11.28 10.21 9.93 9.43 10.52 10.92 10.98 11.01 11.14 11.42 11.64 
10.09 10.32 10.14 9.9 9.61 10.38 10.85 11.04 10.92 11.08 11.16 11.3 
10.06 10.57 10.39 10.07 9.73 10.65 10.98 11.25 11.25 11.42 11.57 11.73 
10.48 11.3 10.47 10.47 10.63 11.02 11.51 11.55 11.51 11.61 11.77 11.9 
9.74 11.07 9.93 9.82 9.81 10.51 10.88 10.86 10.61 11.08 11.43 11.63 
9.75 10.4 9.22 9.45 9.19 10.18 10.63 9.97 9.8 10.19 9.9 9.96 
10.3 10.7 9.82 10.13 10.22 10.58 10.63 10.88 10.93 11.03 11.09 11.19 
10.19 10.73 9.73 9.71 9.88 10.49 10.61 10.41 10.31 10.67 10.54 10.66 
10.06 10.83 10.02 9.88 10.16 10.81 10.76 11.05 10.92 11.23 11.45 11.67 
9.86 10.74 10.26 10.06 9.75 10.73 11.02 11.15 11.36 11.69 11.94 12.03 
9.94 11.21 10.33 10.31 10.16 10.84 11.06 11.31 11.28 11.53 11.66 11.76 
10.08 11.07 9.64 9.87 9.83 10.53 10.78 10.69 10.41 10.52 10.57 10.83 
10.22 11.61 10.5 10.35 10.33 11.05 11.54 11.64 11.52 11.84 12.13 12.42 
9.78 10.46 9.65 9.57 9.5 9.9 10.28 10.24 9.91 10.32 10.33 10.73 
10.74 11.58 10.26 10.52 10.38 11.3 11.85 11.59 11.24 11.38 11.43 11.73 
9.98 10.66 9.09 9.59 9.53 10.15 10.72 10.35 9.99 10.27 10.27 10.39 
9.6 10.66 10.16 9.83 9.88 10.35 10.8 10.71 10.56 10.72 10.92 11.27 
10.72 11.4 10.9 10.62 10.48 11.14 11.52 11.54 11.38 11.56 11.62 11.74 
9.68 10.55 9.99 9.68 9.22 10.3 10.6 10.7 10.68 10.91 11.01 11.01 
9.98 11.23 10.33 10.26 10.26 10.73 11.25 11.32 11.07 11.13 11.25 11.3 
9.73 11.11 9.86 9.76 10.04 10.76 11.16 11.32 10.96 11.13 11.37 11.7 
10.14 11.04 9.97 10.2 10.01 10.96 11.3 11.02 10.23 10.59 9.82 9.89 
10.17 11.2 10.36 10.63 10.32 10.89 10.99 11.21 11.05 11.14 11.13 11.47 
10.04 11.42 10.48 10.38 10.12 10.94 11.41 11.5 11.38 11.64 11.8 11.98 
9.89 11.12 10.43 10.15 9.91 11.06 11.59 11.55 11.34 11.39 11.67 12.13 
10.35 10.72 10.35 10.13 10.35 10.56 11.23 11.38 11.13 11.39 11.6 11.8 
10.3 10.91 10.24 10.01 10.11 10.51 11.06 11.38 11.23 11.64 11.85 11.8 
10.1 10.94 9.88 10.36 10.22 10.69 11.07 11.26 10.91 10.77 11.07 11.52 
9.73 10.44 10.15 9.85 10.36 10.84 11.29 11.3 10.87 10.8 11.19 11.64 
10.1 11.18 10.94 10.53 11.42 11.79 12.09 12.01 11.64 11.27 11.59 12.45 
9.36 11.02 10.56 10.48 11.16 10.77 11.42 11.61 11.46 10.9 11.0 11.62 
8.72 10.81 10.1 9.89 10.6 10.41 10.84 10.82 11.0 10.99 11.35 11.89 
9.13 11.02 10.6 10.31 11.14 11.14 11.81 11.75 11.53 11.45 11.76 12.38 
10.52 10.93 10.63 10.26 10.56 11.04 11.43 11.46 11.32 11.42 11.26 11.45 
10.65 11.53 10.86 10.78 10.88 11.66 12.33 12.19 11.9 11.58 10.94 11.28 
9.89 11.08 10.61 10.45 10.37 11.09 11.48 11.4 11.35 11.24 10.96 11.51 
9.11 10.22 10.24 9.69 10.25 10.66 10.93 11.15 10.83 10.93 10.89 11.43 
9.22 10.43 10.21 9.89 10.64 10.81 11.2 11.13 11.02 11.23 11.03 11.63 
9.32 11.4 10.8 10.61 10.94 11.04 11.51 11.66 11.6 11.81 11.59 12.06 
9.21 11.31 10.9 10.14 10.79 10.4 11.2 11.26 11.49 11.9 11.96 12.43 
9.3 11.16 10.67 10.05 10.5 10.62 11.5 11.69 11.36 11.72 11.81 12.22 
10.28 11.02 10.14 10.18 10.42 10.82 10.98 11.26 11.4 11.99 12.12 12.41 
10.33 11.29 10.3 10.39 10.47 11.19 11.35 11.44 11.3 11.82 11.67 11.9 
9.97 11.54 10.7 10.56 10.25 10.76 10.92 11.01 11.41 11.59 11.78 11.93 
10.07 11.51 11.18 11.11 10.68 11.1 11.64 12.09 12.09 11.97 12.35 12.73 
9.11 10.53 10.23 10.11 9.81 10.1 10.36 10.99 10.73 10.97 11.51 11.77 
9.81 12.23 11.54 11.19 10.95 11.39 12.05 12.43 11.99 12.02 12.56 13.01 
8.6 10.77 9.87 9.77 10.16 10.49 11.13 11.2 10.91 11.37 11.83 12.31 
8.89 10.89 10.26 10.19 10.62 11.32 12.2 11.9 11.24 11.52 11.9 12.59 
10.51 10.99 10.62 10.27 10.41 11.12 11.4 11.3 11.1 11.43 11.72 12.36 
10.55 11.78 11.05 11.03 10.83 11.61 11.9 11.81 11.57 11.58 11.96 12.85 
9.46 10.6 10.04 10.28 9.87 10.55 10.76 10.58 10.48 10.61 11.04 11.87 
9.44 10.83 10.3 10.62 10.22 10.89 11.4 11.58 11.29 11.49 11.89 12.42 
9.47 10.92 10.31 10.93 10.53 11.31 11.73 11.72 11.08 11.29 11.74 12.61 
9.75 11.67 10.44 11.11 10.67 11.5 11.93 12.22 12.08 12.62 13.0 13.5 
8.98 10.61 9.96 9.94 9.91 10.96 11.38 11.15 10.92 11.29 11.68 12.27 
10.24 11.06 9.96 10.18 10.28 11.34 11.62 11.42 11.23 11.43 11.69 11.96 
10.55 10.69 9.76 9.86 9.48 9.96 10.1 10.56 11.23 11.82 12.23 12.36 
9.79 9.53 8.64 8.81 8.83 8.97 9.13 9.41 10.22 10.84 11.38 11.43 
10.11 9.64 8.63 8.77 9.13 9.4 9.54 9.72 10.19 10.7 11.07 11.18 
9.19 10.1 9.3 9.28 8.99 9.58 9.8 9.98 10.21 10.35 10.75 11.18 
9.59 9.77 8.96 9.84 9.54 9.69 10.18 10.44 11.36 11.81 12.91 13.27 
9.1 10.63 10.25 10.1 9.75 9.99 10.08 10.09 10.6 10.94 11.68 11.97 
9.65 11.66 11.12 11.17 11.34 11.72 12.27 12.47 12.51 12.67 12.91 13.15 
10.01 10.5 10.07 9.97 10.03 10.54 11.3 11.46 11.34 11.42 11.69 12.07 
10.1 9.84 9.79 9.54 9.45 10.5 10.95 10.93 11.09 11.39 11.61 11.8 
10.29 10.34 9.98 9.91 10.06 10.68 11.08 11.09 11.28 11.49 11.8 12.15 
10.49 10.94 10.41 10.37 10.08 10.65 11.05 11.62 11.77 11.36 11.83 12.08 
9.22 10.0 9.35 9.12 9.45 10.15 10.51 10.59 10.79 11.04 11.36 11.81 
9.55 9.37 8.84 9.34 9.87 10.26 10.71 11.84 11.54 10.82 11.57 11.81 
9.22 9.16 8.6 9.15 9.23 10.61 11.26 11.11 11.36 11.05 11.57 11.92 
7.63 9.89 9.44 9.87 9.88 10.71 11.53 11.93 11.73 11.58 12.05 12.25 
8.91 9.52 9.75 9.86 9.87 10.86 11.81 11.88 12.03 11.97 12.73 13.34 
10.36 10.38 10.45 10.18 9.71 10.46 11.08 11.78 12.01 11.72 12.13 12.29 
9.99 9.94 10.02 9.55 9.53 10.3 10.66 11.14 11.33 11.18 11.44 11.6 
10.07 11.11 10.62 10.26 10.42 10.7 11.3 11.34 11.39 11.64 11.9 12.2 
9.34 10.62 9.81 10.01 9.99 10.9 11.42 11.39 11.26 11.13 11.86 12.54 
10.0 9.95 9.66 9.53 9.96 10.74 11.12 10.57 11.21 10.96 11.67 12.01 
9.65 9.54 9.26 9.43 9.95 10.66 11.49 10.88 11.37 11.26 11.73 12.3 
9.35 10.53 9.83 9.8 10.16 11.24 11.96 11.5 11.66 11.52 11.95 12.14 
9.85 10.46 9.71 9.74 10.02 10.71 11.23 11.73 11.63 11.6 11.76 12.2 
10.38 10.26 10.15 10.11 10.0 10.61 11.21 11.82 11.8 11.64 11.91 12.16 
10.23 10.37 9.87 9.67 10.04 10.35 11.02 11.25 11.31 11.38 11.67 11.94 
9.96 10.68 9.93 9.55 9.66 10.49 10.93 10.93 10.95 10.82 11.24 11.45 
9.68 10.57 9.82 9.97 10.56 11.03 11.51 10.94 11.11 10.83 11.57 12.19 
9.77 9.78 8.86 9.98 9.48 10.44 11.06 11.49 11.78 11.38 11.89 12.19 
8.93 9.05 8.58 9.27 9.0 9.27 10.07 11.07 11.34 11.21 11.53 11.79 
7.63 9.84 9.25 9.46 9.27 10.17 10.95 11.76 11.83 11.68 12.02 12.25 
8.52 9.13 8.88 9.34 9.12 9.79 10.49 10.75 11.04 11.38 12.12 12.78 
10.33 10.24 10.56 10.67 10.49 11.15 11.06 11.07 11.8 11.71 12.11 12.3 
10.43 10.58 10.56 10.51 10.35 10.84 11.44 11.49 11.62 11.7 11.95 12.13 
9.99 11.06 10.64 10.5 10.67 10.75 11.38 11.46 11.45 11.38 11.73 11.86 
9.46 10.78 10.18 10.3 10.61 11.06 11.49 10.92 10.99 11.12 11.87 12.49 
10.05 10.53 9.86 9.9 10.15 10.74 11.5 10.77 11.59 11.66 11.98 12.35 
9.67 10.69 10.17 10.15 10.4 11.08 11.61 10.88 11.36 11.06 11.52 11.8 
9.71 10.66 10.18 10.19 10.56 10.65 11.32 11.66 11.72 11.76 11.93 12.27 
9.55 10.65 9.66 9.68 10.01 10.6 11.04 11.49 11.65 11.87 12.0 12.34 
10.38 10.05 9.87 9.99 10.07 10.64 11.21 11.57 11.6 11.7 12.01 12.21 
10.24 10.34 9.88 9.93 10.41 10.27 10.91 11.04 11.23 11.49 11.78 12.03 
10.01 10.62 9.95 9.89 9.76 10.24 10.79 10.84 10.97 10.87 11.31 11.69 
9.65 10.45 9.87 9.78 9.87 10.53 11.07 11.13 11.14 10.79 11.6 12.2 
9.41 9.3 8.59 9.47 9.85 10.41 11.6 11.08 11.23 10.82 11.52 11.78 
9.11 8.94 8.65 9.25 9.35 10.4 11.36 10.97 11.59 10.86 11.38 11.61 
7.47 9.59 9.08 9.46 9.55 10.25 10.92 11.53 11.73 11.76 12.21 12.42 
8.46 9.79 9.22 9.51 8.94 9.65 10.34 10.62 10.95 11.27 12.03 12.64 
10.27 10.25 10.4 10.4 10.19 11.05 11.52 11.46 11.78 11.84 12.19 12.41 
10.4 10.44 10.57 10.14 10.57 10.84 11.22 11.62 11.82 12.01 12.19 12.41 
10.3 11.39 11.01 10.76 11.04 11.29 11.59 11.76 11.83 11.89 12.19 12.45 
9.24 10.56 9.81 9.83 10.16 10.7 11.11 10.9 11.01 10.79 11.53 12.11 
10.17 10.26 10.01 9.67 9.21 9.78 10.65 11.4 11.98 11.56 12.22 12.54 
9.32 9.64 9.3 9.23 9.28 10.93 11.1 10.46 11.03 10.78 11.3 11.63 
9.38 10.54 9.93 9.78 10.04 10.75 11.3 11.56 11.74 11.68 12.05 12.23 
9.9 10.66 9.84 9.76 10.14 10.75 11.17 11.73 11.48 11.26 11.57 12.1 
10.38 10.22 10.02 10.16 10.27 10.87 11.45 11.6 11.71 11.66 11.91 12.16 
10.2 10.16 9.93 9.85 10.31 10.31 10.96 11.44 11.5 11.51 11.79 12.03 
9.99 10.64 9.86 9.95 10.31 10.65 10.95 10.9 11.17 10.86 11.25 11.44 
9.67 10.58 9.64 9.93 9.94 10.74 11.14 10.85 11.04 10.95 11.64 12.24 
9.7 9.49 8.84 9.79 9.95 10.32 10.85 11.98 12.19 11.11 11.74 12.07 
8.97 9.3 8.6 9.03 9.3 10.63 11.25 10.95 11.21 10.82 11.3 11.64 
7.72 9.71 9.18 9.81 9.94 11.0 11.47 11.96 11.93 11.51 12.03 12.25 
8.38 8.99 9.04 9.12 9.28 10.34 11.01 11.22 11.41 11.39 12.07 12.68 
10.31 10.21 10.17 10.13 9.9 10.84 11.19 11.86 12.3 11.83 12.19 12.39 
10.45 10.46 10.38 9.91 10.22 10.91 11.38 11.65 11.78 12.08 12.18 12.36 
10.11 10.92 10.64 10.29 10.76 11.04 11.68 11.58 11.87 11.73 12.02 12.23 
9.46 10.84 10.08 10.1 10.5 11.2 11.55 11.24 11.46 11.18 11.78 12.33 
10.04 10.45 10.2 10.02 10.05 11.05 11.5 11.42 11.57 11.38 11.7 11.92 
9.56 10.82 10.25 10.04 10.15 10.68 10.93 11.27 11.52 11.84 12.15 12.3 
9.79 11.07 10.3 9.98 9.8 10.68 11.17 11.24 11.4 11.62 11.91 12.21 
9.9 11.02 10.49 9.76 9.72 10.75 11.46 11.09 11.4 10.86 11.11 11.36 
9.9 10.31 10.2 10.03 10.02 11.01 11.37 11.63 11.8 11.8 12.08 12.37 
9.84 10.84 10.31 10.16 10.23 10.81 11.41 11.6 11.57 11.71 12.01 12.32 
9.73 10.61 9.74 9.47 9.49 10.37 11.1 11.02 10.96 10.97 11.3 11.45 
9.66 10.93 9.68 9.79 9.71 10.49 11.11 11.14 10.98 11.44 11.92 12.42 
10.19 11.4 10.45 10.01 9.27 10.53 11.16 11.08 11.02 11.06 11.48 11.99 
10.29 11.25 10.27 10.04 9.5 10.68 11.08 11.06 11.13 11.36 11.8 12.14 
10.08 11.33 10.28 9.82 9.18 10.58 11.05 10.96 10.87 10.77 10.77 10.84 
10.14 11.29 10.21 9.95 9.52 10.59 11.09 11.14 11.08 11.41 11.85 12.31 
9.99 10.23 10.42 10.03 9.82 10.41 10.85 11.15 11.15 11.55 11.84 12.21 
10.1 10.58 10.27 9.87 10.03 10.87 11.2 11.44 11.47 11.75 12.1 12.4 
9.81 11.05 10.07 10.02 10.45 10.73 11.4 11.42 11.36 11.56 11.8 12.08 
9.61 10.92 9.75 9.74 9.72 10.47 11.08 11.04 10.88 11.39 11.88 12.38 
9.95 10.48 9.66 9.54 9.51 10.46 11.2 10.79 10.54 11.23 11.51 12.07 
10.08 10.86 9.66 10.16 10.02 10.52 10.86 11.03 11.04 11.51 11.89 12.26 
10.1 10.51 9.58 9.51 9.55 10.18 10.87 10.52 10.34 10.95 10.83 10.96 
9.84 10.84 10.13 9.96 10.1 10.68 11.01 11.11 11.07 11.49 11.9 12.38 
10.06 10.55 10.35 10.18 10.1 10.85 11.21 11.45 11.48 11.7 12.03 12.37 
9.96 10.97 10.42 10.33 10.4 10.84 11.46 11.58 11.5 11.8 12.13 12.44 
9.87 10.61 9.7 9.39 9.47 10.14 10.81 10.83 10.46 10.75 10.99 11.18 
9.51 10.86 9.75 9.69 9.73 10.55 11.12 11.11 10.9 11.49 11.97 12.48 
10.24 10.57 9.9 9.66 9.19 9.84 10.52 10.75 10.4 10.94 11.5 12.07 
10.17 10.66 9.92 9.69 9.43 10.23 10.84 11.04 10.87 11.42 11.87 12.27 
9.69 9.66 9.08 8.88 8.85 9.53 10.32 10.39 10.02 10.5 10.74 10.97 
10.13 10.91 10.72 10.25 10.29 10.76 11.16 11.15 11.07 11.44 11.91 12.42 
10.0 10.6 10.43 9.98 9.81 10.66 10.95 11.13 11.26 11.58 11.9 12.3 
10.02 10.82 10.56 10.08 10.07 10.95 11.27 11.56 11.55 11.89 12.19 12.5 
9.83 11.0 10.25 10.28 10.59 10.83 11.51 11.62 11.51 11.66 11.95 12.19 
9.71 10.87 9.84 9.81 9.81 10.57 11.18 11.15 11.0 11.47 11.98 12.47 
10.1 10.64 10.44 10.28 10.01 10.85 11.43 11.32 11.17 11.6 11.82 12.21 
9.94 11.04 10.4 10.25 10.27 10.94 11.23 11.52 11.64 11.98 12.31 12.56 
10.08 10.75 10.39 10.17 10.18 10.72 11.12 11.38 11.43 11.57 11.66 12.01 
10.04 10.95 10.15 9.96 10.08 10.82 11.08 11.28 11.29 11.49 11.72 12.27 
10.08 10.77 10.27 9.91 10.02 10.98 11.19 11.3 11.39 11.73 11.96 12.24 
9.94 11.16 10.22 10.3 10.43 11.02 11.28 11.29 11.32 11.57 11.92 12.26 
9.71 10.58 9.69 9.81 9.71 10.56 10.95 10.7 10.62 11.1 11.66 12.13 
9.6 10.88 9.53 9.61 9.65 10.45 11.0 10.94 10.8 11.44 11.93 12.44 
10.22 11.54 10.31 10.18 9.67 10.7 11.07 11.0 11.02 11.09 11.53 12.01 
10.19 11.26 10.34 10.2 9.9 10.78 11.13 11.01 11.16 11.52 11.9 12.29 
10.09 11.3 10.33 9.96 9.45 10.62 11.07 10.94 11.02 11.12 11.5 12.01 
10.1 11.22 10.2 9.89 9.45 10.55 11.03 11.06 11.24 11.79 12.08 12.65 
10.04 10.13 10.27 10.08 9.5 10.26 10.75 11.0 10.99 11.45 11.74 12.15 
10.12 10.71 10.46 9.92 9.87 10.72 11.15 11.4 11.29 11.68 12.01 12.35 
9.88 10.94 10.27 9.95 10.21 10.66 11.21 11.3 11.21 11.4 11.7 12.1 
9.75 10.82 9.8 9.58 9.65 10.47 11.06 10.97 10.84 11.41 11.93 12.45 
10.11 10.75 9.71 9.66 9.51 10.58 11.15 10.69 10.52 11.25 11.54 12.1 
10.3 10.77 9.7 9.97 10.05 10.46 10.77 10.96 11.03 11.49 11.89 12.26 
10.17 10.39 9.62 9.43 9.55 10.38 11.04 10.6 10.65 11.05 11.24 11.62 
9.92 10.76 9.89 9.84 10.34 10.77 11.27 11.5 11.64 11.48 11.86 12.33 
9.83 10.85 10.28 10.22 10.42 10.9 11.42 11.94 11.7 11.49 11.8 12.15 
9.75 11.08 10.4 10.65 10.62 11.11 11.32 11.67 11.55 11.65 11.97 12.33 
9.8 10.76 9.71 10.0 10.16 10.75 11.17 11.1 11.06 11.17 11.74 12.18 
9.66 11.03 9.77 9.78 9.92 10.57 11.11 11.22 11.21 11.67 12.06 12.57 
10.08 10.97 9.96 9.55 9.77 10.3 10.71 10.76 10.62 11.03 11.56 12.12 
10.17 10.79 10.0 9.95 9.79 10.54 11.0 11.1 10.99 11.57 12.0 12.42 
9.8 10.23 9.36 9.5 9.44 10.01 10.58 10.62 10.7 11.11 11.62 12.21 
10.04 11.14 10.56 10.29 10.3 10.67 11.07 11.19 11.28 11.9 12.13 12.71 
10.13 10.22 10.34 10.14 9.39 10.36 10.93 11.07 11.03 11.44 11.82 12.23 
10.14 10.7 10.39 9.96 9.84 10.84 11.26 11.44 11.41 11.74 12.05 12.38 
9.76 11.1 10.38 10.14 10.44 10.69 11.22 11.34 11.28 11.49 11.72 12.15 
9.59 10.99 9.97 9.57 9.77 10.48 11.06 11.14 11.08 11.48 11.92 12.44 
9.97 10.85 9.94 9.71 9.62 10.44 11.09 10.74 10.52 11.24 11.54 12.1 
9.9 11.19 10.5 10.41 10.06 10.54 10.94 11.15 11.1 11.57 12.0 12.39 
10.07 11.34 10.55 10.29 9.91 10.93 11.55 11.47 11.58 11.49 11.63 11.98 
9.92 11.16 10.5 10.18 9.8 11.0 11.68 11.6 11.76 11.47 11.73 12.21 
9.96 10.38 10.17 10.14 9.99 10.87 11.29 11.64 11.75 11.7 12.0 12.2 
10.05 10.97 10.19 10.14 10.16 11.13 11.36 11.4 11.51 11.56 11.91 12.23 
9.75 10.79 9.73 9.87 9.85 10.76 11.17 10.85 10.86 10.98 11.34 11.66 
9.67 10.97 9.56 9.76 9.7 10.52 11.03 11.0 10.91 11.48 11.92 12.44 
9.96 10.52 9.82 9.67 9.83 10.43 10.87 10.67 10.67 11.05 11.59 12.12 
9.96 10.83 9.96 10.23 9.96 10.59 11.06 11.1 11.02 11.62 12.01 12.48 
9.87 10.53 9.69 9.8 9.58 10.29 10.99 10.87 10.63 11.05 11.52 11.99 
9.93 11.35 10.03 9.86 9.91 10.45 11.01 10.96 11.15 11.94 12.2 12.76 
10.09 10.4 9.62 9.48 9.14 9.87 10.66 10.63 10.59 11.29 11.67 12.11 
10.12 10.39 9.8 9.67 9.41 10.3 10.93 11.02 10.98 11.51 11.98 12.35 
9.89 10.51 9.44 9.33 9.11 9.89 10.64 10.54 10.18 10.71 10.94 11.2 
9.7 10.87 9.81 9.68 9.6 10.48 11.16 11.03 10.87 11.46 11.97 12.46 
10.18 10.26 9.44 9.33 8.87 9.78 10.48 10.64 10.43 11.03 11.58 12.14 
10.23 10.38 9.81 9.58 9.28 10.26 10.86 11.01 10.89 11.48 11.92 12.32 
10.03 10.88 9.67 9.33 9.25 10.1 11.0 10.71 10.6 10.56 10.77 10.96 
9.97 10.98 10.62 10.28 10.58 10.89 11.54 11.7 11.73 11.49 11.78 12.26 
9.87 10.64 9.84 10.32 10.5 10.79 11.31 11.98 11.74 11.24 11.53 11.87 
9.8 10.82 10.14 10.29 10.41 10.88 11.25 11.69 11.45 11.41 11.86 12.22 
9.76 11.0 9.72 10.07 10.22 10.77 11.25 11.36 11.24 11.13 11.49 11.75 
9.68 10.96 9.87 9.82 9.84 10.6 11.17 11.29 11.23 11.62 12.0 12.51 
10.11 10.87 9.9 9.72 9.73 10.64 11.13 10.79 10.82 11.11 11.65 12.18 
10.07 10.79 9.84 9.82 9.65 10.71 11.12 11.13 11.05 11.6 12.05 12.53 
9.85 10.53 9.6 9.78 9.47 10.21 10.97 10.89 10.71 11.03 11.51 12.03 
9.97 11.23 10.09 9.89 9.85 10.47 11.04 11.13 11.27 11.87 12.15 12.72 
10.29 10.27 9.49 9.7 9.2 9.92 10.59 10.63 10.59 11.23 11.6 12.08 
10.13 10.4 9.8 9.71 9.28 10.27 10.86 11.03 10.93 11.45 11.9 12.28 
9.77 10.47 9.33 9.33 9.3 9.89 10.63 10.61 10.39 10.69 10.9 11.2 
9.68 10.82 9.97 9.69 9.5 10.48 11.13 11.09 11.01 11.47 11.94 12.42 
10.01 10.63 9.56 9.45 9.44 10.41 11.11 10.63 10.41 11.12 11.37 11.91 
9.71 11.01 10.36 10.41 10.2 10.68 11.06 11.24 11.22 11.65 12.04 12.39 
9.79 10.87 9.95 9.72 9.82 10.72 11.32 11.13 11.54 11.75 11.99 12.26 
9.65 10.5 9.43 9.59 10.02 10.99 11.62 11.35 11.81 11.69 12.02 12.26 
9.73 10.61 10.42 10.23 10.19 10.85 11.37 11.7 11.8 11.66 11.95 12.14 
9.96 11.09 10.49 10.27 10.48 11.08 11.36 11.45 11.52 11.53 11.76 12.05 
9.94 10.89 9.73 9.9 10.03 10.76 11.22 10.85 10.88 10.75 10.94 11.36 
9.75 10.83 9.77 9.66 9.88 10.65 11.15 11.0 11.0 11.47 11.87 12.45 
10.19 10.29 9.53 9.58 9.16 10.17 10.65 10.67 10.61 10.88 11.24 11.87 
10.21 10.51 9.7 9.79 9.28 10.28 10.76 10.92 10.83 11.15 11.53 12.0 
9.79 9.99 9.18 8.93 8.71 9.62 10.38 10.46 9.97 10.11 9.89 9.99 
9.98 11.3 10.06 9.8 9.91 10.48 10.97 10.94 10.86 11.19 11.72 12.23 
10.22 10.35 9.65 9.25 8.94 9.78 10.46 10.56 10.35 10.67 11.08 11.59 
9.95 10.52 9.77 9.66 9.34 10.29 10.76 11.0 10.86 11.19 11.61 12.07 
9.92 10.61 9.34 9.36 9.05 9.92 10.63 10.45 10.03 10.11 10.04 10.11 
9.82 10.94 9.81 9.76 9.59 10.53 11.13 11.01 10.81 11.26 11.82 12.37 
10.05 10.45 9.56 9.59 8.82 9.75 10.53 10.69 10.46 10.73 11.24 11.87 
10.13 10.73 9.96 9.67 9.39 10.33 10.87 11.07 10.93 11.21 11.62 12.07 
10.0 10.97 9.73 9.42 9.27 10.24 11.08 10.79 10.66 10.3 10.16 10.12 
10.01 11.21 10.67 10.32 10.66 10.94 11.6 11.77 11.76 11.42 11.66 12.15 
10.09 10.61 9.84 10.25 10.52 10.81 11.29 11.97 11.73 11.04 11.23 11.57 
10.05 10.62 10.11 10.21 10.36 10.93 11.18 11.63 11.37 11.05 11.42 11.86 
9.9 10.62 9.58 9.97 10.16 10.83 11.19 11.3 11.15 10.7 10.84 11.11 
9.62 10.96 9.75 9.76 9.94 10.56 11.11 11.21 11.18 11.51 11.86 12.44 
10.1 10.48 9.53 9.67 9.26 10.12 10.77 10.77 10.59 10.86 11.24 11.82 
10.03 10.55 9.78 9.74 9.45 10.28 10.85 11.02 10.86 11.22 11.58 12.01 
9.82 10.05 9.31 9.13 9.05 9.76 10.46 10.58 10.3 10.41 10.15 10.24 
10.03 11.35 10.09 9.89 9.97 10.47 11.03 11.15 11.11 11.35 11.79 12.32 
10.13 10.54 9.88 9.55 9.12 9.9 10.57 10.64 10.44 10.75 11.08 11.55 
10.06 10.49 9.71 9.87 9.45 10.31 10.87 11.05 10.84 11.23 11.6 12.03 
9.99 10.58 9.42 9.3 9.23 9.91 10.59 10.57 10.26 10.29 10.18 10.36 
9.77 10.73 9.82 9.62 9.71 10.53 11.21 11.17 11.05 11.35 11.83 12.38 
9.98 10.69 9.67 9.54 9.54 10.46 11.16 10.65 10.36 10.97 10.96 11.53 
10.09 10.55 10.2 10.37 10.05 10.63 11.05 11.12 11.02 11.33 11.53 11.93 
10.11 11.01 10.05 9.94 9.99 10.72 11.38 11.17 11.46 11.81 12.01 12.16 
9.52 11.39 10.27 10.18 10.44 11.05 11.53 11.49 11.66 11.78 12.03 12.19 
9.84 10.02 9.54 9.76 9.42 10.26 10.9 11.33 11.29 11.38 11.78 12.59 
10.12 10.11 9.04 9.51 8.96 9.97 10.71 10.85 10.85 10.49 10.44 10.9 
9.85 10.12 8.92 8.92 8.7 9.66 10.26 10.23 10.26 9.84 9.61 9.82 
9.88 10.67 9.27 9.04 8.96 9.83 10.23 10.03 9.89 9.41 9.23 9.52 
10.23 10.19 9.49 9.43 8.71 9.67 10.02 10.03 9.94 9.81 9.63 9.83 
10.27 10.12 9.62 9.34 8.81 9.44 9.97 9.97 9.75 9.8 9.64 9.83 
9.77 9.56 8.54 8.05 7.77 8.49 9.15 9.1 9.04 8.7 8.69 9.04 
10.18 11.19 9.67 9.52 9.43 9.89 10.17 9.96 9.56 9.5 9.35 9.59 
10.18 10.52 9.38 9.12 8.72 9.54 10.0 9.97 9.84 9.84 9.71 9.89 
10.23 10.47 9.54 9.39 8.7 9.63 10.03 10.02 9.85 9.9 9.76 9.94 
9.91 10.29 9.03 8.7 8.38 9.24 9.71 9.55 9.16 9.06 8.98 9.24 
10.03 10.62 9.24 9.08 8.94 9.61 9.84 9.67 9.23 9.0 8.93 9.22 
10.82 10.96 9.89 9.63 9.13 10.1 10.62 10.42 10.39 10.3 10.21 10.37 
9.78 9.92 8.94 8.84 8.36 9.1 9.73 9.43 9.46 9.37 9.27 9.42 
9.96 10.91 9.43 9.08 8.72 9.48 10.3 10.21 9.71 9.42 9.24 9.32 
10.15 10.89 10.1 10.08 9.9 10.51 11.01 11.6 11.22 10.76 10.15 10.12 
10.21 10.56 9.86 10.21 10.0 10.79 10.97 11.47 11.17 10.6 10.16 10.33 
10.12 10.45 10.11 10.13 10.12 10.96 11.05 11.04 10.88 10.14 9.96 10.23 
9.85 10.65 9.51 9.81 9.96 10.82 11.08 10.98 10.73 10.39 10.48 10.93 
9.84 10.65 9.43 9.47 9.43 10.31 10.69 10.54 10.46 10.94 10.81 11.09 
10.17 10.18 9.26 9.23 9.04 10.18 10.42 10.21 10.25 10.37 10.28 10.52 
10.18 10.25 9.38 9.33 8.89 9.89 10.23 10.1 10.01 9.98 9.75 9.83 
9.86 9.67 8.72 8.49 8.27 9.06 9.57 9.59 9.6 9.7 9.23 9.38 
10.19 11.08 9.67 9.59 9.56 10.04 10.32 10.12 9.7 9.54 9.31 9.42 
10.2 10.22 9.55 9.29 8.81 9.83 9.96 10.17 9.86 9.65 9.36 9.47 
10.26 10.08 9.41 9.29 8.74 9.82 9.83 10.09 9.72 9.61 9.36 9.48 
9.92 10.33 9.13 8.86 8.63 9.39 9.74 9.75 9.28 9.09 8.91 9.19 
10.07 10.23 9.13 8.9 8.88 9.3 9.67 9.7 9.44 9.56 9.77 10.62 
10.32 11.2 10.64 10.2 10.36 10.96 11.44 11.38 11.0 10.98 11.31 11.61 
9.42 10.92 10.25 9.65 9.45 10.29 10.67 10.65 10.4 10.52 10.6 11.09 
9.76 10.12 10.07 10.04 10.44 10.82 11.32 11.44 10.96 10.86 11.05 11.53 
9.91 11.07 10.63 10.45 10.67 11.06 11.4 11.29 10.81 10.97 11.1 11.66 
8.37 7.5 7.07 7.26 6.94 7.37 7.5 7.87 7.84 7.79 7.73 7.95 
