pathSong C:\Users\SamaHell\Desktop\Cours\ENSISA\2A\Projet\WAVpourprojet\05 Logic Bomb.m4a.WAV
maxTimeSong 275.7
 ---beats--- 
0.52 0.95 1.38 1.8 2.24 2.66 3.09 3.52 3.95 4.38 4.81 5.24 5.67 6.09 6.52 6.95 7.38 7.81 8.23 8.67 9.09 9.52 9.95 10.38 10.81 11.24 11.66 12.09 12.52 12.95 13.38 13.81 14.23 14.67 15.09 15.53 15.95 16.38 16.8 17.24 17.66 18.1 18.52 18.95 19.38 19.8 20.23 20.67 21.09 21.53 21.95 22.38 22.81 23.24 23.66 24.1 24.52 24.95 25.38 25.81 26.23 26.67 27.09 27.52 27.95 28.38 28.81 29.24 29.66 30.09 30.52 30.95 31.38 31.81 32.23 32.66 33.09 33.52 33.95 34.38 34.81 35.24 35.66 36.09 36.52 36.95 37.38 37.81 38.24 38.66 39.09 39.52 39.95 40.38 40.81 41.29 41.81 42.24 42.67 43.1 43.53 43.96 44.38 44.81 45.24 45.67 46.1 46.53 46.95 47.39 47.81 48.24 48.67 49.1 49.52 49.95 50.38 50.81 51.24 51.67 52.1 52.52 52.95 53.38 53.81 54.24 54.67 55.1 55.53 55.95 56.38 56.81 57.24 57.67 58.09 58.53 58.95 59.38 59.81 60.24 60.67 61.1 61.52 61.95 62.38 62.81 63.24 63.67 64.09 64.52 64.95 65.38 65.76 66.23 66.67 67.09 67.53 67.95 68.38 68.81 69.23 69.67 70.1 70.53 70.98 71.41 71.83 72.25 72.68 73.15 73.53 73.96 74.39 74.87 75.34 75.82 76.25 76.67 77.15 77.69 78.11 78.53 78.96 79.39 79.81 80.25 80.67 81.1 81.54 81.96 82.39 82.82 83.25 83.68 84.11 84.53 84.96 85.39 85.82 86.25 86.67 87.1 87.53 87.96 88.39 88.81 89.24 89.67 90.1 90.53 90.96 91.39 91.82 92.25 92.67 93.1 93.53 93.96 94.39 94.82 95.24 95.67 96.1 96.53 96.96 97.39 97.81 98.24 98.67 99.1 99.53 99.96 100.39 100.82 101.24 101.68 102.11 102.56 102.96 103.42 103.82 104.25 104.67 105.1 105.55 105.96 106.39 106.82 107.29 107.81 108.24 108.67 109.1 109.53 109.96 110.39 110.82 111.24 111.67 112.1 112.53 112.96 113.39 113.82 114.24 114.67 115.11 115.55 116.07 116.5 116.93 117.35 117.78 118.32 118.75 119.18 119.6 120.04 120.46 120.89 121.32 121.75 122.17 122.61 123.03 123.46 123.89 124.32 124.75 125.18 125.6 126.03 126.46 126.89 127.32 127.75 128.17 128.6 129.03 129.46 129.89 130.32 130.75 131.18 131.61 132.03 132.46 132.89 133.32 133.75 134.18 134.61 135.03 135.46 135.89 136.32 136.75 137.18 137.61 138.03 138.46 138.89 139.32 139.74 140.18 140.6 141.04 141.47 141.89 142.33 142.75 143.18 143.6 144.04 144.47 144.89 145.32 145.75 146.18 146.61 147.03 147.47 147.89 148.32 148.75 149.18 149.61 150.04 150.46 150.89 151.32 151.75 152.18 152.61 153.04 153.47 153.89 154.32 154.75 155.18 155.61 156.04 156.47 156.9 157.32 157.75 158.18 158.61 159.04 159.47 159.89 160.32 160.75 161.18 161.61 162.04 162.47 162.89 163.32 163.75 164.18 164.61 165.04 165.47 165.9 166.32 166.75 167.18 167.6 168.04 168.48 168.91 169.33 169.76 170.19 170.62 171.05 171.47 171.9 172.44 172.87 173.29 173.72 174.15 174.58 175.01 175.44 175.87 176.3 176.72 177.15 177.58 178.01 178.44 178.87 179.3 179.73 180.15 180.58 181.01 181.44 181.87 182.3 182.73 183.16 183.58 184.01 184.44 184.87 185.3 185.72 186.15 186.58 187.01 187.44 187.87 188.3 188.81 189.24 189.67 190.1 190.53 190.96 191.38 191.81 192.24 192.67 193.1 193.53 193.96 194.39 194.82 195.25 195.67 196.1 196.53 196.96 197.39 197.82 198.25 198.67 199.1 199.53 199.96 200.39 200.82 201.24 201.67 202.1 202.53 202.96 203.39 203.82 204.24 204.67 205.1 205.53 205.96 206.39 206.82 207.24 207.67 208.1 208.53 208.96 209.39 209.82 210.25 210.67 211.1 211.53 211.96 212.39 212.82 213.24 213.67 214.1 214.53 214.96 215.39 215.82 216.24 216.67 217.11 217.53 217.96 218.39 218.82 219.25 219.67 220.1 220.53 220.96 221.39 221.82 222.25 222.67 223.1 223.53 223.96 224.39 224.81 225.24 225.67 226.1 226.53 226.96 227.39 227.82 228.24 228.67 229.1 229.53 229.96 230.39 230.82 231.25 231.67 232.1 232.53 232.96 233.39 233.81 234.25 234.68 235.11 235.54 235.96 236.4 236.82 237.25 237.68 238.12 238.53 238.97 239.39 239.83 240.25 240.68 241.1 241.54 241.96 242.39 242.82 243.25 243.68 244.11 244.53 244.96 245.39 245.83 246.25 246.69 247.11 247.54 247.96 248.39 248.82 249.24 249.68 250.1 250.53 250.96 251.39 251.82 252.25 252.68 253.1 253.53 253.96 254.39 254.86 255.24 255.67 256.1 256.53 256.97 257.39 257.82 258.25 258.68 259.1 259.48 259.95 260.39 260.82 261.25 261.68 262.11 262.53 262.95 263.39 263.79 264.25 264.68 265.1 265.57 265.95 266.39 266.82 267.25 267.67 268.1 268.53 268.96 269.39 269.82 270.25 270.68 271.1 271.53 271.98 272.39 272.82 273.25 273.68 274.11 274.53 
 ---spectro--- 
639 12
5.42 7.09 6.53 6.41 6.67 7.03 7.38 7.86 8.26 8.6 9.38 9.91 
9.7 11.24 10.1 10.08 10.34 11.04 11.06 10.48 9.82 9.87 9.78 10.07 
9.48 11.24 10.15 9.99 10.27 10.9 11.03 10.48 9.58 10.18 10.19 10.4 
9.48 11.32 10.34 10.48 10.63 11.03 11.09 10.7 10.08 10.21 10.38 10.53 
9.61 11.39 10.22 10.75 10.81 11.59 11.66 10.8 10.48 10.72 10.99 11.14 
9.32 11.09 10.28 10.35 10.54 11.3 11.18 10.72 10.27 10.46 10.54 10.69 
8.77 10.96 9.97 10.66 10.37 11.06 11.21 10.49 10.16 10.45 10.5 10.75 
9.05 11.34 10.68 10.79 10.68 11.57 11.36 10.89 10.43 10.52 10.6 10.84 
8.62 11.29 10.46 10.49 10.48 11.28 11.36 10.82 10.33 10.57 10.67 10.86 
9.27 11.19 10.52 10.82 10.58 11.45 11.48 10.65 10.41 10.55 10.67 10.88 
8.66 11.13 10.87 10.68 11.16 11.52 11.6 11.12 10.6 10.96 11.02 11.19 
8.51 10.98 10.23 10.78 10.61 11.27 11.24 10.69 10.21 10.41 10.39 10.63 
8.38 10.77 10.47 10.64 10.64 11.38 11.4 10.52 10.39 10.64 10.75 10.99 
9.57 11.23 10.52 10.72 10.93 11.44 11.57 10.71 10.63 10.59 10.81 10.92 
8.39 10.97 10.53 10.27 10.79 11.23 11.36 10.79 10.38 10.63 10.86 10.96 
8.55 11.22 10.48 10.98 10.79 11.73 11.58 10.86 10.48 10.66 10.65 10.92 
8.13 10.48 10.21 10.27 10.7 11.27 11.34 10.66 10.35 10.52 10.76 10.93 
9.47 11.38 10.53 10.6 10.75 11.48 11.5 11.03 10.54 10.68 10.73 10.86 
8.07 10.6 10.4 10.32 10.83 11.21 11.4 10.83 10.03 10.67 10.68 10.92 
8.68 10.89 10.28 10.73 10.86 11.54 11.35 10.81 10.46 10.67 10.6 10.89 
7.96 10.84 10.39 10.55 10.6 11.43 11.39 10.63 10.41 10.63 10.74 11.03 
9.07 11.04 10.72 10.34 10.83 11.49 11.5 10.92 10.58 10.73 10.78 10.97 
9.02 11.29 10.41 11.11 10.95 11.6 11.73 11.04 10.69 10.9 10.97 11.29 
8.84 10.91 10.34 10.52 10.49 11.34 11.15 10.66 10.31 10.35 10.38 10.63 
9.07 11.22 10.48 10.51 10.65 11.44 11.57 10.95 10.46 10.66 10.7 10.91 
9.41 11.14 10.51 10.9 10.62 11.36 11.52 10.76 10.5 10.56 10.63 10.82 
7.93 10.32 10.5 10.21 10.76 11.12 11.2 10.76 10.22 10.65 10.72 10.94 
8.44 11.3 11.07 11.13 10.9 11.72 11.34 11.08 10.56 10.68 10.64 10.84 
7.91 10.28 10.16 10.36 10.68 11.21 11.24 10.49 10.32 10.57 10.69 10.95 
9.35 11.22 10.55 10.56 10.73 11.48 11.52 10.73 10.61 10.53 10.75 10.83 
9.37 11.41 10.89 10.8 11.04 11.78 11.63 11.12 10.65 10.67 10.68 10.82 
7.95 10.72 10.14 10.58 10.51 11.39 11.24 10.52 10.24 10.47 10.45 10.75 
6.83 9.4 9.08 9.71 9.79 10.61 10.37 9.9 10.09 10.31 10.76 11.13 
10.64 11.4 10.46 10.35 10.81 11.7 11.54 11.66 11.95 12.25 12.39 12.69 
9.62 10.63 9.27 9.55 10.13 10.94 10.69 10.77 10.94 11.62 11.91 12.37 
9.8 11.04 9.96 10.14 10.59 11.21 11.18 11.1 11.39 11.65 11.84 12.1 
9.33 10.86 9.45 9.8 10.65 10.95 11.21 10.94 10.96 11.29 11.72 12.22 
10.01 11.07 9.62 9.81 10.43 11.11 11.07 11.18 11.29 11.48 11.67 12.04 
9.3 10.39 9.21 9.91 10.36 11.08 10.87 10.65 10.79 11.16 11.56 12.06 
8.71 10.68 10.0 9.85 9.66 11.06 10.9 11.08 11.49 11.94 12.05 12.34 
9.52 10.37 9.54 9.69 10.26 10.89 10.73 10.66 10.65 11.04 11.36 11.79 
10.25 11.02 9.65 10.03 10.56 11.37 11.3 11.29 11.54 11.72 11.85 12.23 
8.86 9.75 8.5 8.95 9.65 10.2 9.93 10.08 10.15 10.76 11.18 11.63 
9.51 10.74 9.53 9.98 10.45 11.3 10.95 10.97 11.28 11.61 11.72 11.92 
9.69 11.26 9.58 9.76 10.37 11.11 11.4 10.83 10.91 11.26 11.59 12.05 
10.09 10.98 9.33 9.43 10.14 11.13 10.96 11.03 11.24 11.44 11.52 11.78 
9.18 9.97 9.09 9.11 9.61 10.41 10.21 10.22 10.31 10.89 11.41 11.81 
9.63 10.78 9.5 9.8 10.25 11.08 10.85 10.83 11.14 11.46 11.57 11.79 
9.38 11.03 9.27 9.34 9.83 11.06 11.26 10.87 10.97 11.22 11.54 12.01 
10.08 10.76 9.17 9.65 10.35 11.13 10.89 11.08 11.22 11.42 11.47 11.72 
9.27 10.06 8.73 9.01 9.77 10.47 10.26 10.28 10.35 11.01 11.46 11.84 
9.62 11.07 9.72 9.87 10.45 10.98 10.93 11.0 11.2 11.44 11.48 11.76 
9.18 10.76 9.72 9.54 10.45 10.94 10.78 10.72 10.85 11.05 11.42 11.9 
9.94 11.02 9.93 9.54 10.21 11.04 10.9 11.01 11.18 11.35 11.49 11.81 
9.85 11.16 9.77 10.06 10.16 11.21 11.03 10.83 11.01 11.17 11.39 11.81 
9.74 10.81 9.53 9.89 9.6 10.75 10.82 10.99 11.15 11.44 11.48 11.69 
9.91 10.42 9.37 9.53 9.91 10.88 10.68 10.75 10.94 11.32 11.44 11.74 
9.97 10.51 9.3 9.9 9.81 10.71 10.67 10.74 11.1 11.29 11.35 11.61 
9.21 10.1 9.06 9.26 10.31 10.68 10.53 10.65 10.66 10.98 11.32 11.75 
9.13 10.39 9.42 9.68 9.92 10.59 10.64 10.69 11.09 11.31 11.37 11.36 
9.48 10.75 9.77 9.74 10.37 11.08 11.26 10.85 10.95 11.21 11.5 11.96 
10.01 10.53 9.65 9.41 10.5 11.01 10.91 11.12 11.24 11.39 11.49 11.73 
10.05 10.29 9.12 9.2 10.25 10.72 10.49 10.87 11.2 11.61 11.66 11.69 
8.39 10.11 9.28 9.9 9.34 10.49 10.18 10.38 10.51 11.08 11.31 11.58 
6.9 9.87 9.34 9.38 9.46 10.3 10.18 10.38 10.41 10.64 10.78 10.96 
10.23 10.65 9.61 9.86 10.48 11.27 11.03 11.2 11.49 11.94 12.01 12.26 
9.55 10.96 9.78 9.82 10.56 11.27 11.13 11.04 11.21 11.58 11.56 11.76 
9.64 10.84 9.86 10.0 10.48 11.05 11.0 11.04 11.38 11.83 11.99 12.16 
9.16 10.29 9.42 10.19 10.43 11.07 11.06 10.96 11.38 11.52 11.79 11.99 
9.89 10.33 9.93 9.96 10.23 11.13 10.98 11.14 11.34 11.43 11.49 11.7 
9.32 9.98 9.35 10.03 10.03 10.98 10.82 10.71 11.05 11.12 11.48 11.97 
9.19 10.68 9.96 10.15 10.08 10.98 10.84 10.98 11.38 11.62 11.7 11.87 
9.5 11.04 9.99 9.98 10.63 11.14 10.99 10.91 10.96 11.02 11.24 11.65 
9.91 10.53 9.77 9.91 10.37 11.3 11.1 11.05 11.28 11.24 11.27 11.62 
9.94 10.69 9.94 9.85 10.48 11.18 11.1 11.32 11.55 11.57 11.64 11.84 
9.68 10.84 9.69 10.16 10.25 11.19 11.07 11.1 11.42 11.61 11.57 11.56 
9.71 10.77 9.75 9.75 10.04 11.0 11.22 10.91 11.18 11.4 11.36 11.4 
9.99 10.37 9.28 9.42 10.32 10.74 10.89 10.95 11.09 11.16 11.11 11.26 
9.46 10.23 9.67 9.21 10.15 10.55 10.47 10.53 10.67 10.78 10.95 11.23 
9.28 10.52 9.34 9.91 9.88 10.91 10.63 10.84 11.11 11.29 11.29 11.38 
9.03 10.82 9.27 9.72 10.01 10.76 10.98 10.65 10.79 10.72 10.93 11.35 
10.05 10.86 9.46 9.75 10.06 10.82 10.88 11.07 11.2 11.26 11.19 11.35 
9.58 10.65 9.79 9.68 10.51 11.14 11.0 11.01 11.11 11.28 11.46 11.68 
9.63 10.89 9.47 9.84 10.33 10.9 10.86 10.92 11.1 11.26 11.22 11.36 
9.2 10.72 9.5 9.92 10.35 10.99 11.03 10.77 10.89 10.82 11.07 11.52 
9.91 10.99 9.92 9.56 10.38 11.14 10.96 11.03 11.16 11.1 11.13 11.42 
9.89 10.83 9.74 9.98 10.1 11.23 11.02 10.8 11.0 11.05 11.08 11.42 
9.43 10.34 9.54 9.41 9.44 10.39 10.52 10.67 10.85 11.08 11.0 11.1 
9.65 10.78 9.87 9.72 10.36 10.83 10.78 10.92 11.03 11.23 11.34 11.42 
9.96 11.04 10.06 10.41 10.46 11.24 11.21 11.22 11.5 11.67 11.64 11.61 
9.51 10.59 9.71 9.25 10.03 10.94 10.55 10.7 10.96 10.98 11.15 11.41 
9.49 10.93 10.05 10.05 10.17 10.89 10.59 10.91 11.19 11.62 11.6 11.42 
9.48 11.17 9.98 9.7 10.26 11.05 11.27 10.83 11.01 11.15 11.21 11.51 
10.17 11.1 9.53 9.65 10.53 10.99 11.02 11.06 11.32 11.33 11.26 11.36 
9.62 10.8 9.45 9.58 10.18 10.64 10.56 10.87 11.21 11.5 11.45 11.48 
9.48 11.26 9.41 9.74 9.61 10.2 10.15 10.22 10.55 11.11 11.62 11.77 
9.59 11.2 9.58 9.57 9.64 10.26 9.97 9.98 10.15 10.46 11.04 11.34 
9.54 11.11 9.6 9.7 9.78 10.38 10.06 9.95 10.01 10.39 11.02 11.32 
9.23 11.27 9.92 9.8 9.79 10.46 10.19 10.07 10.09 10.4 11.27 11.53 
9.52 11.39 9.97 9.78 9.92 10.42 10.06 9.93 9.97 10.35 10.99 11.16 
9.48 11.29 9.86 9.79 9.91 10.54 10.22 9.84 9.86 10.31 10.81 11.03 
9.52 11.23 9.9 9.85 10.16 10.57 10.51 10.03 10.1 10.38 10.74 11.05 
9.52 11.11 9.71 9.79 10.03 10.48 10.42 10.07 10.22 10.11 10.55 10.87 
9.11 10.92 9.85 9.69 10.06 10.76 10.62 10.52 10.26 10.03 10.56 10.94 
9.55 11.16 9.81 9.59 9.92 10.74 10.58 10.29 10.09 9.65 10.09 10.42 
9.26 10.35 8.98 9.26 9.6 10.52 10.64 10.28 9.72 9.43 9.62 9.9 
8.86 11.01 9.76 9.78 10.08 11.02 11.39 11.0 10.51 10.38 10.22 10.33 
9.39 10.92 9.69 9.6 9.87 10.73 11.01 10.86 10.08 9.91 9.72 9.79 
9.22 10.86 9.58 9.57 9.89 10.58 10.94 10.89 10.18 9.95 9.59 9.59 
9.11 10.84 9.43 9.56 9.97 10.57 11.38 11.7 10.84 10.7 10.26 10.01 
9.3 11.07 9.83 9.86 10.11 10.53 11.0 11.51 10.79 10.42 10.18 9.97 
8.68 10.67 9.58 9.57 9.97 10.47 10.83 11.6 10.99 10.65 10.62 10.35 
9.33 11.02 9.66 9.57 9.84 10.51 11.2 11.61 11.29 10.7 10.33 10.18 
9.23 10.58 9.39 9.36 9.61 10.12 10.99 11.5 11.43 11.25 10.89 10.69 
9.25 10.87 9.46 9.06 9.26 10.15 10.51 10.44 10.41 10.34 10.14 10.14 
6.14 6.34 6.34 7.3 7.61 8.02 7.22 6.52 5.92 5.86 6.33 6.91 
9.71 11.5 10.08 9.75 9.8 10.75 11.52 11.72 11.69 11.83 12.14 12.41 
9.57 11.38 10.19 9.89 9.81 10.81 11.5 11.79 11.71 11.96 12.31 12.5 
9.64 11.23 9.92 9.8 9.71 10.62 11.33 11.55 11.52 11.74 12.11 12.27 
9.23 11.29 10.02 9.68 9.93 10.64 11.32 11.7 11.63 11.93 12.27 12.36 
9.46 11.24 9.87 9.8 9.76 10.66 11.34 11.53 11.52 11.74 12.06 12.26 
9.59 10.91 9.62 9.28 9.54 10.4 11.27 11.36 11.36 11.61 11.87 11.94 
9.06 11.15 9.85 9.88 9.97 10.87 11.41 11.41 11.72 11.83 12.05 12.15 
9.44 11.26 9.62 9.76 9.82 10.65 11.31 11.39 11.37 11.59 11.8 12.08 
9.42 10.91 9.73 9.78 9.71 10.73 11.23 11.17 11.25 11.48 11.72 12.01 
9.43 11.05 9.84 9.77 9.87 10.8 11.29 11.28 11.41 11.56 11.84 12.0 
9.54 11.05 9.63 9.78 9.85 10.81 11.22 11.28 11.34 11.43 11.64 11.87 
9.08 11.05 9.57 9.53 9.84 10.75 11.15 11.42 11.46 11.68 11.88 12.11 
9.53 11.23 9.73 9.64 9.75 10.69 11.18 11.38 11.51 11.54 11.71 12.1 
9.42 11.12 9.74 9.5 9.72 10.34 10.88 10.88 11.15 11.58 11.55 11.77 
8.85 11.17 9.63 9.87 10.06 10.81 11.23 11.26 11.47 11.91 11.84 12.08 
9.4 11.17 9.68 9.65 9.83 10.57 11.1 11.12 11.51 11.62 11.63 12.07 
9.39 11.19 9.78 9.72 9.78 10.56 10.95 11.06 11.52 11.48 11.6 12.03 
9.42 11.18 9.86 9.82 9.81 10.74 11.14 11.56 11.54 11.52 11.69 11.95 
9.37 11.14 9.72 9.64 9.75 10.58 11.21 11.43 11.32 11.38 11.53 11.88 
9.5 11.25 10.09 9.92 9.86 10.96 11.44 11.46 11.44 11.54 11.75 12.07 
9.8 10.89 9.57 8.95 8.85 9.93 10.22 10.16 10.23 10.25 10.36 10.68 
2.7 2.39 1.95 1.77 1.7 1.77 1.76 1.77 1.82 1.84 1.89 2.04 
9.32 11.66 10.0 9.86 10.15 11.05 11.51 11.62 11.89 12.04 12.43 12.59 
9.64 11.38 9.75 9.62 9.8 10.77 11.38 11.39 11.55 11.75 12.16 12.4 
9.47 11.19 9.49 9.33 9.82 10.54 11.29 11.34 11.38 11.67 12.09 12.26 
9.54 11.24 9.75 9.65 9.74 10.64 11.16 11.65 11.61 11.77 12.09 12.18 
9.43 10.95 9.84 9.76 9.72 10.57 10.97 11.14 11.57 11.63 11.87 12.01 
9.23 11.08 9.95 9.76 10.01 10.62 11.09 11.27 11.69 11.9 12.05 12.24 
9.45 11.01 9.77 9.75 9.84 10.7 11.1 11.13 11.62 11.76 11.91 12.21 
9.5 11.03 9.81 9.57 9.48 10.44 10.81 10.8 11.5 11.63 11.74 11.92 
9.07 11.3 9.97 9.76 10.05 10.96 11.26 11.22 11.77 11.88 11.93 12.14 
9.55 11.19 9.89 9.79 9.87 10.8 11.1 11.1 11.58 11.58 11.72 12.04 
9.26 11.08 9.73 9.64 9.74 10.52 10.87 11.07 11.37 11.6 11.78 12.09 
9.54 11.12 9.7 9.5 9.66 10.54 11.22 11.6 11.43 11.59 11.73 11.95 
9.28 11.13 9.77 9.68 9.61 10.58 11.13 11.15 11.28 11.37 11.61 11.88 
9.13 11.15 9.75 9.64 9.86 10.74 11.26 11.36 11.54 11.66 11.85 12.14 
9.81 11.78 10.23 10.23 10.12 11.03 11.5 11.55 11.57 11.66 11.97 12.35 
9.07 10.83 9.53 9.45 9.45 10.43 10.95 10.85 11.0 11.09 11.35 11.62 
8.99 11.25 9.92 9.77 9.87 11.07 11.25 11.33 11.49 11.63 11.83 12.06 
9.39 11.21 9.85 9.5 9.76 10.71 11.12 11.23 11.35 11.4 11.61 12.0 
9.55 11.18 9.83 9.54 9.58 10.64 11.0 11.06 11.23 11.3 11.61 11.98 
9.79 11.19 9.84 9.64 9.38 10.55 10.97 10.98 11.06 11.15 11.46 11.88 
9.61 11.19 9.8 9.57 9.63 10.68 11.05 11.03 11.19 11.25 11.58 11.91 
9.73 10.99 9.81 9.17 9.27 10.32 10.8 10.82 10.94 10.89 11.21 11.62 
9.65 11.2 9.87 9.4 9.21 10.39 10.85 10.86 11.22 11.15 11.48 11.96 
9.74 11.36 9.67 9.15 9.14 10.3 10.71 10.7 10.88 11.04 11.32 11.94 
10.05 10.97 9.44 9.04 8.85 9.73 9.95 10.07 10.11 10.6 10.81 11.38 
9.17 10.66 9.73 9.8 9.57 10.12 10.44 10.55 10.39 10.64 10.88 11.24 
9.53 11.15 9.79 9.82 9.39 10.14 10.66 10.93 10.65 10.79 11.03 11.22 
9.69 11.09 9.74 9.84 9.54 10.01 10.3 10.45 10.18 10.27 10.4 10.65 
9.52 11.21 9.78 9.91 9.53 10.23 10.83 11.04 10.81 10.94 11.19 11.29 
9.4 11.31 10.1 10.23 9.84 10.33 10.69 10.83 10.75 10.79 10.9 11.26 
9.78 11.39 10.15 10.34 9.85 10.34 10.53 10.76 10.49 10.45 10.45 10.83 
9.69 11.22 9.67 9.84 9.38 10.09 10.58 10.73 10.42 10.66 11.15 11.78 
9.35 10.83 9.63 9.74 9.33 9.99 10.25 10.23 10.08 10.22 10.28 10.26 
9.76 11.41 10.23 10.37 9.96 10.78 11.44 11.16 10.89 11.03 11.33 12.22 
9.36 10.79 9.45 9.58 9.35 10.06 10.6 10.66 10.49 10.56 10.92 11.17 
9.61 11.0 9.66 9.93 9.58 10.57 10.84 10.73 10.52 10.43 10.42 10.3 
10.11 11.22 9.85 9.87 9.66 10.53 11.22 11.05 10.74 10.78 10.88 11.03 
9.66 11.13 9.91 9.97 9.7 10.54 11.02 10.74 10.55 10.52 10.72 10.98 
9.2 10.98 9.66 9.82 9.42 10.31 11.03 10.65 10.46 10.65 10.62 10.68 
9.67 11.16 9.9 9.83 9.61 10.3 11.21 10.96 10.69 10.62 10.86 10.96 
9.91 11.46 10.16 10.17 9.78 10.54 11.21 10.91 10.67 10.56 10.58 10.77 
9.42 11.09 9.7 9.77 9.38 10.17 10.97 10.85 10.6 10.7 11.01 11.24 
9.59 11.09 9.88 10.01 9.57 10.3 10.91 10.73 10.55 10.33 10.19 10.18 
9.55 11.1 10.07 10.22 9.81 10.4 11.05 10.95 10.85 10.67 10.75 11.28 
9.35 11.36 9.32 9.38 9.1 10.23 11.24 11.51 11.16 11.12 11.42 11.5 
9.04 10.26 9.07 9.34 9.0 9.88 10.54 10.63 10.64 10.63 10.56 10.62 
9.7 11.27 9.42 9.6 9.58 10.6 11.36 11.4 11.33 11.37 11.55 11.88 
9.67 11.07 9.63 9.85 10.12 10.89 11.49 11.45 11.5 11.4 11.27 11.5 
9.8 10.88 9.52 9.68 10.04 10.81 11.53 11.51 11.45 11.48 11.29 11.58 
9.87 11.2 9.66 9.85 10.07 10.98 11.64 11.67 11.57 11.69 11.61 11.66 
9.51 11.04 9.8 9.64 9.94 10.87 11.42 11.45 11.41 11.59 11.35 11.43 
9.33 11.04 9.44 9.59 9.84 10.61 11.31 11.27 11.13 11.42 11.37 11.44 
9.66 11.1 9.59 9.7 9.91 10.78 11.53 11.55 11.37 11.55 11.72 11.8 
9.89 11.05 9.57 9.54 9.62 10.34 10.99 11.04 10.92 11.06 11.18 10.83 
9.98 10.91 9.43 9.47 9.4 10.08 10.69 10.82 10.62 10.79 11.07 11.11 
9.4 10.56 9.39 9.63 9.71 10.77 11.18 11.39 11.23 11.36 11.59 11.69 
9.65 10.9 9.59 9.79 9.92 10.75 11.26 11.33 11.03 11.09 11.21 11.3 
9.6 11.06 9.53 9.71 9.99 10.78 11.41 11.49 11.25 11.29 11.58 11.76 
9.48 10.99 9.55 9.7 10.02 10.78 11.42 11.46 11.29 11.29 11.42 11.68 
9.53 11.4 9.86 9.9 10.11 10.91 11.42 11.45 11.33 11.32 11.54 11.92 
9.71 11.35 9.57 9.67 9.87 10.85 11.48 11.49 11.32 11.4 11.59 11.9 
9.66 11.21 9.7 9.71 9.93 10.94 11.4 11.42 11.23 11.3 11.35 11.53 
9.65 11.64 10.18 10.04 10.25 10.7 11.22 11.42 11.38 11.64 11.69 11.72 
9.78 11.74 10.31 9.44 9.64 9.92 10.14 10.45 10.84 11.25 11.25 10.76 
9.53 12.0 10.53 9.56 9.79 10.21 10.4 10.71 11.09 11.59 11.62 11.12 
9.59 11.85 10.17 9.62 10.03 10.54 11.06 11.4 11.45 11.7 11.67 11.61 
9.88 11.55 10.08 9.88 9.81 10.64 11.25 11.54 11.49 11.58 11.38 11.41 
9.14 11.28 10.27 10.03 10.11 10.61 11.36 11.58 11.58 11.75 11.64 11.55 
7.95 10.31 9.79 9.77 9.55 10.42 10.96 11.36 11.33 11.36 11.29 11.31 
9.69 11.5 10.12 9.93 10.07 10.88 11.46 11.69 11.66 11.69 11.5 11.34 
9.8 11.48 10.23 9.98 10.07 10.76 11.3 11.7 11.6 11.65 11.39 11.25 
9.61 11.35 10.25 9.95 10.1 10.62 11.36 11.6 11.51 11.61 11.47 11.25 
9.75 11.47 10.02 9.8 10.0 10.76 11.4 11.57 11.59 11.59 11.2 11.06 
9.71 11.31 10.08 9.99 10.17 10.8 11.33 11.6 11.58 11.58 11.29 11.18 
9.81 11.01 9.72 10.05 9.84 10.83 11.11 11.43 11.44 11.58 11.34 11.18 
9.67 11.36 9.94 10.17 10.0 10.76 11.14 11.37 11.43 11.52 11.34 11.19 
9.72 11.11 9.66 9.91 9.82 10.79 11.1 11.45 11.48 11.54 11.26 11.12 
9.69 11.24 9.83 10.1 9.98 10.97 11.19 11.57 11.52 11.61 11.3 11.21 
9.92 11.4 9.96 9.85 10.05 10.83 11.18 11.6 11.55 11.66 11.31 11.14 
9.62 11.26 10.03 10.09 9.92 10.79 11.07 11.43 11.42 11.55 11.45 11.3 
9.68 11.46 10.05 9.98 10.09 10.84 11.19 11.5 11.52 11.57 11.26 11.18 
9.89 11.46 9.81 9.93 9.99 10.75 11.13 11.44 11.43 11.52 11.24 11.19 
9.82 11.42 9.77 9.69 9.98 10.73 11.1 11.44 11.44 11.46 11.24 11.16 
9.12 11.19 10.15 9.89 10.4 10.62 11.18 11.44 11.52 11.7 11.56 11.35 
8.67 11.23 10.2 10.13 10.46 10.67 11.23 11.52 11.57 11.76 11.64 11.38 
9.76 11.4 10.05 9.85 10.2 10.65 11.36 11.57 11.59 11.62 11.3 11.22 
10.0 11.23 9.99 9.66 10.01 10.7 11.3 11.62 11.63 11.7 11.42 11.19 
9.56 11.39 10.1 9.7 10.24 10.51 11.16 11.5 11.42 11.67 11.58 11.54 
9.79 11.68 10.11 9.79 10.46 10.73 11.5 11.78 11.64 11.81 11.5 11.33 
9.57 11.41 9.98 9.51 10.28 10.54 11.04 11.48 11.37 11.44 11.23 11.07 
9.64 11.08 9.65 9.54 9.99 10.73 11.17 11.44 11.4 11.43 11.21 11.09 
9.6 11.4 9.9 9.82 10.13 10.87 11.24 11.42 11.46 11.49 11.37 11.27 
9.67 11.18 9.75 9.5 10.01 10.9 11.22 11.4 11.44 11.43 11.24 11.1 
10.02 11.16 9.96 9.76 10.09 10.94 11.21 11.56 11.66 11.69 11.37 11.18 
9.84 11.29 9.96 9.68 10.03 10.86 11.13 11.49 11.56 11.54 11.21 11.07 
9.81 11.17 10.01 9.8 10.09 10.87 10.97 11.32 11.51 11.6 11.4 11.12 
9.83 10.66 9.86 9.4 9.75 10.71 10.89 11.28 11.35 11.5 11.27 10.96 
9.81 10.91 10.04 9.62 9.9 10.48 10.83 11.1 11.16 11.36 11.24 10.91 
9.63 10.95 9.85 9.66 9.78 9.99 10.39 10.55 10.49 10.51 10.29 9.95 
9.38 11.01 10.13 10.0 9.75 10.02 10.34 10.41 10.23 9.98 9.7 9.35 
9.6 10.98 9.9 9.8 9.8 10.48 10.34 10.39 10.03 9.55 9.35 9.28 
9.33 10.84 9.73 9.62 9.74 10.59 11.09 10.88 10.43 10.09 9.88 9.79 
9.51 10.76 9.4 9.5 9.8 10.3 11.22 11.54 11.08 10.65 10.13 10.22 
9.44 11.04 9.7 9.96 10.02 10.49 11.15 11.44 11.43 11.29 11.27 11.26 
8.71 10.46 9.91 9.83 9.82 10.72 11.22 11.53 11.57 11.61 11.76 11.84 
9.76 11.3 9.78 9.79 9.95 10.76 11.12 11.56 11.49 11.53 11.59 11.55 
9.67 11.28 9.85 10.08 9.95 10.8 11.18 11.54 11.53 11.59 11.64 11.61 
9.71 11.47 10.05 10.14 10.18 10.91 11.07 11.61 11.58 11.66 11.74 11.58 
9.92 11.27 10.06 9.98 9.99 10.88 11.14 11.53 11.59 11.71 11.54 11.4 
9.77 10.89 9.65 9.97 9.7 10.81 10.94 11.33 11.39 11.53 11.36 11.34 
9.83 11.32 9.91 10.01 10.05 10.92 11.19 11.51 11.58 11.59 11.32 11.28 
9.7 11.32 9.99 9.78 10.03 10.77 11.15 11.52 11.52 11.58 11.35 11.3 
9.66 11.2 9.77 9.62 9.73 10.65 11.06 11.37 11.36 11.39 11.06 10.95 
9.86 11.34 9.91 9.62 9.84 10.7 11.21 11.41 11.5 11.45 11.11 11.23 
10.01 11.34 9.97 9.5 9.79 10.56 11.21 11.35 11.59 11.64 11.34 11.27 
9.96 10.79 9.89 9.64 9.94 10.39 11.04 11.34 11.51 11.62 11.32 11.17 
9.72 11.16 10.04 9.66 10.16 10.52 11.16 11.31 11.48 11.58 11.34 11.17 
9.55 11.21 9.96 9.7 10.23 10.52 11.21 11.36 11.46 11.61 11.43 11.31 
9.85 11.17 9.98 9.85 9.92 10.51 11.14 11.5 11.47 11.56 11.31 11.38 
9.67 11.6 9.92 9.82 10.35 10.62 11.37 11.6 11.6 11.68 11.42 11.43 
9.37 11.45 10.05 9.75 10.15 10.5 11.24 11.46 11.38 11.41 11.12 11.19 
9.9 11.48 9.93 9.63 10.35 10.75 11.21 11.56 11.54 11.61 11.32 11.3 
9.66 11.15 9.72 9.54 10.05 10.67 11.08 11.4 11.47 11.41 11.16 11.28 
9.55 11.29 9.99 9.7 10.25 10.75 11.19 11.36 11.46 11.52 11.33 11.31 
9.58 11.24 9.87 9.6 9.95 10.88 11.11 11.36 11.47 11.6 11.32 11.23 
10.0 11.25 10.04 9.57 10.02 10.95 11.14 11.48 11.6 11.6 11.24 11.18 
9.92 11.26 9.84 9.54 9.95 10.82 11.06 11.39 11.5 11.57 11.22 11.24 
9.82 11.11 9.8 9.6 9.99 10.71 10.87 11.24 11.3 11.6 11.44 11.13 
10.08 10.94 9.48 9.45 9.8 10.7 10.77 11.16 11.34 11.56 11.29 10.84 
8.7 9.22 8.5 8.93 9.05 9.92 10.81 9.75 8.69 8.16 7.69 7.7 
9.33 9.46 8.55 9.26 9.11 10.11 10.79 9.86 8.72 8.24 8.32 8.42 
9.24 9.51 8.34 9.06 8.87 10.08 10.52 9.63 8.62 8.21 8.69 8.85 
9.88 10.38 9.14 9.62 9.34 10.46 10.71 10.03 9.35 9.3 9.85 10.35 
10.02 10.93 9.67 9.71 9.69 10.72 10.91 10.92 10.67 11.18 11.57 11.82 
9.83 10.65 9.68 9.72 9.61 10.45 10.6 10.66 10.55 11.11 11.44 11.59 
9.77 10.51 9.45 9.51 9.45 10.45 10.58 10.59 10.55 11.04 11.47 11.6 
9.79 10.56 9.44 9.59 9.46 10.59 10.46 10.46 10.5 11.01 11.4 11.38 
9.54 10.48 9.36 9.77 9.42 10.4 10.73 10.79 10.55 11.03 11.41 11.54 
9.62 10.36 9.25 9.5 9.33 10.39 10.53 10.34 10.4 10.92 11.21 11.28 
9.65 10.47 9.25 9.6 9.51 10.53 10.68 10.72 10.51 10.93 11.3 11.45 
9.6 10.43 9.34 9.44 9.21 10.33 10.38 10.41 10.34 10.87 11.08 11.27 
9.67 10.43 9.21 9.46 9.49 10.46 10.66 10.72 10.56 10.95 11.22 11.47 
9.65 10.51 9.17 9.6 9.46 10.58 10.46 10.26 10.26 10.77 11.03 11.18 
9.73 10.88 9.48 9.65 9.63 10.67 10.67 10.65 10.53 10.88 11.2 11.45 
9.65 10.6 9.3 9.58 9.42 10.5 10.43 10.4 10.35 10.81 11.05 11.27 
9.56 10.6 9.3 9.57 9.71 10.38 10.67 10.67 10.56 10.87 11.09 11.39 
9.6 10.58 9.28 9.54 9.78 10.42 10.52 10.36 10.43 10.76 11.06 11.23 
9.62 10.64 9.52 9.89 10.03 10.51 10.9 10.71 10.61 10.9 11.23 11.5 
9.51 10.77 9.39 9.5 9.71 10.43 10.76 10.36 10.47 10.71 10.89 11.09 
9.68 10.68 9.29 9.51 9.89 10.47 10.91 10.75 10.66 10.96 11.22 11.55 
9.7 10.47 9.18 9.51 9.86 10.44 10.65 10.21 10.47 10.75 11.11 11.24 
9.62 10.71 9.4 9.82 10.14 10.41 10.91 10.71 10.59 10.84 11.14 11.52 
9.78 10.86 9.52 9.5 9.99 10.22 10.65 10.47 10.37 10.74 11.0 11.18 
9.93 10.82 9.39 9.43 9.88 10.36 10.91 10.85 10.59 10.85 11.12 11.47 
9.88 10.76 9.34 9.47 9.74 10.52 10.67 10.46 10.43 10.77 11.03 11.22 
9.93 10.68 9.45 9.47 9.72 10.63 10.79 10.72 10.53 10.8 11.16 11.48 
9.86 10.76 9.5 9.57 9.74 10.58 10.63 10.5 10.48 10.78 11.06 11.21 
9.9 10.59 9.41 9.19 9.66 10.64 10.69 10.62 10.51 10.74 11.09 11.41 
10.13 10.81 9.54 9.62 9.85 10.88 10.75 10.66 10.57 10.95 11.21 11.42 
9.67 10.24 9.15 9.26 9.06 10.28 10.31 10.38 10.2 10.52 10.84 11.09 
9.3 10.43 9.32 9.2 9.56 10.17 10.35 10.16 10.38 10.64 10.92 11.02 
9.73 10.54 9.45 9.45 10.08 10.79 10.84 10.94 10.69 10.99 11.36 11.63 
10.05 10.69 9.51 9.72 10.03 11.0 10.85 10.85 10.7 11.14 11.39 11.66 
9.39 10.39 9.13 9.37 9.58 10.42 10.44 10.52 10.33 10.67 10.98 11.29 
9.77 10.57 9.39 9.59 10.17 10.48 10.76 10.51 10.43 10.81 11.05 11.32 
9.79 10.66 9.37 9.47 9.83 10.53 10.86 10.87 10.63 10.95 11.21 11.58 
9.89 10.64 9.65 9.83 10.12 10.67 10.78 10.77 10.54 11.05 11.28 11.55 
9.55 10.31 9.12 9.19 9.64 10.16 10.47 10.45 10.27 10.53 10.88 11.19 
9.7 10.49 9.3 9.48 9.86 10.49 10.6 10.47 10.45 10.87 11.11 11.32 
9.79 10.68 9.47 9.89 10.11 10.71 11.03 11.01 10.8 11.21 11.53 11.82 
9.37 10.09 9.04 9.16 9.5 10.18 10.41 10.16 10.14 10.52 10.77 11.03 
9.67 10.45 9.23 9.6 9.79 10.45 10.64 10.7 10.6 10.87 11.15 11.48 
9.58 10.36 9.37 9.41 9.94 10.36 10.59 10.43 10.39 10.85 11.04 11.43 
9.84 10.61 9.46 9.69 10.11 10.85 11.06 10.97 10.83 11.25 11.47 11.88 
9.46 10.23 8.95 9.35 9.56 10.34 10.28 10.1 10.12 10.52 10.76 11.02 
9.73 10.9 9.43 9.52 9.98 10.7 10.83 10.69 10.59 10.94 11.25 11.58 
9.89 10.82 9.47 9.8 10.1 10.77 10.99 10.74 10.7 11.1 11.36 11.69 
9.34 10.4 8.99 9.37 9.87 10.22 10.73 10.53 10.42 10.73 11.05 11.34 
9.69 10.5 9.59 9.54 10.03 10.55 10.95 10.72 10.95 10.76 11.38 11.47 
9.69 10.75 9.43 9.79 10.02 10.41 11.02 10.96 10.85 10.7 11.14 11.32 
9.83 10.63 9.33 9.58 10.56 10.44 10.88 10.54 10.74 11.13 11.36 11.66 
9.53 10.47 9.12 9.34 10.02 10.23 10.71 10.65 10.41 10.76 11.07 11.41 
9.74 10.67 9.34 9.49 10.27 10.59 10.83 10.56 10.53 10.91 11.18 11.46 
9.98 11.06 9.62 9.78 10.53 10.79 11.2 11.12 10.99 11.28 11.59 11.93 
9.73 10.52 9.28 9.37 9.91 10.29 10.68 10.53 10.63 10.67 11.06 11.25 
9.86 10.69 9.52 9.61 10.1 10.46 10.91 10.97 11.05 10.56 11.24 11.27 
9.87 10.58 9.42 9.55 9.98 10.39 10.88 10.85 10.95 10.46 11.15 11.18 
9.85 10.71 9.42 9.53 10.17 10.44 10.89 10.87 10.97 10.51 11.11 11.34 
9.61 10.45 9.43 8.9 9.49 9.7 10.05 10.08 10.3 10.22 10.7 10.95 
8.4 8.44 7.37 7.48 8.98 8.08 9.05 8.98 9.13 9.3 9.82 10.14 
8.84 9.14 8.4 7.75 8.39 9.06 9.56 9.61 9.76 10.34 10.6 11.1 
10.04 11.07 9.98 9.92 9.9 10.62 10.9 10.99 11.35 11.59 11.84 12.22 
9.69 10.87 9.5 9.37 9.76 10.22 10.65 10.59 10.84 11.09 11.32 11.6 
9.71 11.03 9.53 9.22 9.95 10.62 10.92 11.06 11.21 11.53 11.67 11.95 
9.94 11.1 9.72 9.49 10.12 10.47 10.92 10.9 11.15 11.44 11.71 11.95 
9.71 10.97 9.48 9.66 10.18 10.7 10.95 10.87 11.17 11.44 11.58 11.86 
9.83 11.14 9.82 9.33 9.92 10.69 10.68 10.88 11.01 11.26 11.5 11.78 
10.42 11.11 9.78 9.9 10.08 11.08 11.04 11.22 11.41 11.72 11.82 12.1 
9.89 10.62 9.33 9.27 9.88 10.33 10.47 10.49 10.71 10.98 11.18 11.41 
9.87 10.81 9.52 10.05 9.92 10.63 10.79 10.88 11.2 11.47 11.64 11.96 
10.13 10.71 9.39 9.78 10.03 10.54 10.58 10.59 10.87 11.13 11.33 11.57 
10.34 11.06 9.68 9.9 10.53 10.76 10.97 11.06 11.33 11.62 11.74 12.0 
9.58 10.63 9.37 9.21 9.77 10.14 10.5 10.4 10.7 11.05 11.29 11.59 
10.11 10.75 9.45 9.48 9.96 10.65 11.01 10.77 11.03 11.38 11.49 11.79 
10.35 11.3 9.98 9.5 10.32 10.56 11.18 10.71 11.12 11.41 11.66 11.9 
9.81 10.54 9.29 9.02 10.11 9.91 10.6 10.42 10.74 11.02 11.18 11.47 
10.05 10.85 9.51 9.22 10.1 10.03 10.74 10.47 10.77 11.08 11.33 11.65 
10.17 10.71 9.6 9.68 10.0 10.24 10.77 10.7 11.08 11.36 11.55 11.87 
10.28 10.92 9.57 9.43 10.04 10.44 10.87 10.99 10.97 11.29 11.55 11.88 
9.83 10.46 9.31 9.07 9.66 10.08 10.52 10.71 10.7 11.08 11.16 11.44 
10.21 10.73 9.6 9.16 9.99 10.24 10.72 10.72 10.9 11.27 11.53 11.84 
10.29 10.94 9.73 9.59 10.16 10.81 11.05 11.05 11.26 11.55 11.7 11.99 
9.8 10.68 9.65 8.88 9.37 10.33 10.41 10.44 10.5 10.79 11.04 11.34 
10.1 10.92 9.61 9.28 9.56 10.76 10.76 10.76 10.97 11.29 11.39 11.7 
10.1 10.92 9.66 9.21 9.96 10.52 10.75 10.58 10.78 11.08 11.3 11.58 
10.42 11.0 9.84 10.09 10.1 11.01 11.1 11.01 11.38 11.7 11.83 12.17 
9.86 10.59 9.24 9.13 9.71 10.28 10.49 10.28 10.51 10.77 10.99 11.26 
10.14 10.83 9.55 9.43 10.0 10.74 10.85 10.85 11.01 11.27 11.42 11.69 
10.36 11.03 10.01 9.79 9.95 10.94 10.92 11.01 11.21 11.55 11.79 12.15 
9.87 10.45 9.26 9.3 9.43 10.51 10.5 10.6 10.72 11.02 11.15 11.43 
10.02 10.98 9.74 9.39 9.79 10.55 10.7 10.69 10.82 11.09 11.38 11.65 
9.68 10.97 9.44 9.34 10.23 10.36 10.8 10.8 10.99 11.28 11.46 11.74 
9.93 11.24 9.69 9.29 10.25 10.54 11.09 10.91 11.04 11.41 11.6 11.95 
9.71 10.7 9.42 9.41 9.53 10.33 10.51 10.64 10.89 11.19 11.33 11.65 
9.71 10.9 9.37 9.18 9.77 10.42 10.69 10.75 10.84 11.09 11.31 11.68 
9.71 10.99 9.47 9.27 9.57 10.63 10.75 11.0 11.13 11.38 11.52 11.85 
9.95 11.09 9.72 9.23 9.89 10.41 10.75 10.76 11.04 11.33 11.6 11.92 
9.74 10.96 9.52 9.55 9.82 10.66 10.78 10.85 11.11 11.35 11.52 11.83 
9.87 11.08 9.79 9.3 9.76 10.73 10.59 10.88 10.93 11.16 11.42 11.74 
10.42 11.09 9.77 9.93 9.86 11.04 10.94 11.2 11.37 11.64 11.75 12.06 
9.88 10.57 9.29 9.25 9.75 10.34 10.33 10.38 10.57 10.79 11.01 11.28 
9.85 10.74 9.52 10.03 9.68 10.63 10.64 10.83 11.16 11.41 11.58 11.92 
10.38 10.93 9.58 9.84 10.3 10.72 10.79 10.8 11.04 11.33 11.54 11.83 
9.88 10.48 9.28 9.38 10.05 10.21 10.44 10.5 10.76 11.02 11.13 11.41 
9.83 10.83 9.61 9.4 10.01 10.33 10.7 10.61 10.89 11.25 11.51 11.84 
10.11 10.71 9.46 9.43 9.98 10.57 10.92 10.7 10.93 11.29 11.42 11.71 
10.35 11.29 9.95 9.4 10.3 10.44 11.05 10.67 11.03 11.33 11.61 11.88 
9.83 10.47 9.31 8.98 9.97 9.9 10.58 10.42 10.7 10.98 11.14 11.39 
10.05 10.8 9.5 9.17 10.07 10.0 10.69 10.45 10.71 11.03 11.28 11.55 
10.45 10.96 9.83 9.87 10.27 10.46 11.0 10.96 11.37 11.62 11.82 12.12 
9.83 10.38 9.16 8.93 9.59 9.9 10.38 10.43 10.45 10.73 10.97 11.28 
10.06 10.71 9.52 9.28 10.0 10.3 10.76 10.96 10.97 11.34 11.45 11.72 
10.18 10.74 9.64 9.12 10.0 10.26 10.76 10.74 10.91 11.27 11.55 11.84 
10.04 10.7 9.49 9.46 9.86 10.58 10.8 10.8 10.99 11.26 11.42 11.7 
10.04 10.93 9.89 9.14 9.63 10.6 10.68 10.71 10.74 11.07 11.32 11.63 
10.09 10.9 9.58 9.28 9.49 10.7 10.76 10.81 10.99 11.3 11.39 11.69 
10.09 10.93 9.66 9.12 10.02 10.47 10.74 10.57 10.79 11.1 11.32 11.59 
10.21 10.76 9.61 9.86 9.81 10.73 10.85 10.75 11.11 11.42 11.56 11.89 
10.11 10.87 9.51 9.44 10.07 10.49 10.74 10.54 10.81 11.07 11.29 11.55 
10.04 10.88 9.66 9.39 10.23 10.67 10.86 10.87 11.08 11.32 11.45 11.71 
10.09 10.89 9.97 9.55 9.88 10.54 10.66 10.81 11.12 11.42 11.59 11.9 
10.1 10.85 9.9 9.46 9.89 10.61 10.82 11.01 11.29 11.55 11.66 11.91 
10.12 10.85 10.05 9.7 9.89 10.61 10.78 10.84 11.08 11.18 11.27 11.24 
10.1 10.9 10.09 9.71 9.92 10.69 10.93 11.04 11.1 10.89 10.58 10.0 
10.1 10.88 10.04 9.58 9.83 10.56 10.7 10.73 10.84 10.63 10.35 9.95 
10.1 10.86 10.09 9.55 9.79 10.48 10.6 10.62 10.66 10.47 10.36 10.1 
10.15 10.86 10.16 9.56 9.85 10.44 10.53 10.51 10.6 10.41 10.4 10.19 
10.17 10.93 10.22 9.62 9.65 10.45 10.54 10.48 10.57 10.38 10.44 10.3 
10.15 10.93 10.26 9.61 9.78 10.39 10.51 10.4 10.54 10.39 10.35 10.09 
10.12 10.91 10.17 9.52 9.71 10.12 10.33 10.25 10.32 10.11 10.02 9.84 
10.19 10.91 10.3 9.93 9.78 10.56 10.73 10.47 10.67 10.58 10.74 10.7 
10.14 11.03 10.27 9.85 9.7 10.46 10.59 10.37 10.53 10.4 10.47 10.4 
10.12 10.91 10.18 9.75 9.71 10.32 10.46 10.24 10.41 10.3 10.3 10.12 
10.09 10.92 10.11 9.5 9.55 10.1 10.21 10.08 10.13 9.97 9.95 9.83 
10.11 10.94 10.18 9.52 9.57 10.17 10.2 10.09 10.2 9.98 9.99 9.91 
10.15 10.97 10.21 9.64 9.58 10.36 10.32 10.2 10.36 10.17 10.22 10.11 
10.13 10.94 10.26 9.7 9.67 10.38 10.41 10.24 10.45 10.28 10.38 10.33 
10.12 10.87 10.25 9.59 9.61 10.24 10.37 10.16 10.32 10.16 10.18 10.08 
10.15 10.95 10.25 9.83 9.69 10.4 10.56 10.37 10.65 10.89 11.24 11.27 
10.12 11.03 10.22 9.91 9.65 10.46 10.54 10.34 10.83 11.33 11.8 11.71 
10.09 10.89 10.18 9.75 9.64 10.27 10.39 10.26 10.76 11.39 11.84 11.61 
10.05 10.88 10.12 9.59 9.55 10.02 10.09 10.05 10.62 11.36 11.75 11.4 
10.06 10.88 10.13 9.61 9.61 10.14 10.13 10.09 10.66 11.35 11.66 11.14 
10.12 10.96 10.19 9.72 9.64 10.3 10.28 10.19 10.72 11.35 11.58 11.05 
10.11 10.92 10.26 9.82 9.66 10.36 10.4 10.26 10.75 11.24 11.47 10.94 
10.09 10.84 10.24 9.73 9.6 10.24 10.32 10.15 10.65 11.17 11.28 10.71 
10.14 10.91 10.24 9.84 9.7 10.4 10.52 10.24 10.69 11.13 11.23 10.78 
10.09 11.02 10.25 9.97 9.69 10.45 10.51 10.22 10.67 11.11 11.17 10.66 
10.08 10.89 10.19 9.84 9.65 10.29 10.39 10.12 10.57 10.99 11.03 10.44 
10.05 10.89 10.1 9.64 9.59 10.05 10.08 9.9 10.31 10.78 10.79 10.15 
10.07 10.91 10.17 9.64 9.61 10.15 10.17 9.95 10.35 10.78 10.79 10.2 
10.12 10.96 10.23 9.75 9.67 10.31 10.3 10.11 10.5 10.8 10.84 10.32 
10.12 10.91 10.3 9.82 9.7 10.36 10.41 10.18 10.54 10.79 10.83 10.43 
10.07 10.85 10.22 9.7 9.59 10.25 10.32 10.1 10.41 10.68 10.68 10.24 
10.13 10.92 10.22 9.86 9.71 10.41 10.54 10.21 10.55 10.75 10.75 10.52 
10.1 11.02 10.23 9.98 9.73 10.46 10.52 10.29 10.73 10.83 10.84 10.65 
10.1 10.97 10.19 9.86 9.69 10.29 10.43 10.36 10.9 10.96 11.04 10.94 
10.11 10.97 10.15 9.72 9.61 10.1 10.16 10.26 10.9 10.95 10.94 10.59 
10.09 10.93 10.13 9.67 9.65 10.15 10.17 10.16 10.67 10.7 10.7 10.32 
10.13 10.96 10.23 9.76 9.68 10.31 10.31 10.24 10.66 10.63 10.65 10.31 
10.11 10.93 10.28 9.8 9.74 10.38 10.39 10.22 10.66 10.61 10.64 10.38 
10.08 10.85 10.23 9.76 9.64 10.24 10.34 10.2 10.55 10.53 10.54 10.23 
10.17 10.92 10.23 9.87 9.75 10.39 10.51 10.21 10.59 10.5 10.59 10.48 
10.31 11.04 10.14 9.89 9.67 10.4 10.43 10.16 10.48 10.45 10.49 10.32 
10.2 10.98 10.03 9.8 9.62 10.18 10.28 10.02 10.34 10.3 10.29 10.0 
10.06 11.2 9.92 9.63 9.57 9.94 9.97 9.83 10.04 10.01 9.93 9.72 
9.95 11.46 9.9 9.57 9.6 9.98 10.0 9.82 10.0 9.97 9.91 9.71 
9.94 11.74 10.02 9.57 9.64 10.12 10.16 9.99 10.16 10.1 10.11 9.93 
9.96 11.77 10.19 9.66 9.69 10.26 10.22 10.01 10.24 10.17 10.22 10.13 
9.97 11.42 10.63 9.68 9.61 10.21 10.23 10.06 10.18 10.11 10.1 9.98 
10.02 11.22 10.93 9.92 9.77 10.29 10.43 10.13 10.29 10.17 10.24 10.19 
10.06 10.99 11.16 10.12 9.81 10.42 10.57 10.26 10.33 10.27 10.24 10.13 
10.03 10.82 10.96 10.59 9.83 10.34 10.58 10.38 10.35 10.23 10.27 10.21 
10.06 10.83 10.64 10.77 10.15 10.33 10.48 10.37 10.31 10.06 10.0 9.92 
10.11 10.77 9.83 9.61 10.17 11.11 11.03 10.77 10.27 10.1 9.77 9.62 
10.29 11.11 10.08 9.86 10.08 11.2 11.49 11.16 10.77 10.42 10.14 9.93 
10.05 11.27 10.26 10.16 10.1 10.82 11.32 11.16 11.26 11.52 10.93 10.12 
10.04 11.2 10.27 10.13 10.1 10.9 11.41 11.65 11.74 12.13 12.01 11.0 
9.6 9.62 8.32 8.88 8.72 9.21 9.86 10.33 11.02 11.44 10.69 9.53 
7.64 8.48 7.64 8.57 8.64 8.97 9.71 10.33 10.8 11.46 11.27 10.55 
10.1 11.21 9.95 9.77 10.1 10.82 11.6 11.98 12.0 12.13 12.11 12.06 
10.02 10.81 9.88 9.63 10.02 10.64 11.43 11.81 11.89 12.09 12.1 11.95 
9.85 10.92 9.96 9.68 10.15 10.64 11.32 11.68 11.81 11.94 12.0 11.73 
9.8 10.84 9.69 9.65 9.81 10.6 11.27 11.66 11.79 11.88 11.9 11.67 
9.82 10.9 9.52 9.63 10.06 10.51 11.3 11.72 11.74 11.8 11.8 11.54 
9.78 10.96 9.58 9.58 9.95 10.48 11.17 11.7 11.68 11.75 11.73 11.49 
9.77 10.93 9.75 9.67 10.0 10.72 11.27 11.64 11.76 11.75 11.69 11.37 
9.76 10.81 9.54 9.63 9.85 10.54 11.27 11.62 11.72 11.78 11.64 11.37 
9.77 10.81 9.61 9.51 9.82 10.5 11.27 11.68 11.67 11.78 11.55 11.35 
9.9 10.8 9.56 9.54 9.93 10.53 11.2 11.65 11.67 11.76 11.57 11.34 
9.72 10.81 9.69 9.7 9.82 10.57 11.22 11.63 11.68 11.7 11.5 11.21 
9.73 10.82 9.56 9.48 9.68 10.56 11.22 11.63 11.68 11.67 11.45 11.3 
9.79 10.86 9.63 9.43 9.78 10.63 11.21 11.6 11.66 11.67 11.5 11.32 
9.81 10.86 9.51 9.45 9.8 10.58 11.17 11.59 11.67 11.78 11.5 11.32 
9.73 11.18 9.79 9.61 9.97 10.66 11.2 11.54 11.63 11.78 11.57 11.24 
9.8 10.86 9.7 9.54 9.75 10.65 11.2 11.52 11.69 11.73 11.4 11.02 
9.81 10.69 9.31 9.27 9.58 10.46 11.18 11.56 11.64 11.57 11.29 11.18 
9.8 10.71 9.56 9.59 9.84 10.46 11.15 11.6 11.67 11.64 11.46 11.26 
9.6 11.01 9.89 9.88 9.95 10.43 11.12 11.6 11.63 11.74 11.61 11.31 
9.76 10.87 9.72 9.65 10.01 10.55 11.16 11.61 11.62 11.69 11.4 11.17 
9.77 10.66 9.57 9.49 9.87 10.39 11.27 11.63 11.69 11.67 11.43 11.25 
9.72 10.84 9.47 9.53 9.76 10.51 11.19 11.62 11.65 11.75 11.55 11.47 
9.72 10.84 9.65 9.69 9.94 10.59 11.22 11.59 11.7 11.74 11.47 11.34 
9.78 11.0 9.64 9.77 9.84 10.6 11.2 11.58 11.67 11.67 11.44 11.2 
9.77 10.76 9.76 9.69 9.88 10.58 11.27 11.66 11.72 11.71 11.49 11.26 
9.87 10.82 9.47 9.52 9.77 10.43 11.27 11.62 11.68 11.66 11.38 11.24 
9.73 10.9 9.71 9.62 9.89 10.47 11.18 11.6 11.63 11.65 11.39 11.16 
9.77 10.89 9.52 9.6 9.75 10.53 11.23 11.58 11.63 11.67 11.39 11.25 
9.73 10.93 9.48 9.37 9.79 10.51 11.21 11.57 11.65 11.62 11.32 11.19 
9.75 10.93 9.49 9.58 9.75 10.46 11.21 11.56 11.63 11.69 11.53 11.28 
9.76 11.14 9.75 9.58 9.81 10.66 11.27 11.54 11.62 11.73 11.52 11.25 
9.6 11.04 9.71 9.24 9.55 10.42 11.14 11.5 11.43 11.24 10.98 10.59 
9.84 10.9 9.62 9.18 9.73 10.6 11.31 11.6 11.72 11.7 11.38 11.33 
9.83 10.76 9.76 9.58 9.98 10.5 11.27 11.72 11.72 11.66 11.42 11.33 
9.01 10.17 9.42 9.65 9.66 10.12 10.64 10.96 11.22 11.45 11.21 10.89 
9.89 10.96 9.84 9.79 10.11 10.71 11.33 11.76 11.74 11.75 11.44 11.35 
9.83 10.61 9.38 9.62 9.7 10.45 11.07 11.52 11.62 11.63 11.41 11.32 
9.72 10.3 9.5 9.61 9.8 10.48 11.21 11.54 11.69 11.78 11.54 11.31 
9.78 10.98 9.68 9.75 9.95 10.7 11.24 11.6 11.76 11.73 11.47 11.25 
9.82 10.91 9.72 9.6 9.96 10.6 11.21 11.64 11.69 11.62 11.33 11.24 
9.58 10.81 9.54 9.38 9.59 10.44 11.23 11.6 11.65 11.71 11.4 11.37 
9.81 11.08 9.85 9.72 9.89 10.59 11.28 11.67 11.67 11.69 11.37 11.3 
9.57 10.99 9.65 9.62 9.82 10.53 11.04 11.55 11.58 11.68 11.46 11.17 
9.86 11.04 9.74 9.5 9.85 10.7 11.26 11.67 11.75 11.74 11.41 11.31 
9.65 10.85 9.6 9.82 9.66 10.56 11.16 11.67 11.63 11.7 11.46 11.29 
9.86 11.07 9.89 9.56 9.68 10.73 11.34 11.68 11.71 11.66 11.42 11.3 
9.9 11.14 9.83 9.73 9.74 10.57 11.11 11.56 11.68 11.81 11.57 11.27 
10.08 10.98 9.69 9.5 9.6 10.56 11.07 11.47 11.64 11.71 11.39 11.03 
9.78 10.71 9.39 9.13 9.67 10.43 11.13 11.58 11.55 11.53 11.25 11.21 
9.99 10.88 9.45 9.28 9.66 10.34 10.93 11.45 11.59 11.73 11.4 11.0 
9.72 11.01 9.8 9.54 9.95 10.4 11.16 11.53 11.56 11.59 11.37 11.21 
9.76 10.91 9.44 9.46 9.97 10.5 11.17 11.64 11.63 11.64 11.28 11.18 
9.74 10.92 9.55 9.41 9.91 10.49 11.22 11.62 11.65 11.59 11.34 11.24 
9.53 10.66 9.21 9.34 9.75 10.38 11.1 11.53 11.54 11.64 11.4 11.34 
9.78 11.03 9.81 9.69 9.9 10.62 11.26 11.67 11.68 11.67 11.39 11.22 
9.78 10.88 9.58 9.54 10.0 10.49 11.19 11.64 11.64 11.66 11.38 11.28 
9.62 10.68 9.2 9.29 9.74 10.35 11.16 11.59 11.73 11.69 11.4 11.36 
9.83 10.92 9.76 9.64 9.97 10.61 11.28 11.64 11.69 11.74 11.48 11.36 
9.8 11.03 9.85 9.71 10.0 10.64 11.32 11.63 11.73 11.72 11.43 11.22 
8.95 10.95 10.12 9.98 10.31 10.45 10.95 11.28 11.56 11.85 11.85 11.47 
9.91 11.05 9.85 9.83 9.97 10.59 11.24 11.69 11.75 11.78 11.4 11.26 
10.0 11.02 9.72 9.54 9.86 10.83 11.48 11.83 11.82 11.84 11.53 11.44 
9.13 11.45 9.92 9.66 9.59 10.25 10.57 10.73 10.85 11.13 11.09 10.45 
9.12 11.12 10.1 10.32 10.39 10.49 10.91 11.04 11.15 11.3 11.14 10.52 
9.96 11.22 9.82 10.07 10.31 10.69 11.31 11.78 11.73 11.8 11.7 11.58 
9.81 10.88 9.6 9.64 10.01 10.55 11.25 11.78 11.73 11.8 11.59 11.54 
9.82 10.97 9.71 9.59 9.9 10.51 11.13 11.7 11.7 11.76 11.63 11.35 
9.76 10.92 9.49 9.37 9.68 10.46 11.19 11.65 11.69 11.76 11.48 11.3 
9.74 11.01 9.53 9.57 9.91 10.49 11.16 11.66 11.69 11.72 11.52 11.39 
9.79 10.81 9.66 9.34 9.66 10.42 11.2 11.7 11.65 11.72 11.42 11.25 
9.68 10.97 9.71 9.43 9.78 10.54 11.13 11.67 11.64 11.64 11.42 11.27 
9.76 10.9 9.6 9.32 9.83 10.41 11.27 11.7 11.66 11.63 11.41 11.3 
9.77 10.92 9.54 9.41 9.71 10.33 11.17 11.66 11.59 11.72 11.58 11.39 
9.79 10.9 9.34 9.13 9.61 10.39 11.09 11.7 11.59 11.67 11.44 11.24 
9.68 11.03 9.52 9.4 9.76 10.41 11.24 11.61 11.62 11.66 11.45 11.21 
9.74 10.84 9.38 9.26 9.69 10.47 11.07 11.7 11.64 11.71 11.4 11.28 
8.89 10.62 9.65 9.37 9.68 10.46 11.07 11.56 11.57 11.8 11.65 11.4 
9.84 10.83 9.58 9.3 9.73 10.44 11.18 11.73 11.66 11.8 11.43 11.31 
9.72 11.2 9.81 9.54 9.84 10.62 11.31 11.6 11.71 11.81 11.66 11.3 
9.76 11.0 9.58 9.21 9.67 10.56 11.19 11.66 11.65 11.72 11.44 11.1 
9.75 10.88 9.25 9.24 9.67 10.54 11.21 11.59 11.69 11.62 11.36 11.27 
9.77 10.92 9.52 9.63 9.84 10.5 11.29 11.69 11.62 11.67 11.44 11.28 
9.84 10.96 9.7 9.64 9.95 10.4 11.19 11.6 11.66 11.69 11.4 11.16 
9.79 10.97 9.68 9.62 9.87 10.42 11.24 11.61 11.64 11.75 11.5 11.24 
9.8 10.82 9.46 9.47 9.92 10.5 11.28 11.68 11.67 11.67 11.39 11.23 
9.85 10.91 9.58 9.46 9.86 10.48 11.27 11.64 11.68 11.79 11.53 11.41 
9.76 11.01 9.88 9.4 9.99 10.68 11.2 11.66 11.69 11.76 11.49 11.29 
9.72 11.07 9.47 9.45 9.93 10.51 11.23 11.58 11.69 11.7 11.43 11.22 
9.86 11.1 9.63 9.4 9.84 10.49 11.31 11.61 11.69 11.82 11.49 11.24 
9.88 10.93 9.51 9.39 9.66 10.59 11.19 11.66 11.69 11.71 11.42 11.2 
9.79 10.92 9.73 9.58 10.05 10.5 11.36 11.55 11.67 11.73 11.44 11.21 
9.92 10.91 9.44 9.28 9.92 10.54 11.25 11.6 11.74 11.78 11.48 11.26 
9.85 10.88 9.52 9.29 9.81 10.38 11.33 11.58 11.71 11.72 11.39 11.19 
9.76 11.0 9.56 9.45 9.81 10.6 11.23 11.61 11.64 11.75 11.48 11.24 
9.87 11.0 9.79 9.54 9.83 10.71 11.32 11.58 11.83 11.82 11.5 11.17 
9.75 11.29 10.0 9.43 10.04 10.86 11.49 11.72 12.1 11.93 11.65 11.34 
9.8 11.0 9.87 9.41 9.87 10.39 11.07 11.48 11.37 11.54 11.43 11.08 
9.56 10.39 9.57 9.26 8.94 8.83 9.47 9.69 10.09 10.39 10.51 10.43 
9.59 10.17 9.37 9.95 8.99 8.62 9.3 9.7 9.97 10.07 10.11 10.0 
9.7 10.0 9.52 9.46 8.77 8.5 9.06 9.31 9.49 9.52 9.49 9.46 
9.51 10.65 9.97 9.05 8.37 8.45 8.85 9.24 9.35 9.44 9.52 9.72 
9.62 10.12 9.55 9.69 9.16 8.22 8.65 8.8 8.84 8.84 8.99 9.24 
9.69 10.07 9.36 9.64 9.35 8.36 8.68 8.96 9.0 9.18 9.42 9.78 
9.61 10.43 9.38 9.62 8.8 8.34 8.55 8.62 8.45 8.7 8.99 9.42 
9.64 10.17 9.07 9.81 9.14 8.4 8.64 8.8 8.74 9.13 9.52 9.93 
9.75 9.98 9.28 9.35 8.8 8.29 8.48 8.38 8.24 8.77 9.28 9.79 
9.62 10.52 9.68 8.8 8.48 8.18 8.43 8.59 8.68 9.35 10.0 10.39 
9.59 10.11 9.34 9.24 8.81 8.15 8.36 8.14 8.27 9.22 10.08 10.45 
9.68 10.2 9.17 9.24 8.78 8.14 8.5 8.56 9.01 10.06 10.88 10.92 
9.67 10.36 9.24 9.21 8.41 8.06 8.26 8.1 8.84 10.1 11.12 10.72 
9.66 10.16 9.05 9.67 8.93 8.22 8.42 8.55 9.37 10.62 11.22 10.57 
9.77 9.94 9.22 9.36 8.6 8.09 8.24 8.37 9.85 11.0 10.79 10.2 
9.59 10.57 9.65 8.76 8.27 8.1 8.48 9.68 10.67 10.94 10.85 10.37 
9.67 10.15 9.48 9.38 8.66 8.4 8.87 9.97 10.52 10.94 10.91 10.51 
9.66 10.08 9.33 9.2 8.86 8.89 9.23 10.1 10.71 11.18 11.08 10.61 
9.64 10.46 9.31 9.22 8.79 8.82 8.79 9.68 10.41 10.85 10.85 10.38 
9.66 10.21 9.23 9.74 8.97 8.41 8.5 9.3 10.21 10.73 10.9 10.52 
9.76 10.2 9.49 9.34 8.77 8.19 8.36 9.05 10.01 10.59 10.67 10.26 
9.64 10.6 9.86 8.97 8.71 8.71 9.04 9.96 10.72 11.16 11.07 10.57 
9.7 10.38 9.33 9.48 9.11 8.27 8.31 9.09 10.05 10.7 10.81 10.34 
9.75 10.51 9.42 9.59 9.12 8.74 8.87 9.88 10.68 11.17 11.18 10.74 
9.62 10.66 9.44 9.42 8.7 8.53 8.74 9.64 10.49 11.06 11.08 10.61 
9.62 10.54 9.19 9.79 9.04 8.27 8.38 9.29 10.2 10.83 11.01 10.59 
9.7 10.19 9.25 9.34 9.11 9.39 9.61 9.66 10.26 10.69 10.72 10.26 
9.6 10.63 9.76 9.02 8.75 8.99 9.3 10.36 10.88 11.18 11.09 10.62 
9.69 10.4 9.4 9.47 8.78 8.42 8.92 9.7 10.31 10.85 10.91 10.44 
9.74 10.52 9.65 9.52 9.43 9.65 9.87 10.19 10.27 10.52 10.41 10.55 
9.65 10.56 9.55 9.54 9.18 9.5 9.66 10.03 10.19 10.31 10.27 10.66 
9.38 10.33 10.0 10.02 9.66 9.97 11.0 10.71 11.08 11.46 11.65 11.68 
9.55 10.46 10.09 10.11 9.72 10.18 11.12 10.8 11.1 11.56 11.83 11.83 
9.45 10.39 9.76 9.99 9.68 10.15 10.96 10.86 11.06 11.57 11.82 11.76 
9.66 10.32 10.24 10.08 9.92 10.24 10.98 10.62 10.96 11.63 11.95 11.92 
9.43 10.53 10.14 9.67 9.57 10.22 11.01 10.6 11.08 11.53 11.67 11.5 
9.46 10.49 10.22 10.14 9.91 10.28 11.24 10.92 11.34 11.77 11.88 11.76 
9.44 10.43 9.85 10.15 9.76 10.28 11.04 10.81 11.1 11.35 11.64 11.58 
9.08 11.18 10.48 10.44 10.12 10.3 11.26 11.1 11.55 11.8 12.07 12.02 
9.6 10.6 10.0 10.22 9.93 10.22 11.16 10.82 11.19 11.57 11.59 11.61 
9.61 10.48 10.49 10.31 10.17 10.18 11.29 11.05 11.47 11.8 11.91 11.91 
9.42 10.65 10.06 9.43 9.21 9.85 10.69 11.03 11.38 11.82 11.86 11.69 
9.68 10.35 10.29 10.16 10.01 10.38 11.28 10.84 11.05 11.41 11.48 11.4 
9.56 10.68 10.22 10.07 9.99 10.29 10.89 10.51 10.75 11.47 11.76 11.92 
9.66 10.51 10.12 10.2 9.79 10.25 11.09 10.77 10.99 11.36 11.37 11.34 
9.69 10.42 9.91 10.1 9.76 10.29 11.0 10.9 11.12 11.48 11.64 11.63 
10.0 10.37 9.95 9.84 9.76 10.17 10.95 10.87 11.26 11.58 11.5 11.55 
9.58 10.79 10.45 9.98 9.97 10.3 11.2 10.83 11.02 11.39 11.41 11.4 
9.53 10.13 10.1 10.32 9.89 10.22 11.14 10.77 10.98 11.22 11.3 11.35 
9.74 10.77 9.96 10.29 9.91 10.3 11.16 11.09 11.12 11.65 11.84 11.89 
9.47 10.51 10.14 10.06 9.61 10.18 11.06 10.79 11.15 11.49 11.52 11.54 
9.63 10.55 9.94 10.22 9.82 10.3 11.47 11.25 11.52 11.82 11.81 11.72 
9.18 10.24 9.95 9.66 9.45 9.93 10.95 10.5 10.9 11.17 11.19 11.2 
9.4 10.73 10.38 10.03 10.03 10.39 11.14 10.84 11.1 11.3 11.27 11.25 
8.59 10.91 10.08 10.01 9.83 10.17 10.77 10.49 10.7 10.79 10.87 11.11 
9.56 10.6 10.36 10.34 10.0 10.31 11.38 10.99 11.36 11.67 11.79 11.94 
9.78 10.83 10.25 10.48 10.04 10.3 11.39 11.13 11.41 11.72 11.8 11.98 
9.22 10.39 9.77 10.13 9.64 10.11 11.11 10.92 11.19 11.58 11.62 11.77 
9.67 10.33 10.21 10.24 10.0 10.36 11.43 10.91 11.25 11.57 11.65 11.7 
9.53 10.69 10.31 10.03 9.94 10.25 11.28 10.99 11.14 11.42 11.45 11.62 
9.62 10.4 10.25 10.22 10.06 10.24 11.24 10.84 11.13 11.33 11.43 11.48 
8.9 10.22 9.41 9.5 9.28 9.94 10.53 11.35 11.28 11.5 11.64 11.77 
8.98 10.13 9.41 9.48 9.19 9.93 10.29 11.49 11.4 11.58 11.78 11.86 
9.63 10.78 10.27 10.21 10.14 10.55 11.39 11.4 11.42 11.78 11.97 11.97 
9.86 10.88 10.45 10.57 10.17 10.69 11.63 11.62 11.62 12.12 12.36 12.32 
9.4 10.15 9.67 10.08 9.7 10.12 11.04 11.09 11.03 11.54 11.83 11.75 
9.4 9.95 10.31 9.88 9.78 10.37 11.08 10.92 10.96 11.49 11.8 11.74 
9.9 11.29 10.68 10.4 10.33 10.66 11.63 11.59 11.71 12.01 12.37 12.44 
9.23 10.35 9.95 9.84 9.68 10.13 11.27 11.09 11.38 11.77 11.89 11.69 
9.5 10.81 10.16 10.26 9.99 10.44 11.41 11.13 11.34 11.82 11.94 11.89 
9.26 11.51 10.83 10.78 10.29 10.74 11.63 11.61 11.78 12.08 12.41 12.46 
9.31 10.13 9.63 10.04 9.92 10.28 11.02 10.85 11.03 11.42 11.5 11.34 
9.59 10.4 10.48 10.15 10.11 10.39 11.44 10.98 11.46 11.88 12.0 11.88 
9.49 10.74 10.14 10.01 9.83 10.21 11.11 11.03 11.57 12.08 12.02 11.84 
9.46 10.19 10.13 9.87 9.71 10.12 10.95 10.69 10.95 11.47 11.54 11.34 
9.48 10.46 10.16 9.99 10.08 10.21 10.93 10.54 10.77 11.53 11.77 11.91 
9.63 10.73 10.24 10.0 9.8 10.31 11.02 10.69 11.24 11.61 11.58 11.48 
9.85 10.61 10.18 10.25 10.07 10.44 11.16 11.21 11.58 12.0 12.06 11.91 
9.98 10.61 10.07 10.15 10.05 10.43 10.85 11.04 11.29 11.51 11.92 11.83 
9.69 10.8 10.55 10.07 9.98 10.77 11.32 10.79 11.13 11.57 11.6 11.55 
9.26 10.01 9.79 9.84 9.94 10.49 10.08 9.79 9.97 10.59 11.3 11.58 
9.43 10.43 9.76 9.75 9.41 9.84 10.59 10.61 10.78 11.26 11.29 11.3 
9.41 10.13 9.56 9.96 9.31 10.08 10.56 10.46 10.57 10.97 10.86 10.96 
9.69 10.2 10.17 10.34 9.99 10.34 11.27 10.83 11.04 11.35 11.42 11.53 
9.7 10.76 10.49 10.16 9.94 10.3 11.48 11.04 11.29 11.75 11.72 11.74 
9.5 10.77 10.32 9.81 9.86 10.4 11.18 11.1 11.2 11.54 11.64 11.72 
8.77 10.78 10.04 10.05 9.83 9.98 10.85 10.83 11.0 11.14 11.27 11.19 
9.53 10.57 10.08 10.2 9.97 10.45 11.42 11.12 11.47 11.79 11.46 11.68 
9.59 10.56 10.23 10.18 9.87 10.37 11.24 10.92 11.25 11.63 11.4 11.55 
9.49 10.58 10.13 10.39 9.88 10.52 11.33 11.04 11.48 11.85 11.72 11.71 
9.75 10.52 10.11 10.1 9.85 10.31 11.48 11.2 11.39 11.69 11.74 11.8 
9.44 10.48 10.19 9.78 9.77 10.14 10.97 11.03 11.27 11.73 11.63 11.91 
10.52 11.27 10.46 10.24 10.11 10.64 11.37 11.43 11.94 12.37 12.15 12.04 
6.46 6.22 5.66 5.24 5.21 5.58 5.64 5.79 6.06 6.38 6.55 6.86 
