pathSong C:\Users\SamaHell\Desktop\Cours\ENSISA\2A\Projet\WAVpourprojet\08 - Scary Monsters and Nice Sprites (Zedd Remix).mp3.WAV
maxTimeSong 357.89
 ---beats--- 
0.01 0.48 0.95 1.42 1.88 2.35 2.82 3.29 3.76 4.23 4.7 5.17 5.63 6.1 6.57 7.04 7.51 7.98 8.44 8.92 9.38 9.85 10.32 10.79 11.26 11.73 12.2 12.67 13.13 13.6 14.07 14.54 15.01 15.48 15.95 16.42 16.89 17.35 17.82 18.29 18.76 19.23 19.7 20.17 20.63 21.1 21.57 22.04 22.51 22.98 23.45 23.92 24.38 24.85 25.32 25.79 26.26 26.73 27.2 27.67 28.14 28.61 29.08 29.54 30.01 30.48 30.95 31.42 31.89 32.36 32.82 33.29 33.76 34.23 34.7 35.17 35.64 36.11 36.57 37.04 37.51 37.98 38.45 38.92 39.39 39.86 40.32 40.79 41.26 41.73 42.2 42.67 43.14 43.61 44.07 44.54 45.01 45.48 45.95 46.42 46.89 47.36 47.82 48.29 48.76 49.23 49.7 50.17 50.64 51.11 51.57 52.04 52.51 52.98 53.45 53.92 54.39 54.86 55.32 55.79 56.26 56.73 57.2 57.67 58.14 58.61 59.07 59.54 60.01 60.48 60.95 61.42 61.89 62.35 62.82 63.29 63.76 64.23 64.7 65.17 65.64 66.09 66.57 67.04 67.51 67.98 68.45 68.92 69.39 69.85 70.32 70.79 71.26 71.73 72.2 72.67 73.14 73.6 74.07 74.54 75.01 75.48 75.95 76.42 76.89 77.35 77.82 78.29 78.76 79.23 79.7 80.17 80.64 81.1 81.57 82.04 82.51 82.98 83.45 83.92 84.39 84.85 85.32 85.79 86.26 86.73 87.2 87.67 88.14 88.61 89.08 89.54 90.0 90.47 90.94 91.42 91.89 92.35 92.82 93.29 93.76 94.22 94.69 95.16 95.63 96.1 96.57 97.04 97.51 97.98 98.45 98.92 99.39 99.85 100.31 100.79 101.26 101.72 102.17 102.66 103.14 103.6 104.07 104.51 105.0 105.47 105.94 106.42 106.88 107.34 107.81 108.28 108.75 109.21 109.68 110.17 110.62 111.1 111.57 112.04 112.5 112.98 113.45 113.91 114.38 114.85 115.32 115.78 116.26 116.73 117.19 117.66 118.14 118.6 119.07 119.56 120.01 120.48 120.95 121.42 121.88 122.36 122.83 123.34 123.75 124.23 124.7 125.17 125.64 126.1 126.57 127.04 127.51 127.98 128.44 128.92 129.39 129.86 130.32 130.8 131.3 131.75 132.21 132.67 133.14 133.6 134.07 134.54 135.01 135.47 135.94 136.42 136.87 137.35 137.82 138.29 138.76 139.22 139.7 140.17 140.64 141.1 141.57 142.04 142.51 142.97 143.45 143.92 144.39 144.85 145.32 145.79 146.26 146.72 147.2 147.67 148.14 148.6 149.07 149.54 150.01 150.47 150.95 151.42 151.87 152.35 152.82 153.29 153.76 154.22 154.7 155.17 155.64 156.11 156.57 157.03 157.51 157.97 158.45 158.92 159.39 159.85 160.32 160.79 161.26 161.72 162.2 162.67 163.14 163.6 164.07 164.54 165.01 165.48 165.95 166.42 166.88 167.35 167.82 168.29 168.76 169.23 169.7 170.17 170.63 171.1 171.57 172.04 172.51 172.98 173.45 173.91 174.38 174.86 175.32 175.79 176.26 176.73 177.2 177.67 178.14 178.6 179.07 179.54 180.01 180.48 180.95 181.42 181.89 182.35 182.82 183.29 183.76 184.23 184.7 185.17 185.64 186.1 186.55 187.04 187.51 187.98 188.45 188.92 189.39 189.85 190.32 190.79 191.26 191.73 192.2 192.67 193.14 193.61 194.08 194.54 195.03 195.49 195.95 196.42 196.89 197.35 197.82 198.29 198.76 199.22 199.69 200.16 200.63 201.1 201.57 202.04 202.51 202.98 203.45 203.92 204.39 204.85 205.31 205.79 206.26 206.72 207.17 207.57 208.02 208.47 208.88 209.31 209.77 210.36 210.94 211.42 211.86 212.33 212.81 213.28 213.75 214.21 214.69 215.17 215.62 216.1 216.57 217.04 217.5 217.98 218.45 218.91 219.38 219.85 220.32 220.78 221.26 221.73 222.19 222.66 223.14 223.59 224.07 224.56 225.01 225.48 225.95 226.42 226.88 227.36 227.83 228.29 228.76 229.23 229.7 230.17 230.64 231.1 231.57 232.04 232.51 232.98 233.45 233.92 234.39 234.86 235.32 235.79 236.26 236.73 237.2 237.67 238.14 238.56 239.04 239.53 240.01 240.48 240.95 241.42 241.86 242.35 242.82 243.29 243.76 244.23 244.7 245.17 245.64 246.11 246.57 247.04 247.51 247.98 248.45 248.92 249.39 249.85 250.32 250.79 251.26 251.73 252.2 252.67 253.14 253.6 254.07 254.54 255.01 255.48 255.95 256.42 256.89 257.35 257.82 258.29 258.76 259.23 259.7 260.17 260.64 261.09 261.57 262.0 262.51 262.98 263.45 263.92 264.39 264.85 265.32 265.79 266.26 266.73 267.2 267.67 268.14 268.6 269.07 269.54 270.01 270.48 270.95 271.42 271.88 272.35 272.82 273.29 273.76 274.23 274.7 275.17 275.64 276.1 276.57 277.04 277.51 277.98 278.45 278.91 279.38 279.86 280.32 280.79 281.26 281.73 282.2 282.67 283.14 283.6 284.07 284.54 285.01 285.48 285.95 286.42 286.89 287.35 287.82 288.29 288.76 289.23 289.7 290.17 290.64 291.1 291.55 292.04 292.51 292.98 293.45 293.92 294.39 294.85 295.32 295.79 296.26 296.73 297.2 297.67 298.14 298.6 299.07 299.54 300.01 300.48 300.95 301.42 301.89 302.35 302.82 303.29 303.76 304.23 304.7 305.17 305.64 306.1 306.57 307.04 307.51 307.98 308.45 308.92 309.39 309.85 310.32 310.79 311.26 311.73 312.2 312.67 313.14 313.6 314.07 314.54 315.01 315.48 315.95 316.42 316.89 317.35 317.82 318.29 318.76 319.23 319.7 320.17 320.64 321.1 321.57 322.04 322.51 322.98 323.45 323.92 324.39 324.85 325.32 325.79 326.26 326.73 327.2 327.67 328.14 328.6 329.07 329.54 330.01 330.48 330.95 331.42 331.89 332.35 332.82 333.29 333.76 334.23 334.7 335.17 335.64 336.1 336.57 337.04 337.51 337.98 338.45 338.92 339.39 339.85 340.32 340.79 341.26 341.73 342.2 342.67 343.14 343.6 344.07 344.54 345.0 345.47 345.91 
 ---spectro--- 
740 12
4.0 6.81 8.65 9.21 9.73 10.17 11.01 10.95 10.8 10.96 10.96 10.94 
7.69 9.29 10.35 10.3 10.11 10.69 11.19 11.57 11.93 12.21 12.36 12.62 
6.2 7.21 7.31 7.96 8.21 8.77 9.44 9.6 9.48 9.42 9.5 9.45 
7.3 8.74 9.36 9.64 9.54 10.03 10.36 10.55 10.7 10.89 10.97 11.01 
5.96 6.91 6.97 7.58 7.78 8.45 9.01 9.23 9.2 9.08 9.09 9.08 
6.72 8.22 9.2 9.13 9.02 9.58 10.1 10.48 10.85 11.12 11.26 11.53 
5.27 6.08 6.17 6.83 7.12 7.7 8.35 8.52 8.43 8.35 8.42 8.4 
5.92 7.03 7.82 8.1 8.17 8.74 9.24 9.4 9.47 9.61 9.73 9.73 
6.03 6.97 7.28 7.51 7.6 8.53 9.2 9.57 9.69 9.65 9.68 9.62 
6.77 8.36 9.4 9.35 9.17 9.78 10.32 10.68 11.03 11.32 11.47 11.74 
5.1 5.91 5.97 6.6 6.85 7.42 8.07 8.23 8.11 8.05 8.12 8.07 
6.28 7.56 8.16 8.41 8.35 8.82 9.18 9.35 9.49 9.69 9.78 9.79 
5.27 6.04 6.13 6.73 6.92 7.59 8.15 8.37 8.34 8.23 8.23 8.22 
6.8 8.26 9.24 9.21 9.06 9.63 10.15 10.53 10.92 11.17 11.31 11.57 
5.23 6.09 6.17 6.83 7.14 7.71 8.35 8.52 8.43 8.36 8.43 8.4 
5.93 7.1 7.89 8.11 8.18 8.74 9.25 9.41 9.48 9.61 9.73 9.73 
6.05 6.97 7.33 7.5 7.63 8.52 9.21 9.57 9.69 9.64 9.67 9.62 
6.66 8.11 9.13 9.09 8.91 9.49 10.01 10.38 10.74 11.02 11.17 11.44 
5.25 6.14 6.24 6.87 7.13 7.69 8.36 8.52 8.4 8.35 8.42 8.37 
6.28 7.55 8.17 8.42 8.36 8.83 9.16 9.36 9.5 9.7 9.77 9.8 
5.43 6.27 6.38 6.98 7.21 7.87 8.44 8.66 8.63 8.53 8.52 8.51 
6.6 8.09 9.02 8.93 8.79 9.35 9.86 10.24 10.61 10.87 11.02 11.27 
5.18 6.09 6.17 6.84 7.14 7.7 8.36 8.52 8.44 8.36 8.44 8.41 
5.93 7.09 7.9 8.11 8.17 8.74 9.25 9.41 9.48 9.61 9.73 9.74 
6.03 6.95 7.31 7.5 7.6 8.52 9.2 9.58 9.7 9.64 9.67 9.6 
6.66 8.12 9.12 9.1 8.91 9.49 10.02 10.39 10.74 11.02 11.17 11.45 
5.26 6.13 6.23 6.87 7.15 7.69 8.37 8.52 8.41 8.34 8.42 8.38 
6.26 7.54 8.14 8.42 8.33 8.82 9.17 9.34 9.49 9.69 9.78 9.81 
5.39 6.15 6.29 6.91 7.13 7.79 8.36 8.58 8.54 8.43 8.42 8.42 
6.8 8.25 9.25 9.2 9.07 9.64 10.15 10.55 10.9 11.17 11.31 11.57 
5.21 6.1 6.22 6.84 7.15 7.71 8.35 8.52 8.43 8.37 8.43 8.4 
6.82 8.02 9.28 9.43 9.64 10.31 10.95 11.45 11.82 11.97 11.84 11.6 
6.72 7.68 8.56 8.71 9.12 10.3 11.44 12.47 13.01 13.06 12.72 12.2 
7.95 9.13 9.44 9.25 9.89 11.49 12.03 12.28 12.86 12.99 12.81 12.75 
8.07 8.85 8.46 8.8 9.71 11.52 12.08 12.16 12.63 12.75 12.69 12.59 
8.19 9.03 9.4 9.38 9.99 11.73 12.28 12.21 12.63 12.76 12.7 12.63 
7.6 8.17 7.85 8.48 9.3 11.1 11.59 11.54 11.94 12.04 11.98 11.85 
7.91 8.78 9.22 9.29 9.79 11.57 11.96 11.89 12.26 12.4 12.36 12.42 
7.32 7.87 7.68 8.44 9.21 10.91 11.35 11.33 11.66 11.72 11.65 11.47 
7.47 8.33 8.84 9.14 9.52 11.14 11.52 11.41 11.71 11.81 11.72 11.61 
7.46 8.09 8.38 8.8 9.38 11.13 11.63 11.67 11.9 11.96 11.95 11.76 
7.09 8.04 8.7 8.77 9.02 10.51 10.91 10.96 11.19 11.34 11.41 11.54 
7.01 7.72 7.69 8.53 9.2 10.65 11.19 11.21 11.4 11.42 11.36 11.14 
7.3 8.46 9.15 9.32 9.65 10.96 11.4 11.3 11.42 11.53 11.48 11.34 
6.73 7.34 7.24 8.22 8.73 10.13 10.62 10.69 10.91 10.89 10.78 10.57 
7.06 8.29 9.17 9.09 9.23 10.45 10.97 11.12 11.33 11.5 11.62 11.77 
6.68 7.49 7.54 8.4 9.01 10.24 10.84 10.92 11.07 11.02 10.95 10.75 
6.93 7.93 8.58 8.89 9.15 10.31 10.76 10.81 10.96 11.06 11.07 11.02 
6.81 7.58 7.89 8.27 8.51 9.9 10.51 10.79 10.97 10.92 10.88 10.75 
6.83 8.12 9.13 9.08 9.01 10.0 10.58 10.77 11.0 11.2 11.34 11.51 
6.64 7.49 7.49 8.24 8.78 9.84 10.52 10.67 10.7 10.65 10.63 10.58 
7.19 8.62 9.02 9.05 9.15 9.92 10.39 10.51 10.62 10.8 10.84 10.78 
6.88 8.07 7.82 8.44 8.74 9.75 10.43 10.81 10.98 10.96 10.92 10.78 
7.3 9.13 9.41 9.28 9.36 10.08 10.78 11.21 11.56 11.78 11.87 11.97 
7.2 8.78 8.38 8.83 9.25 10.07 10.89 11.32 11.61 11.7 11.59 11.33 
7.7 9.4 9.62 9.53 9.72 10.39 11.09 11.44 11.82 12.04 11.9 11.69 
7.87 9.35 9.15 9.27 9.52 10.36 11.16 11.78 12.14 12.3 12.14 11.86 
8.04 9.91 9.87 9.6 9.87 10.59 11.31 11.91 12.32 12.5 12.31 12.23 
8.33 10.01 9.27 9.47 9.88 10.74 11.57 12.24 12.6 12.72 12.46 12.1 
8.59 10.45 9.95 9.84 10.08 10.91 11.58 12.2 12.6 12.8 12.49 12.14 
8.76 10.68 9.6 9.61 10.02 10.97 11.72 12.42 12.89 13.02 12.65 12.22 
8.53 10.77 10.12 9.91 10.21 11.11 11.78 12.5 12.97 13.16 12.71 12.36 
7.84 10.77 9.97 9.65 10.1 11.14 11.88 12.61 13.16 13.28 12.89 12.48 
8.64 10.06 10.06 9.89 10.36 11.19 11.88 12.68 13.31 13.42 13.04 12.83 
9.44 10.1 9.2 8.88 9.03 10.22 11.21 12.38 13.13 13.26 12.95 12.72 
9.28 9.68 9.79 9.64 10.12 11.83 10.43 10.71 11.74 12.81 13.03 13.14 
8.73 9.32 8.95 8.95 9.46 11.27 9.92 10.18 11.34 12.26 12.65 12.69 
9.03 9.19 9.34 9.13 9.47 10.87 9.79 10.03 11.02 11.78 12.17 12.33 
8.66 9.03 8.54 8.35 8.77 10.42 9.38 9.62 10.51 11.3 11.71 11.95 
9.04 9.17 9.2 8.91 8.97 10.18 9.48 9.66 10.22 10.9 11.3 11.79 
8.53 8.8 7.98 7.83 8.15 9.54 8.86 8.93 9.52 10.37 10.82 11.18 
8.36 8.48 8.02 8.0 8.05 9.09 8.71 8.73 9.05 9.71 10.12 10.53 
8.63 8.87 8.01 7.71 7.92 8.77 8.84 8.85 9.19 9.84 10.42 11.03 
9.29 9.39 9.46 9.11 8.95 9.37 9.6 9.67 9.87 10.23 10.63 11.24 
8.49 8.64 7.95 7.64 7.7 8.52 8.69 8.67 8.94 9.45 9.9 10.3 
8.85 8.84 8.9 8.57 8.47 8.81 8.94 8.86 8.86 9.07 9.32 9.68 
8.47 8.66 7.99 7.7 7.75 8.31 8.61 8.57 8.8 9.24 9.67 10.13 
9.08 9.21 9.23 8.94 8.81 9.18 9.43 9.5 9.69 9.97 10.32 10.92 
8.47 8.58 7.7 7.47 7.51 8.15 8.5 8.49 8.76 9.21 9.62 10.07 
8.35 8.41 7.98 7.99 7.98 8.4 8.67 8.62 8.73 9.03 9.28 9.66 
8.47 8.53 7.69 7.5 7.68 8.23 8.56 8.48 8.71 9.13 9.54 10.0 
9.29 9.4 9.44 9.12 8.96 9.33 9.61 9.67 9.85 10.18 10.54 11.15 
8.47 8.62 7.93 7.65 7.7 8.35 8.7 8.67 8.92 9.35 9.73 10.15 
8.85 8.85 8.89 8.57 8.46 8.76 8.94 8.86 8.86 9.06 9.3 9.64 
8.48 8.68 8.01 7.69 7.74 8.3 8.61 8.58 8.79 9.25 9.68 10.14 
9.07 9.21 9.23 8.94 8.81 9.18 9.42 9.5 9.68 9.98 10.33 10.93 
8.47 8.56 7.7 7.45 7.49 8.16 8.5 8.47 8.76 9.21 9.62 10.08 
8.33 8.43 8.01 7.99 7.99 8.4 8.67 8.62 8.73 9.03 9.27 9.66 
8.58 8.77 7.94 7.62 7.75 8.37 8.71 8.71 8.98 9.51 10.05 10.67 
9.13 9.16 9.19 8.88 8.7 9.08 9.34 9.41 9.58 9.92 10.27 10.87 
8.48 8.6 7.94 7.66 7.7 8.35 8.71 8.67 8.92 9.34 9.74 10.15 
9.03 9.09 9.16 8.81 8.71 9.01 9.2 9.12 9.11 9.32 9.57 9.91 
8.47 8.67 8.01 7.68 7.74 8.3 8.62 8.57 8.8 9.24 9.68 10.14 
9.07 9.19 9.35 8.94 8.93 9.28 9.47 9.66 9.86 10.19 10.49 10.99 
7.73 8.67 9.2 7.83 8.77 9.47 9.9 10.19 10.47 11.06 11.19 11.3 
6.17 8.15 10.0 8.49 9.18 10.15 10.66 10.98 11.21 11.72 11.65 11.67 
8.54 9.5 10.7 9.15 10.2 11.05 11.68 11.9 12.15 12.68 12.83 12.82 
9.23 9.77 10.65 9.57 10.14 10.95 10.95 11.43 12.06 12.73 12.73 12.95 
8.9 9.43 10.1 8.76 9.49 10.23 10.5 10.9 11.43 11.96 11.82 11.77 
9.08 9.36 10.17 9.15 9.57 10.14 10.19 10.54 10.95 11.38 11.13 11.07 
8.79 9.33 9.79 8.58 9.3 9.88 10.2 10.59 10.88 11.22 11.22 11.2 
9.04 9.41 9.88 9.06 9.35 9.87 9.99 10.27 10.53 10.89 10.91 11.24 
8.79 9.05 9.36 8.24 8.91 9.46 9.84 10.11 10.4 10.77 10.83 10.94 
8.61 8.94 9.29 8.49 8.85 9.29 9.58 9.72 9.99 10.39 10.29 10.49 
8.7 9.03 9.15 8.11 8.75 9.32 9.77 10.04 10.31 10.66 10.83 11.13 
9.05 9.27 9.56 8.99 9.07 9.53 9.81 9.95 10.15 10.49 10.64 11.13 
8.65 8.98 8.96 8.14 8.49 9.07 9.52 9.7 9.98 10.34 10.51 10.81 
9.01 9.13 9.44 8.88 8.91 9.25 9.51 9.54 9.62 9.94 10.03 10.43 
8.6 8.93 8.85 7.96 8.37 8.85 9.47 9.69 9.95 10.27 10.46 10.78 
9.05 9.29 9.38 9.04 8.97 9.45 9.78 9.89 10.05 10.33 10.56 11.15 
8.53 8.76 8.45 7.66 8.0 8.55 9.17 9.35 9.62 9.98 10.27 10.7 
8.46 8.82 8.56 8.21 8.18 8.62 9.13 9.2 9.33 9.62 9.83 10.32 
8.49 8.64 8.41 7.62 8.12 8.63 9.35 9.53 9.75 10.06 10.35 10.76 
9.08 9.25 9.33 9.01 8.86 9.4 9.75 9.84 10.0 10.28 10.54 11.13 
8.58 8.79 8.42 7.77 7.99 8.56 9.21 9.3 9.54 9.9 10.28 10.76 
9.02 9.15 9.25 8.8 8.75 9.07 9.41 9.39 9.47 9.69 9.97 10.44 
8.54 8.84 8.43 7.88 8.03 8.58 9.32 9.53 9.83 10.18 10.46 10.84 
9.09 9.34 9.33 9.05 8.92 9.42 9.78 9.91 10.11 10.4 10.65 11.19 
8.61 9.13 8.22 7.79 8.02 8.65 9.41 9.59 9.98 10.35 10.69 10.95 
8.74 9.08 8.56 8.34 8.44 8.88 9.6 9.83 10.16 10.46 10.6 10.87 
9.03 9.4 8.51 8.32 8.56 9.14 9.97 10.29 10.65 10.99 11.16 11.62 
9.26 9.57 9.38 9.04 9.13 9.57 10.09 10.46 10.81 11.05 11.15 11.68 
9.13 9.66 8.74 8.41 8.75 9.51 10.22 10.67 11.06 11.33 11.37 11.64 
9.3 9.92 9.39 9.08 9.28 9.74 10.36 10.82 11.17 11.47 11.29 11.71 
9.36 10.09 9.04 8.75 9.28 9.78 10.62 11.13 11.59 11.84 11.73 11.95 
9.38 10.33 9.69 9.37 9.58 10.14 10.8 11.42 11.83 12.03 11.89 12.01 
8.39 10.18 9.65 8.95 9.82 10.38 11.11 11.82 12.29 12.46 12.27 12.55 
7.24 9.27 10.21 9.49 10.19 10.75 11.44 12.15 12.73 12.87 12.65 12.9 
8.86 11.17 10.8 9.76 10.43 11.09 11.85 12.37 12.89 13.14 13.0 12.75 
9.26 10.56 10.49 9.67 10.31 11.7 10.97 11.3 11.77 12.58 12.77 12.9 
9.0 10.3 10.56 9.55 9.95 11.23 10.88 11.22 11.59 12.21 12.49 12.51 
9.24 10.26 10.24 9.24 9.72 10.89 10.58 10.73 11.17 11.74 12.02 12.18 
8.96 9.92 9.99 8.83 9.49 10.61 10.34 10.74 11.09 11.53 11.72 11.88 
8.97 9.28 9.45 8.66 9.01 10.18 9.85 10.13 10.46 11.01 11.26 11.7 
9.93 11.19 10.44 9.77 9.99 10.53 10.89 11.03 11.16 11.4 11.65 11.89 
8.6 9.0 9.13 8.31 8.63 9.53 9.72 9.83 10.06 10.52 10.72 11.22 
8.62 9.21 9.23 7.94 8.58 9.14 9.75 10.33 10.76 11.31 11.79 12.27 
9.99 10.64 10.15 9.76 9.64 10.34 10.24 10.39 10.6 10.81 10.91 11.3 
8.74 9.5 9.35 8.57 8.84 9.5 9.98 10.13 10.29 10.55 10.62 10.75 
8.88 9.3 9.5 9.66 8.95 9.59 9.93 9.97 10.08 10.55 10.75 11.13 
8.71 9.63 9.26 9.12 9.95 9.53 10.45 10.74 11.03 11.37 11.65 11.92 
8.98 9.12 8.8 8.53 9.11 9.09 9.7 9.83 10.0 10.26 10.49 11.03 
8.72 9.51 9.67 8.21 8.9 9.39 10.01 10.44 10.83 11.32 11.41 11.52 
9.39 10.52 10.37 10.09 9.76 10.44 10.61 10.75 10.96 11.4 11.54 11.97 
9.39 10.69 10.88 9.97 10.14 10.52 10.9 11.43 11.79 12.28 12.5 12.84 
9.04 9.73 10.03 8.91 9.47 9.84 10.01 10.38 10.71 11.2 11.23 11.36 
8.94 9.95 10.35 9.1 9.65 10.09 10.51 10.89 11.14 11.55 11.56 11.43 
9.17 10.05 10.05 9.08 9.45 9.78 10.07 10.31 10.6 11.04 10.92 10.92 
8.97 9.81 10.09 8.61 9.37 9.81 10.18 10.66 10.9 11.26 11.27 11.19 
9.16 9.47 9.68 8.87 9.16 9.65 10.04 10.31 10.59 11.02 11.06 11.39 
8.7 9.59 9.71 8.51 9.46 10.29 10.62 10.23 10.76 11.25 11.65 11.66 
8.76 9.46 9.52 9.57 10.06 9.81 10.2 10.24 10.25 10.59 10.7 11.09 
8.86 9.67 9.42 9.71 10.49 9.91 10.55 10.67 10.84 11.34 11.8 12.28 
8.84 8.99 8.98 9.24 9.76 9.89 9.91 10.01 10.12 10.39 10.54 11.02 
8.89 10.15 9.97 9.59 9.99 10.49 10.45 10.62 11.03 11.4 11.64 11.39 
8.92 9.24 9.33 8.65 8.73 9.32 9.76 9.93 10.01 10.57 10.72 11.06 
8.46 9.03 8.97 7.8 8.28 8.77 9.43 9.82 10.11 10.43 10.55 10.77 
9.19 9.53 9.37 9.54 9.8 9.8 10.5 10.77 10.82 10.96 11.01 11.44 
9.95 11.18 10.37 9.77 10.08 10.43 10.87 11.0 11.17 11.41 11.61 11.84 
8.6 9.19 9.78 8.61 9.04 9.71 10.09 10.4 10.74 11.21 11.28 11.56 
9.3 10.61 10.8 9.83 10.07 10.45 10.82 11.36 11.72 12.21 12.43 12.77 
8.97 9.71 10.0 8.85 9.43 9.76 9.98 10.34 10.64 11.13 11.18 11.29 
8.9 9.84 10.38 9.05 9.58 10.03 10.49 10.84 11.11 11.51 11.52 11.39 
9.15 10.0 10.07 9.05 9.4 9.79 10.06 10.32 10.59 11.02 10.91 10.9 
8.88 9.69 10.06 8.66 9.36 9.79 10.19 10.67 10.93 11.28 11.28 11.21 
9.15 9.49 9.69 8.89 9.18 9.65 10.05 10.32 10.59 11.03 11.07 11.39 
10.03 11.21 10.47 9.76 10.01 10.41 10.89 11.03 11.14 11.38 11.59 11.81 
8.56 9.01 9.14 8.31 8.59 9.33 9.72 9.83 10.08 10.48 10.62 11.03 
8.61 9.21 9.28 7.92 8.56 9.07 9.76 10.32 10.75 11.3 11.78 12.26 
9.83 10.4 9.91 9.52 9.4 10.09 9.98 10.13 10.34 10.56 10.66 11.03 
8.8 9.69 9.61 9.58 9.25 10.07 10.42 10.63 10.77 11.11 11.28 11.53 
8.89 9.44 9.92 10.74 9.96 10.37 10.72 10.86 10.95 11.42 11.63 11.97 
8.58 9.39 10.08 9.85 9.77 10.19 10.76 10.72 10.89 11.11 11.26 11.58 
9.11 9.33 9.17 8.93 8.94 9.47 10.03 10.13 10.26 10.54 10.76 11.31 
8.55 9.3 9.44 7.99 8.73 9.15 9.75 10.2 10.57 11.06 11.14 11.26 
9.21 10.27 10.14 9.86 9.52 10.21 10.34 10.49 10.71 11.13 11.27 11.69 
9.38 10.69 10.86 9.98 10.17 10.54 10.9 11.44 11.8 12.28 12.5 12.83 
9.13 10.02 10.36 9.17 9.77 10.11 10.28 10.66 10.98 11.47 11.52 11.64 
8.95 9.85 10.42 9.14 9.66 10.11 10.55 10.88 11.16 11.56 11.57 11.44 
9.12 10.08 10.14 9.1 9.48 9.78 10.07 10.33 10.59 11.04 10.92 10.91 
8.9 9.78 10.05 8.72 9.34 9.84 10.23 10.69 10.93 11.29 11.3 11.23 
8.99 9.24 9.47 8.63 8.93 9.41 9.79 10.06 10.35 10.77 10.8 11.13 
8.7 9.68 9.71 8.53 9.45 10.3 10.65 10.31 10.82 11.28 11.68 11.7 
8.78 9.52 9.52 9.58 10.06 9.86 10.31 10.37 10.45 10.76 10.83 11.2 
9.04 9.83 9.45 9.76 10.5 9.94 10.6 10.76 10.99 11.45 11.86 12.31 
9.16 9.52 9.29 9.44 10.0 10.22 10.32 10.55 10.88 11.2 11.23 11.55 
9.08 10.31 9.94 9.64 9.98 10.54 10.65 10.96 11.43 11.81 12.02 11.77 
9.24 9.84 9.45 8.95 9.05 9.78 10.36 10.81 11.21 11.65 11.61 11.66 
9.21 10.29 9.25 8.72 9.01 9.79 10.54 11.14 11.68 11.99 11.96 11.81 
10.12 10.92 10.12 9.79 9.79 10.36 10.81 11.37 11.87 12.16 12.01 12.04 
8.87 10.15 9.58 8.85 9.21 10.08 10.77 11.46 12.06 12.34 12.25 12.0 
7.82 9.74 10.11 9.33 9.85 10.62 11.21 11.93 12.55 12.83 12.64 12.47 
8.91 10.9 10.82 9.98 10.24 10.72 11.31 12.11 12.69 13.0 12.97 13.04 
9.18 10.97 10.51 9.96 10.29 11.21 11.69 11.93 12.21 12.77 13.37 13.35 
9.14 10.65 10.38 9.69 10.11 10.85 11.36 11.53 12.02 12.69 12.5 12.57 
9.24 10.61 10.69 9.64 10.05 10.83 11.22 11.38 12.09 12.33 12.41 12.71 
9.54 10.96 10.65 10.03 10.26 10.91 11.32 11.77 11.99 12.27 12.52 12.84 
9.54 11.1 10.7 10.43 10.33 11.2 11.81 11.7 11.89 12.22 12.31 12.57 
9.25 11.09 10.34 10.39 10.25 11.6 11.78 11.81 12.09 12.22 12.15 12.36 
8.87 11.09 10.81 10.87 10.83 11.41 11.66 11.83 12.03 12.22 12.18 12.4 
7.87 10.64 10.9 10.8 10.66 11.01 11.32 11.32 11.71 11.92 11.95 12.16 
7.82 11.16 11.22 10.71 10.75 11.26 11.51 11.54 11.96 12.12 12.18 12.4 
7.73 11.04 10.94 10.69 10.78 11.24 11.55 11.53 11.95 12.1 12.12 12.37 
7.62 11.21 10.51 10.25 10.36 11.02 11.28 11.3 11.74 11.85 11.89 12.13 
8.16 11.25 11.22 10.44 10.63 11.11 11.38 11.41 11.89 11.95 12.04 12.27 
8.43 11.17 10.95 10.93 10.54 11.2 11.79 11.5 11.92 12.01 12.06 12.29 
8.54 11.08 10.96 10.65 10.49 11.45 11.59 11.53 11.87 11.95 12.03 12.32 
8.66 11.32 10.88 10.98 11.06 11.53 11.75 11.72 11.85 11.91 12.02 12.28 
8.33 11.37 10.57 10.93 11.06 11.49 11.78 11.64 11.72 11.82 11.95 12.23 
8.12 11.45 11.17 10.59 10.91 11.44 11.79 11.8 11.86 12.13 12.26 12.33 
7.96 11.3 10.92 10.53 11.05 11.4 11.92 11.85 12.01 12.23 11.93 11.79 
7.91 11.39 10.83 10.42 10.71 11.8 11.77 11.98 12.01 11.97 11.81 11.51 
7.89 11.45 11.08 10.62 11.0 11.53 12.01 11.99 11.98 11.83 11.73 11.5 
7.9 11.28 10.89 10.66 10.67 11.67 11.82 12.0 11.99 11.83 11.63 11.43 
7.85 11.46 10.81 10.73 10.63 11.38 11.72 11.87 11.87 11.76 11.66 11.41 
7.83 11.29 11.22 11.19 10.62 11.45 11.81 11.97 11.93 11.85 11.67 11.45 
8.0 11.1 11.26 10.65 11.19 11.15 11.91 12.06 12.01 11.98 11.74 11.55 
8.13 11.29 11.35 10.69 10.9 11.22 11.76 11.97 12.02 12.06 11.88 11.71 
8.18 11.46 10.88 10.58 10.74 11.15 11.7 11.98 12.17 12.17 11.91 11.74 
8.13 11.41 10.98 10.69 10.62 11.26 11.66 11.98 12.2 12.31 12.05 11.89 
8.46 11.51 11.23 10.71 10.91 11.18 11.8 12.19 12.37 12.48 12.12 11.87 
8.45 11.56 10.98 10.58 10.52 11.16 12.01 12.1 12.51 12.59 12.22 11.94 
8.28 11.43 10.83 10.71 10.23 11.54 11.73 12.22 12.56 12.68 12.27 12.01 
8.17 11.12 10.73 10.63 10.46 11.53 11.92 12.24 12.72 12.77 12.4 12.15 
8.46 11.49 11.09 10.42 10.55 11.43 11.8 12.2 12.64 12.79 12.42 12.23 
9.72 11.71 10.95 10.25 10.2 11.43 12.0 12.08 12.2 12.28 12.03 12.27 
9.77 11.55 10.85 10.12 10.36 11.06 11.63 11.83 12.25 12.34 11.96 12.13 
9.75 10.97 10.83 9.87 10.42 11.46 11.25 11.97 11.93 12.31 11.95 12.06 
9.54 11.06 10.79 10.01 10.48 11.37 11.68 11.75 11.78 12.11 11.65 11.74 
9.66 11.17 10.88 10.05 10.56 11.55 11.63 11.81 11.95 12.26 12.17 12.39 
9.48 10.86 11.04 9.78 10.33 10.89 11.4 11.54 11.72 11.89 11.55 11.52 
9.47 11.4 10.81 10.61 10.27 11.3 11.69 11.59 11.76 12.05 11.81 11.64 
9.48 11.06 10.61 10.2 10.64 11.22 11.88 11.71 11.8 12.27 11.75 11.66 
9.45 11.06 10.85 10.2 10.58 11.12 11.75 11.64 11.57 11.96 11.64 11.55 
9.45 11.33 10.6 10.26 10.42 10.97 11.6 11.63 11.62 11.97 11.68 11.71 
9.54 11.42 10.61 10.36 10.57 11.08 11.55 11.55 11.82 11.95 11.8 11.69 
9.31 11.63 10.4 10.96 10.79 11.03 11.43 11.5 11.7 11.63 11.53 11.65 
9.0 11.02 10.74 9.92 10.49 10.96 11.74 11.57 11.72 11.87 11.74 11.81 
9.08 11.43 10.44 9.83 10.28 11.2 11.3 11.62 11.64 11.99 11.74 11.84 
9.88 11.64 10.44 10.14 10.09 11.09 11.26 11.27 11.72 11.94 11.74 11.82 
9.9 11.45 10.55 10.06 10.44 10.91 11.29 11.42 11.83 11.96 11.74 11.89 
9.76 11.68 10.56 10.08 10.35 10.98 11.45 11.32 11.51 11.68 11.61 11.83 
9.7 11.83 10.11 10.16 10.37 10.77 11.49 11.18 11.46 11.56 11.47 11.77 
9.79 11.33 10.83 9.69 10.58 11.45 11.26 11.91 11.86 12.3 11.92 12.06 
9.43 10.98 10.47 9.54 10.35 11.04 11.52 11.44 11.51 11.89 11.44 11.54 
9.52 11.11 10.83 9.69 10.14 11.4 11.44 11.62 11.73 12.09 11.99 12.21 
9.57 11.06 11.44 9.59 10.38 11.05 11.57 11.61 11.78 12.06 11.64 11.69 
9.45 11.38 10.61 10.5 10.04 11.33 11.6 11.49 11.77 12.01 11.77 11.63 
9.47 11.08 10.48 9.99 10.29 11.22 11.8 11.69 11.75 12.21 11.73 11.62 
9.44 11.06 11.11 10.08 10.52 11.09 11.63 11.62 11.55 11.86 11.55 11.62 
9.45 11.38 10.6 10.18 10.35 11.09 11.39 11.74 11.77 12.29 11.83 12.05 
9.46 11.37 10.75 10.19 10.37 11.12 11.52 11.48 11.78 11.95 11.74 11.69 
9.4 11.56 10.47 10.59 10.72 11.03 11.29 11.46 11.67 11.6 11.5 11.65 
8.96 11.5 10.04 10.31 10.23 10.67 11.52 11.22 11.59 11.57 11.76 12.01 
9.0 11.56 10.09 9.84 10.26 11.04 11.15 11.37 11.51 11.62 11.64 11.84 
8.44 11.41 11.0 10.07 10.18 11.08 11.42 11.45 11.73 11.95 11.86 11.93 
9.53 11.13 10.87 9.8 10.42 10.96 11.42 11.69 11.92 12.52 12.73 13.05 
9.09 11.56 10.98 9.95 10.52 11.38 11.58 11.7 11.95 12.3 12.51 12.57 
9.05 11.46 10.7 9.85 10.5 11.13 11.99 11.99 12.08 12.17 12.24 12.3 
9.11 10.99 10.43 9.8 10.76 11.28 11.89 11.78 12.11 12.23 12.24 12.25 
8.91 11.31 10.66 10.35 10.67 11.17 11.98 11.83 12.19 12.27 12.18 12.17 
9.06 11.43 10.44 10.43 10.26 11.25 11.79 12.01 12.3 12.26 12.01 12.1 
9.15 11.44 10.92 10.34 10.1 11.13 11.61 11.82 12.25 12.41 12.25 12.45 
9.21 11.27 10.76 10.76 10.21 11.19 11.88 11.88 12.26 12.26 12.02 12.11 
9.0 11.64 10.67 10.49 10.61 10.99 11.71 11.7 11.86 11.85 11.84 11.83 
8.92 11.62 11.0 10.4 10.57 11.37 11.86 11.95 11.93 11.92 11.79 11.86 
9.01 11.38 10.79 10.24 10.3 11.01 11.61 11.67 12.04 12.08 12.01 12.18 
8.99 11.53 11.03 10.23 10.25 10.94 11.34 11.41 11.68 11.7 11.66 11.67 
8.87 11.78 10.8 10.25 10.16 10.83 11.22 11.46 11.61 11.66 11.69 11.74 
8.81 11.85 10.85 10.42 10.4 10.98 11.59 11.37 11.71 11.81 11.82 11.92 
8.85 11.87 10.46 10.56 10.29 11.2 11.31 11.48 11.73 11.76 11.8 11.86 
8.83 11.86 10.76 10.56 10.71 11.34 11.58 11.56 11.87 11.93 11.92 11.97 
8.77 11.56 10.74 10.5 10.69 11.22 11.95 12.06 12.4 12.5 12.23 12.29 
8.68 11.95 11.07 10.21 10.27 11.01 11.5 11.78 11.94 12.06 11.91 12.02 
8.74 11.82 10.78 10.24 10.53 10.97 11.34 11.5 11.69 11.9 11.8 11.85 
9.0 11.77 11.05 10.42 10.49 11.45 11.56 11.89 12.3 12.52 12.42 12.6 
8.44 11.69 10.78 10.26 10.48 11.38 11.5 11.51 11.6 11.73 11.73 11.81 
8.24 11.57 10.85 10.1 10.28 11.4 11.48 11.54 11.74 11.89 11.81 11.91 
7.84 11.3 10.53 10.15 9.88 10.94 11.37 11.42 11.74 11.9 12.12 12.35 
8.09 11.75 10.72 10.98 10.59 11.34 11.8 11.77 12.25 12.54 12.45 12.45 
7.7 11.22 10.93 10.54 10.73 11.3 12.07 11.95 12.37 12.5 12.4 12.48 
7.47 10.79 10.53 10.16 10.29 11.59 11.73 11.51 12.16 12.39 12.29 12.28 
7.53 10.96 10.79 10.28 10.37 11.4 11.92 12.08 12.49 12.71 12.74 12.81 
7.8 10.89 10.56 10.19 10.29 11.22 11.76 11.98 12.44 12.96 13.11 13.25 
9.3 11.18 10.77 10.25 10.76 11.4 11.71 11.79 12.44 12.88 12.98 12.93 
7.93 10.11 10.1 9.33 10.63 11.06 11.66 11.87 11.82 11.97 11.33 11.34 
6.52 8.49 9.29 9.05 10.12 10.78 11.17 10.24 11.42 11.61 11.04 10.23 
6.1 8.07 8.65 8.44 9.64 10.19 11.11 10.51 11.44 11.64 10.88 9.62 
6.8 8.38 7.96 8.95 9.58 11.3 12.25 11.03 12.13 11.42 11.12 9.79 
9.62 10.52 10.25 9.67 9.92 11.14 11.29 11.6 11.85 12.34 12.32 12.48 
9.62 10.88 10.34 9.93 10.35 10.86 11.15 11.31 11.53 11.82 11.85 11.89 
9.49 10.81 10.22 9.88 9.95 10.99 10.89 11.23 11.4 11.53 11.45 11.52 
9.26 10.61 10.27 9.54 10.02 10.4 11.04 11.07 11.25 11.52 11.67 11.81 
9.65 10.75 9.75 8.74 8.89 9.85 10.7 10.45 10.56 10.63 10.83 11.04 
9.64 10.52 10.01 9.38 9.96 10.64 11.26 11.7 12.05 11.9 11.98 11.97 
9.48 9.95 9.84 9.24 8.9 9.9 10.36 10.75 10.99 10.71 10.65 10.55 
9.61 10.92 10.32 9.05 9.46 10.52 10.91 11.61 11.74 11.73 11.93 12.06 
9.76 10.2 9.75 9.86 9.9 10.58 10.69 11.0 10.82 10.34 10.0 10.2 
8.68 10.06 10.77 9.96 9.91 10.78 11.21 11.34 11.67 11.99 12.26 12.33 
8.41 9.26 9.59 10.12 9.09 10.14 10.53 10.59 10.78 11.03 11.23 11.63 
8.45 9.3 9.08 9.72 10.61 9.89 10.69 10.92 11.26 11.68 12.01 12.39 
9.29 9.83 9.09 8.97 9.37 9.42 9.56 9.59 9.51 9.58 9.7 10.07 
9.86 11.04 10.31 9.88 9.88 10.32 10.53 10.69 10.85 11.07 11.35 11.59 
9.25 10.13 9.43 9.71 9.26 10.04 10.16 10.06 10.08 10.44 10.92 11.47 
9.76 10.73 10.23 9.72 9.64 9.99 10.56 10.79 11.25 11.68 12.09 12.5 
9.68 10.73 9.71 8.85 8.9 9.75 10.72 10.39 10.53 10.65 10.89 11.14 
8.69 9.0 8.82 9.13 9.59 10.5 11.57 11.67 12.15 12.24 12.43 12.51 
9.43 10.39 8.73 8.73 9.75 10.31 10.77 10.93 11.27 11.6 11.86 12.2 
9.62 10.11 9.55 8.82 8.71 9.89 10.55 11.11 10.76 11.04 11.63 12.04 
9.47 9.24 8.35 8.3 9.48 9.98 10.37 10.51 10.73 11.03 11.35 11.63 
9.77 11.27 10.92 9.26 8.96 10.33 10.96 11.54 11.54 11.37 11.41 11.14 
9.58 10.76 10.43 9.58 9.27 10.67 11.07 11.59 11.54 11.33 11.23 10.88 
9.5 10.65 10.77 9.68 9.35 10.68 11.29 11.8 11.75 11.51 11.65 11.51 
9.73 10.28 10.38 9.56 10.06 10.69 11.06 11.23 11.65 12.4 12.89 12.78 
10.04 10.81 10.58 9.82 10.44 10.7 11.33 11.52 12.15 12.72 12.48 12.43 
9.9 10.33 10.35 9.47 9.84 10.96 10.64 11.37 11.92 12.03 12.05 12.23 
9.82 10.78 10.06 9.91 10.03 10.7 11.2 11.59 11.7 11.89 12.09 12.2 
9.66 10.49 9.89 10.22 10.49 10.92 11.03 11.3 11.4 11.51 11.55 11.8 
9.7 11.22 10.67 10.38 10.59 10.92 11.32 11.53 11.7 11.94 12.03 12.01 
9.9 10.78 10.65 10.54 10.39 10.91 11.19 11.54 11.58 11.69 11.66 11.86 
9.58 11.37 10.79 10.22 10.8 11.04 11.61 11.87 12.11 12.41 12.52 12.35 
9.52 10.53 10.24 10.01 10.34 10.92 11.21 11.56 11.81 12.29 12.29 12.51 
9.84 10.83 10.53 10.31 10.78 11.07 11.44 11.57 11.71 12.01 12.01 12.1 
9.25 10.43 9.96 9.93 10.16 10.78 10.86 11.27 11.3 11.37 11.26 11.37 
9.26 10.56 10.07 9.62 10.22 10.57 10.93 11.01 11.21 11.46 11.61 11.8 
9.65 10.71 9.7 8.96 9.2 9.93 10.79 10.7 10.79 10.87 10.99 11.3 
9.61 10.51 9.99 9.41 9.98 10.65 11.28 11.7 12.04 11.9 11.98 12.01 
9.54 9.94 9.84 9.37 9.24 10.0 10.58 10.95 11.14 10.89 10.79 10.83 
9.63 10.92 10.33 9.04 9.45 10.51 10.92 11.61 11.74 11.76 12.01 12.28 
9.66 10.51 9.69 10.06 10.14 10.99 10.96 11.26 11.15 10.89 10.75 11.04 
8.73 10.03 10.89 10.0 9.93 10.8 11.25 11.4 11.67 11.99 12.26 12.36 
8.8 9.59 9.95 10.27 9.35 10.24 10.6 10.67 10.8 11.18 11.44 11.85 
8.83 9.62 9.23 9.7 10.56 9.88 10.65 10.89 11.21 11.65 11.97 12.37 
9.13 10.28 9.32 9.29 9.84 10.61 11.18 11.23 11.01 10.67 10.03 9.79 
8.51 9.26 9.3 8.99 8.99 9.93 11.22 11.22 11.61 11.53 11.66 11.83 
9.68 11.25 9.92 9.3 9.11 10.35 11.55 11.63 11.57 11.32 11.53 11.59 
9.71 11.07 10.8 9.69 9.36 10.67 11.29 11.65 11.66 11.61 11.72 12.06 
9.9 10.94 10.34 9.24 9.21 10.7 11.47 11.24 11.11 11.35 11.64 11.98 
10.0 11.45 10.9 9.73 9.22 10.56 11.44 11.74 11.8 11.71 11.79 11.72 
9.75 10.81 10.62 9.53 9.38 10.5 11.08 11.58 11.5 11.26 11.27 11.07 
9.79 10.95 10.59 9.57 9.16 10.4 10.92 11.32 11.46 11.34 11.31 11.25 
8.77 9.38 9.16 8.94 9.42 10.41 10.6 11.17 11.13 11.06 11.49 11.56 
9.72 11.07 10.66 9.46 9.08 10.44 11.02 11.43 11.41 11.3 11.35 11.19 
9.2 9.81 8.56 9.09 10.5 10.44 11.27 11.3 11.44 11.56 11.77 12.04 
9.8 11.02 10.68 9.68 9.53 10.55 11.34 11.67 11.75 11.9 12.22 12.41 
9.65 10.24 10.34 9.52 10.03 10.79 11.0 11.18 11.61 12.37 12.84 12.75 
9.97 10.76 10.64 9.84 10.43 10.7 11.32 11.5 12.13 12.72 12.48 12.47 
9.86 10.36 10.42 9.7 9.85 10.94 10.69 11.38 11.92 12.06 12.1 12.32 
9.8 10.79 10.12 9.89 10.02 10.68 11.17 11.59 11.69 11.89 12.1 12.25 
9.57 10.42 9.83 10.12 10.46 10.79 11.0 11.22 11.25 11.35 11.39 11.58 
9.78 11.15 10.65 10.36 10.56 10.83 11.2 11.42 11.6 11.76 11.85 11.83 
9.76 10.59 10.56 10.38 10.39 10.82 11.23 11.4 11.44 11.44 11.4 11.5 
9.46 11.38 10.68 10.19 10.66 10.89 11.59 11.75 12.02 12.39 12.56 12.5 
9.52 10.55 10.33 10.05 10.4 10.98 11.28 11.56 11.83 12.31 12.36 12.56 
9.59 10.68 10.41 9.8 10.27 10.74 11.16 11.29 11.45 11.72 11.75 11.85 
9.14 10.26 9.96 9.76 9.8 10.91 10.79 10.86 11.1 11.27 11.42 11.53 
9.41 10.75 10.41 9.82 10.22 10.83 11.36 11.4 11.52 11.74 11.9 12.06 
8.54 9.28 9.31 8.69 9.07 9.89 9.98 9.89 10.08 10.33 10.64 10.95 
8.72 9.76 9.28 8.86 9.0 9.61 9.99 10.12 10.21 10.37 10.52 10.84 
8.72 9.73 9.14 9.07 9.33 10.07 10.25 10.34 10.49 10.61 10.86 11.32 
8.66 10.15 9.95 9.43 9.75 10.32 11.21 11.23 11.5 11.81 12.05 12.4 
9.79 10.42 10.95 10.39 10.27 11.37 11.54 11.56 11.83 11.91 12.14 12.5 
8.52 9.26 9.69 10.08 9.06 10.07 10.56 10.64 10.83 11.05 11.29 11.66 
8.88 9.45 9.87 10.7 9.94 10.36 10.84 10.93 10.99 11.43 11.63 11.96 
9.3 10.19 9.89 9.98 9.79 10.51 11.36 11.39 11.54 11.84 12.13 12.24 
9.25 9.8 9.08 9.06 9.22 9.79 9.92 10.26 10.76 11.43 11.47 11.75 
9.51 10.62 9.97 9.61 9.75 10.33 10.66 11.0 11.46 11.98 12.08 12.33 
9.65 9.87 9.56 9.42 9.48 10.18 10.28 10.52 10.98 11.63 11.78 12.22 
9.66 11.27 10.66 10.24 10.17 10.48 10.88 11.12 11.47 11.98 12.19 12.6 
9.7 10.66 9.93 9.3 9.45 10.45 10.94 11.11 11.65 12.3 12.32 12.53 
9.81 10.95 10.07 8.97 9.04 9.86 10.94 11.13 11.41 11.75 11.81 11.97 
9.22 9.81 9.22 8.77 9.68 10.24 10.66 11.01 11.42 11.61 11.76 11.97 
9.81 10.88 10.41 9.39 9.07 10.07 10.7 11.16 11.33 11.49 11.6 11.51 
9.74 10.21 9.86 9.34 9.97 10.84 11.17 11.68 11.82 11.85 11.97 12.14 
9.59 10.45 9.98 9.17 8.9 10.14 10.88 11.29 11.71 11.93 12.01 11.93 
9.64 10.5 10.55 9.71 9.32 10.51 11.12 11.52 11.89 12.03 12.1 12.07 
9.53 11.22 10.75 9.11 9.06 10.02 11.12 11.68 11.83 12.2 12.4 12.47 
9.62 10.28 10.43 9.61 10.08 10.87 11.09 11.25 11.63 12.14 12.11 12.23 
9.8 10.57 10.45 9.68 10.25 10.51 11.17 11.29 11.58 11.81 11.84 11.88 
9.9 10.41 10.45 9.73 9.94 10.98 10.72 11.23 11.47 11.57 11.59 11.72 
9.8 10.81 10.14 9.91 10.03 10.71 11.17 11.44 11.55 11.78 11.92 11.93 
9.91 10.86 10.21 10.44 10.74 11.13 11.02 11.52 11.66 11.82 11.84 11.95 
9.67 11.23 10.67 10.44 10.54 10.84 11.26 11.53 11.78 12.14 12.23 12.18 
9.84 10.71 10.6 10.4 10.46 10.77 11.19 11.44 11.78 12.15 12.24 12.2 
9.53 11.34 10.65 10.26 10.7 10.9 11.54 11.72 12.15 12.6 12.76 12.75 
8.93 9.58 9.72 9.68 10.05 10.47 10.83 11.15 11.67 12.24 12.25 12.42 
8.67 9.94 9.87 9.59 9.56 10.0 10.4 10.65 11.12 11.5 11.4 11.32 
8.65 10.01 9.84 9.75 10.01 10.44 10.72 11.03 11.3 11.36 11.19 11.38 
8.65 10.14 10.23 9.68 10.26 10.63 11.15 11.16 11.46 11.69 11.77 11.99 
9.61 10.4 9.67 9.56 9.92 10.62 10.6 10.88 10.96 10.88 10.85 10.9 
9.13 9.77 9.07 8.61 9.16 9.56 9.95 10.14 10.21 10.34 10.36 10.38 
9.68 10.3 9.89 9.54 9.82 9.84 10.28 10.43 10.51 10.51 10.5 10.67 
9.71 10.83 10.37 9.89 9.76 10.47 10.86 10.9 11.14 11.47 11.75 12.07 
8.74 9.32 8.79 8.71 8.85 9.68 9.43 9.64 9.78 9.84 9.91 10.13 
8.84 9.98 9.7 9.35 9.44 9.82 10.09 10.18 10.35 10.46 10.6 10.75 
9.05 10.01 9.65 9.61 9.68 10.01 10.37 10.54 10.59 10.85 11.0 11.29 
8.93 10.44 10.02 9.58 9.9 10.33 11.01 11.09 11.27 11.55 11.7 11.92 
8.84 9.35 8.66 8.16 8.48 9.73 9.46 9.97 9.99 10.22 10.38 10.67 
10.04 11.45 11.01 9.71 9.27 10.53 11.12 11.66 11.65 11.53 11.56 11.32 
9.61 10.05 9.01 8.88 9.84 9.48 10.21 10.39 10.59 10.75 11.08 11.35 
9.65 10.24 9.6 8.91 8.89 9.97 10.67 11.07 10.84 11.25 11.74 12.16 
8.58 9.02 8.81 8.46 8.84 9.65 9.76 10.14 10.53 11.22 11.46 11.85 
8.76 9.9 9.67 9.39 9.27 9.65 9.95 10.02 10.17 10.31 10.47 10.69 
8.67 9.82 9.54 9.23 9.21 10.03 10.16 10.2 10.34 10.43 10.58 10.9 
8.72 10.13 10.05 9.5 9.94 10.32 11.07 10.98 11.33 11.58 11.76 11.99 
8.39 8.67 8.94 9.41 9.87 10.72 10.84 11.23 11.14 10.99 10.56 10.71 
8.47 9.14 9.42 9.54 9.67 10.66 11.6 11.7 12.07 12.17 12.35 12.48 
9.54 10.46 8.84 9.1 10.02 10.64 11.18 11.2 11.48 11.78 12.03 12.42 
9.65 10.21 9.71 8.98 8.96 10.15 10.66 11.19 11.03 11.4 11.99 12.46 
8.65 9.06 8.81 8.81 9.08 10.17 9.89 10.27 10.79 11.32 11.36 11.55 
8.89 10.25 9.92 9.72 9.51 9.99 10.38 10.54 10.99 11.31 11.49 11.48 
8.96 9.47 9.68 9.83 10.08 10.86 10.99 11.32 11.4 11.78 11.84 12.01 
8.77 9.58 9.44 9.58 9.78 10.66 11.57 11.69 12.1 12.26 12.39 12.48 
8.59 9.31 9.25 9.08 9.3 10.05 10.16 10.61 11.38 12.0 12.04 12.03 
8.67 9.41 9.61 9.15 9.53 10.09 10.31 10.88 11.69 12.25 12.28 12.23 
9.29 9.98 10.15 9.34 9.85 10.43 10.65 11.29 12.01 12.6 12.61 12.55 
9.51 10.59 10.7 9.64 10.11 10.66 11.01 11.66 12.29 12.84 12.9 12.91 
9.24 10.85 10.71 9.84 10.34 11.19 11.7 12.02 12.31 12.86 13.44 13.41 
9.15 10.62 10.4 9.59 9.91 10.91 11.38 11.54 12.08 12.74 12.55 12.61 
9.18 10.53 10.54 9.59 9.97 10.85 11.19 11.41 12.11 12.37 12.46 12.77 
9.54 10.89 10.48 9.98 10.25 10.88 11.34 11.77 11.98 12.3 12.55 12.87 
9.57 11.06 10.63 10.21 10.33 11.14 11.85 11.74 11.9 12.26 12.37 12.62 
9.26 11.08 10.37 10.41 10.24 11.61 11.81 11.86 12.13 12.27 12.2 12.42 
8.9 11.01 10.77 10.86 10.82 11.42 11.69 11.87 12.07 12.26 12.22 12.44 
7.9 10.63 11.05 10.82 10.65 11.08 11.35 11.34 11.71 11.93 11.98 12.21 
7.84 11.1 11.3 10.7 10.7 11.31 11.56 11.56 11.96 12.16 12.2 12.45 
7.73 10.98 11.0 10.64 10.61 11.25 11.53 11.59 11.96 12.12 12.13 12.43 
7.61 11.18 10.7 10.37 10.35 10.94 11.27 11.32 11.77 11.86 11.88 12.17 
8.07 11.25 11.13 10.52 10.53 11.23 11.34 11.44 11.93 12.0 12.06 12.32 
8.45 11.17 11.23 10.77 10.63 11.22 11.7 11.51 11.92 11.98 12.07 12.33 
8.58 11.03 10.72 10.75 10.48 11.47 11.48 11.46 11.86 11.95 12.05 12.34 
8.65 11.31 11.01 10.89 11.06 11.43 11.76 11.68 11.8 11.9 12.05 12.32 
8.3 11.28 10.51 10.89 11.11 11.52 11.76 11.66 11.73 11.81 12.0 12.27 
8.18 11.39 11.05 10.35 10.92 11.37 11.75 11.77 11.91 12.17 12.3 12.39 
7.91 11.27 11.02 10.37 10.97 11.4 11.92 11.94 12.07 12.29 11.99 11.84 
7.87 11.27 11.07 10.51 10.65 11.8 11.77 12.05 12.04 12.02 11.83 11.54 
7.89 11.39 10.97 10.61 10.77 11.57 12.02 12.01 12.01 11.9 11.77 11.55 
7.96 11.55 11.34 10.86 10.94 11.92 12.13 12.31 12.27 12.06 11.84 11.63 
7.58 11.16 10.73 10.6 10.42 11.08 11.42 11.63 11.62 11.54 11.38 11.18 
7.79 11.32 10.95 11.17 10.68 11.43 11.8 11.95 11.95 11.86 11.64 11.43 
7.94 11.15 11.23 10.71 11.21 11.2 11.93 12.15 12.1 12.03 11.79 11.6 
8.12 11.36 11.04 10.57 10.85 11.17 11.82 11.99 12.09 12.11 11.93 11.75 
8.14 11.45 10.93 10.7 10.68 11.3 11.72 12.07 12.24 12.25 12.02 11.79 
8.22 11.54 11.0 10.78 10.63 11.25 11.71 12.04 12.29 12.38 12.09 11.92 
8.25 11.54 11.23 10.68 10.76 11.19 11.78 12.13 12.39 12.51 12.2 12.0 
8.41 11.6 11.09 10.73 10.49 11.12 11.98 12.13 12.54 12.63 12.25 11.95 
8.32 11.48 10.86 10.6 10.41 11.49 11.78 12.29 12.59 12.71 12.31 12.06 
8.26 11.3 10.99 10.7 10.33 11.33 12.03 12.2 12.76 12.85 12.44 12.2 
8.33 11.16 11.05 10.67 10.56 11.62 11.77 12.36 12.7 12.81 12.46 12.24 
9.18 11.62 10.97 10.37 10.42 11.4 11.94 12.09 12.42 12.53 12.27 12.34 
9.73 11.55 10.82 10.19 10.28 11.1 11.65 11.9 12.23 12.32 11.96 12.13 
9.73 10.93 10.88 9.83 10.45 11.37 11.24 11.95 11.92 12.31 11.92 12.04 
9.58 10.99 10.85 9.94 10.52 11.36 11.64 11.7 11.76 12.11 11.62 11.69 
9.66 11.18 10.92 10.11 10.48 11.48 11.6 11.75 11.91 12.24 12.12 12.31 
9.52 10.89 10.97 9.63 10.23 10.94 11.35 11.49 11.69 11.91 11.59 11.56 
9.44 11.43 10.75 10.58 10.49 11.29 11.65 11.52 11.71 12.04 11.83 11.62 
9.47 11.11 10.72 10.16 10.53 11.21 11.89 11.69 11.75 12.27 11.71 11.58 
9.45 11.11 10.95 10.22 10.35 11.07 11.7 11.59 11.52 11.93 11.6 11.49 
9.49 11.38 10.66 10.19 10.48 10.96 11.53 11.59 11.57 11.97 11.64 11.66 
9.58 11.42 10.84 10.22 10.47 11.05 11.56 11.46 11.74 11.97 11.76 11.64 
9.25 11.6 10.37 10.94 10.84 11.06 11.36 11.45 11.67 11.58 11.55 11.63 
9.03 11.13 10.73 10.18 10.54 10.86 11.7 11.53 11.66 11.85 11.71 11.77 
9.07 11.45 10.46 9.95 10.32 11.16 11.28 11.58 11.59 11.94 11.71 11.81 
9.88 11.66 10.56 10.13 10.21 11.04 11.29 11.25 11.66 11.9 11.69 11.76 
9.92 11.53 10.74 10.09 10.39 10.8 11.23 11.37 11.73 11.94 11.67 11.87 
9.78 11.72 10.43 10.11 10.29 11.02 11.39 11.32 11.46 11.68 11.6 11.81 
9.7 11.85 10.25 10.18 10.36 10.75 11.42 11.14 11.39 11.5 11.44 11.73 
9.69 11.29 10.72 9.71 10.48 11.23 11.13 11.73 11.7 12.17 11.76 11.91 
9.58 11.14 10.59 9.54 10.55 11.15 11.62 11.55 11.59 12.0 11.5 11.58 
9.48 11.15 10.65 9.78 10.18 11.4 11.4 11.56 11.74 12.07 11.97 12.18 
9.59 11.05 11.41 9.53 10.31 11.0 11.54 11.57 11.79 12.07 11.65 11.68 
9.47 11.39 10.48 10.52 10.1 11.29 11.57 11.48 11.73 12.0 11.76 11.59 
9.52 11.1 10.36 9.98 10.31 11.14 11.76 11.68 11.74 12.21 11.69 11.62 
9.47 11.08 11.05 10.06 10.48 11.13 11.6 11.6 11.54 11.9 11.51 11.57 
9.52 11.41 10.67 10.03 10.26 11.01 11.45 11.7 11.71 12.31 11.81 12.05 
9.56 11.39 10.78 10.2 10.3 11.04 11.49 11.46 11.78 11.95 11.74 11.66 
9.42 11.55 10.45 10.64 10.72 11.02 11.28 11.45 11.67 11.62 11.49 11.65 
9.01 11.56 10.17 10.24 10.26 10.59 11.48 11.19 11.52 11.55 11.68 11.97 
8.96 11.54 10.13 9.93 10.27 11.0 11.12 11.36 11.5 11.62 11.61 11.82 
8.47 11.41 11.05 10.08 10.11 11.11 11.46 11.47 11.72 11.96 11.87 11.93 
9.53 11.15 10.94 9.87 10.41 10.99 11.46 11.68 11.97 12.56 12.77 13.08 
9.69 11.56 11.03 10.14 10.62 11.51 11.7 11.79 12.01 12.28 12.56 12.61 
9.7 11.47 10.78 9.93 10.34 11.18 11.85 11.79 11.96 12.05 12.22 12.31 
9.73 11.14 10.43 9.94 10.52 11.34 11.69 11.68 11.95 12.07 12.12 12.18 
9.72 11.3 10.59 10.16 10.51 11.07 11.7 11.61 11.95 12.01 11.99 12.01 
9.64 11.23 10.25 10.04 10.15 11.07 11.56 11.67 11.98 11.98 11.84 11.91 
9.63 11.24 10.77 9.91 10.03 10.94 11.38 11.53 11.95 12.09 11.99 12.16 
9.67 11.14 10.42 10.33 9.91 10.79 11.59 11.52 11.9 11.93 11.72 11.8 
9.68 11.44 10.7 9.87 10.4 10.69 11.42 11.42 11.53 11.55 11.58 11.63 
9.48 11.35 10.51 10.01 10.35 11.15 11.74 11.76 11.65 11.64 11.56 11.62 
9.6 11.26 10.45 9.97 10.0 10.76 11.32 11.28 11.64 11.7 11.71 11.86 
9.57 11.28 10.69 10.15 10.13 10.81 11.09 11.2 11.38 11.41 11.41 11.44 
9.57 11.54 10.36 9.98 9.93 10.54 10.91 11.1 11.27 11.29 11.37 11.42 
9.38 11.54 10.61 10.03 9.89 10.56 11.23 10.9 11.25 11.47 11.49 11.63 
9.44 11.55 10.32 10.02 10.02 10.82 10.9 11.07 11.3 11.38 11.44 11.52 
9.45 11.5 10.43 10.24 10.19 10.93 11.16 11.04 11.37 11.53 11.57 11.63 
9.58 11.11 10.35 9.92 10.12 10.93 11.66 11.73 12.01 12.12 11.88 11.94 
8.97 11.72 10.94 10.09 9.96 10.74 11.25 11.53 11.72 11.83 11.69 11.84 
8.96 11.6 10.81 10.17 10.34 10.93 11.16 11.18 11.49 11.67 11.65 11.74 
9.03 11.33 10.44 10.11 10.19 11.28 11.17 11.54 11.93 12.11 12.05 12.26 
8.94 11.65 10.65 10.07 10.32 11.3 11.45 11.51 11.61 11.75 11.78 11.89 
8.91 11.28 10.6 10.13 10.21 11.45 11.51 11.55 11.71 11.85 11.86 11.97 
8.88 11.29 10.72 10.27 10.14 11.09 11.63 11.69 12.0 12.15 12.4 12.61 
8.91 11.27 10.5 10.4 10.38 11.1 11.57 11.48 11.94 12.28 12.22 12.24 
8.47 11.04 10.9 10.14 10.54 10.99 12.05 11.98 12.33 12.5 12.42 12.5 
8.7 10.97 10.78 10.29 10.69 11.66 11.93 11.75 12.33 12.57 12.53 12.53 
7.78 10.92 10.68 10.14 10.3 11.15 11.76 12.02 12.39 12.62 12.69 12.78 
6.94 10.28 10.33 9.91 10.18 11.02 11.68 11.88 12.38 12.92 13.07 13.21 
9.02 10.62 10.58 10.04 10.74 11.25 11.73 11.87 12.54 13.0 13.12 13.06 
7.39 8.89 8.46 8.07 9.91 10.93 11.36 12.0 11.75 12.11 10.84 10.34 
6.49 7.89 8.0 8.87 10.31 10.44 11.02 10.31 11.5 11.68 11.06 9.84 
6.19 7.64 7.49 8.13 9.74 10.29 11.18 10.47 11.47 11.75 10.94 9.46 
6.94 8.47 9.89 11.12 10.41 11.13 11.1 10.93 11.17 10.24 9.06 8.47 
9.63 10.79 10.63 9.9 10.09 11.04 11.21 11.38 11.84 12.39 12.38 12.58 
9.33 10.64 10.28 9.9 10.36 10.81 11.03 11.18 11.48 11.82 11.98 12.36 
8.26 10.08 9.45 8.98 9.31 10.32 10.49 10.92 11.25 11.51 11.41 11.26 
8.87 10.63 10.24 10.08 10.59 10.82 11.54 11.4 11.58 11.8 11.91 12.24 
9.93 10.96 10.05 9.06 9.2 10.11 10.9 10.66 10.77 10.85 11.05 11.26 
9.71 10.33 9.72 9.42 10.13 10.54 11.32 11.71 12.06 11.9 12.03 12.31 
9.2 10.54 10.3 9.73 9.61 10.62 11.1 11.46 11.78 11.73 11.72 11.65 
9.1 10.81 10.28 9.08 9.52 10.56 10.94 11.69 11.82 11.78 11.96 12.27 
9.86 10.28 9.95 10.04 10.04 10.69 10.77 11.08 10.92 10.43 10.09 10.3 
8.11 9.67 10.53 9.86 9.76 10.62 11.09 11.15 11.48 11.81 12.12 12.37 
7.34 9.53 9.71 10.18 9.17 10.24 10.53 10.67 10.89 11.21 11.44 11.74 
7.9 9.17 9.3 10.0 10.67 10.08 10.82 10.98 11.34 11.79 12.09 12.58 
9.97 10.7 9.87 9.52 9.71 9.71 9.88 9.89 10.0 10.17 10.43 10.75 
9.92 10.57 9.72 9.53 9.48 9.92 10.26 10.48 10.76 11.13 11.58 12.11 
8.67 10.73 9.65 9.8 9.32 9.87 10.06 10.18 10.46 10.79 10.97 11.17 
7.69 9.82 10.0 9.72 9.3 9.64 10.16 10.45 11.0 11.4 11.86 12.09 
9.67 10.71 9.95 9.12 9.4 10.42 10.96 11.05 11.49 12.02 12.11 12.38 
10.04 11.25 10.87 9.64 9.22 10.37 11.33 11.68 11.73 11.63 11.71 11.61 
9.83 10.93 10.63 9.65 9.53 10.6 11.17 11.67 11.61 11.36 11.36 11.16 
9.76 10.94 10.66 9.67 9.21 10.48 11.0 11.35 11.5 11.33 11.34 11.27 
9.04 9.46 8.64 8.24 8.72 10.34 10.61 11.44 11.29 11.17 11.51 11.69 
9.51 10.01 9.42 8.68 8.57 9.83 10.47 11.01 10.69 10.96 11.57 11.99 
9.37 9.92 8.59 9.26 10.67 10.19 11.01 11.11 11.39 11.56 11.85 12.17 
10.15 11.42 11.02 9.87 9.39 10.64 11.44 11.83 11.87 11.97 12.26 12.43 
9.47 10.03 10.15 9.31 9.84 10.6 10.8 10.96 11.4 12.14 12.61 12.5 
9.82 10.53 10.43 9.65 10.24 10.46 11.08 11.26 11.88 12.45 12.21 12.19 
9.91 10.39 10.43 9.72 9.89 10.96 10.69 11.37 11.9 12.02 12.06 12.27 
9.85 10.78 10.14 9.9 10.0 10.7 11.16 11.56 11.67 11.86 12.07 12.21 
9.88 10.85 10.21 10.42 10.74 11.17 11.26 11.57 11.67 11.79 11.81 12.06 
9.71 11.17 10.67 10.41 10.52 10.92 11.31 11.52 11.69 11.94 12.02 12.01 
9.83 10.76 10.63 10.53 10.46 10.91 11.25 11.53 11.58 11.68 11.67 11.85 
9.79 11.62 10.98 10.38 11.0 11.24 11.85 12.13 12.37 12.67 12.79 12.62 
9.42 10.21 10.3 9.81 10.13 10.63 11.04 11.25 11.54 12.0 12.0 12.22 
9.56 10.58 10.13 10.05 10.56 10.68 11.14 11.3 11.42 11.73 11.75 11.82 
9.26 10.31 9.82 9.91 9.95 10.73 10.96 11.27 11.29 11.4 11.25 11.38 
9.55 10.91 10.11 9.89 10.41 10.78 11.3 11.39 11.56 11.74 11.9 12.09 
9.84 10.93 9.89 9.14 9.33 10.08 11.01 10.92 11.0 11.09 11.22 11.55 
9.42 10.26 9.75 9.18 9.75 10.42 11.02 11.44 11.78 11.65 11.71 11.74 
9.74 10.19 10.07 9.59 9.47 10.22 10.84 11.2 11.4 11.15 11.05 11.1 
9.41 10.65 10.08 8.81 9.22 10.29 10.66 11.35 11.49 11.5 11.74 12.01 
9.68 10.5 9.65 10.03 10.11 10.93 11.02 11.3 11.15 10.91 10.77 11.06 
8.56 9.77 10.64 9.78 9.7 10.55 10.99 11.14 11.4 11.73 12.0 12.09 
8.76 9.54 9.9 10.24 9.36 10.25 10.57 10.65 10.79 11.17 11.42 11.83 
8.83 9.62 9.21 9.69 10.56 9.87 10.66 10.88 11.21 11.65 11.98 12.38 
9.43 10.51 9.45 9.44 9.98 10.84 11.37 11.43 11.21 10.85 10.18 9.91 
9.24 10.23 9.97 9.68 9.61 10.16 11.41 11.63 11.63 11.29 11.07 10.82 
8.69 8.72 8.83 8.66 8.22 9.27 9.78 10.29 10.07 10.09 10.53 11.27 
9.85 11.14 10.83 9.82 9.56 10.81 11.53 11.95 11.77 11.83 11.94 12.3 
10.0 11.07 10.62 9.45 9.45 10.89 11.6 11.39 11.27 11.51 11.81 12.13 
9.82 11.27 10.73 9.57 9.06 10.4 11.26 11.57 11.63 11.53 11.61 11.54 
9.81 10.88 10.65 9.57 9.43 10.53 11.12 11.62 11.53 11.3 11.3 11.1 
9.8 10.97 10.62 9.59 9.2 10.42 10.95 11.36 11.5 11.38 11.35 11.29 
9.2 9.7 8.91 8.62 9.07 10.64 10.99 11.72 11.58 11.52 11.85 12.07 
9.58 10.88 10.45 9.21 8.83 10.2 10.8 11.22 11.19 11.08 11.14 10.95 
9.82 10.72 10.78 9.93 9.6 10.91 11.58 11.82 11.95 11.7 11.64 11.56 
9.35 11.04 10.51 9.22 9.23 10.1 11.07 11.43 11.46 11.6 11.96 12.12 
9.61 10.27 10.4 9.56 10.1 10.87 11.05 11.23 11.63 12.13 12.1 12.23 
9.79 10.58 10.45 9.67 10.27 10.51 11.11 11.24 11.56 11.82 11.84 11.86 
9.86 10.41 10.45 9.74 9.92 10.99 10.67 11.21 11.45 11.55 11.56 11.7 
9.87 10.8 10.17 9.91 10.04 10.7 11.12 11.39 11.49 11.72 11.85 11.88 
9.99 10.98 10.38 10.57 11.02 11.21 11.14 11.59 11.63 11.76 11.72 11.85 
9.36 10.98 10.37 10.19 10.29 10.55 10.97 11.22 11.34 11.57 11.64 11.59 
10.04 10.85 10.82 10.59 10.64 11.0 11.55 11.66 11.67 11.76 11.68 11.77 
9.3 11.16 10.44 9.99 10.43 10.66 11.38 11.54 11.81 12.17 12.33 12.26 
9.51 10.7 10.25 10.05 10.52 10.94 11.34 11.55 11.88 12.35 12.33 12.55 
9.6 10.79 10.41 9.9 10.48 10.75 11.15 11.33 11.46 11.75 11.79 11.85 
9.2 10.28 9.86 9.77 9.74 10.72 10.71 10.9 11.08 11.27 11.16 11.3 
9.38 10.86 10.35 10.01 10.36 10.68 11.27 11.41 11.59 11.82 11.97 12.13 
8.79 9.52 9.14 8.84 8.99 9.65 10.02 10.19 10.3 10.46 10.61 11.09 
8.6 9.72 9.18 8.79 8.81 9.35 9.78 9.91 10.03 10.19 10.29 10.61 
8.96 10.01 9.45 9.45 9.63 10.34 10.56 10.63 10.84 10.9 11.17 11.66 
8.62 9.95 9.86 8.99 9.52 10.23 10.94 10.89 11.16 11.46 11.73 12.09 
9.83 10.44 10.98 10.46 10.41 11.36 11.41 11.51 11.82 11.98 12.19 12.51 
8.5 9.32 9.71 10.09 9.09 10.05 10.57 10.61 10.83 11.06 11.3 11.67 
8.93 9.45 9.85 10.65 9.86 10.31 10.64 10.79 10.88 11.35 11.56 11.91 
8.66 9.65 9.87 10.01 9.7 10.11 10.74 10.81 11.04 11.36 11.59 11.9 
8.99 10.52 9.9 9.98 10.03 10.72 11.09 11.39 11.34 11.47 11.61 11.9 
9.13 10.3 9.5 9.48 9.54 10.19 10.64 10.82 10.86 11.15 11.35 11.53 
9.6 10.23 10.66 9.83 9.75 10.64 10.86 10.84 11.06 11.34 11.57 11.93 
9.41 10.75 10.12 9.82 9.75 10.33 10.75 11.01 11.18 11.46 11.72 12.07 
9.69 11.09 10.2 9.65 9.71 10.45 11.08 10.93 10.97 11.11 11.31 11.7 
9.81 10.94 10.07 8.96 8.86 9.71 11.07 11.13 11.15 11.28 11.51 11.74 
9.41 10.06 9.36 9.0 9.9 10.42 10.93 11.27 11.61 11.81 12.0 12.21 
9.55 10.6 10.14 9.14 8.81 9.82 10.55 11.0 11.16 11.24 11.35 11.28 
9.76 10.19 9.84 9.32 9.97 10.84 11.16 11.67 11.8 11.85 11.98 12.13 
9.63 10.46 9.97 9.11 8.85 10.13 10.9 11.31 11.75 11.97 12.05 11.97 
9.84 10.73 10.78 9.94 9.53 10.73 11.36 11.79 12.2 12.37 12.46 12.42 
9.32 10.94 10.48 8.82 8.87 9.78 10.85 11.42 11.62 12.1 12.25 12.29 
9.62 10.21 10.36 9.52 10.07 10.85 11.06 11.32 11.92 12.5 12.54 12.51 
9.74 10.53 10.44 9.65 10.22 10.49 11.08 11.28 11.77 12.21 12.27 12.19 
9.84 10.39 10.44 9.72 9.91 10.96 10.69 11.27 11.69 11.98 12.02 12.02 
9.78 10.79 10.13 9.89 10.02 10.69 11.11 11.38 11.58 11.89 12.02 12.0 
10.06 11.1 10.47 10.64 10.97 11.38 11.28 11.77 11.9 12.08 12.03 12.03 
9.45 10.99 10.44 10.18 10.3 10.59 11.03 11.28 11.42 11.66 11.73 11.64 
10.08 10.97 10.86 10.65 10.72 11.17 11.72 11.78 11.85 11.98 11.94 11.94 
9.35 11.08 10.42 9.99 10.44 10.75 11.45 11.58 11.86 12.18 12.37 12.31 
9.0 9.58 9.76 9.61 9.84 10.45 10.71 11.05 11.65 12.27 12.35 12.54 
8.74 9.89 9.89 9.61 9.57 10.02 10.37 10.57 11.11 11.53 11.45 11.37 
8.69 9.99 9.87 9.72 9.79 10.51 10.49 10.73 11.11 11.25 11.16 11.26 
8.72 10.19 10.17 9.56 10.0 10.64 11.19 11.11 11.35 11.64 11.75 11.93 
9.86 10.43 10.24 9.73 9.73 10.69 10.51 10.81 10.99 11.05 11.1 11.13 
8.92 9.44 8.94 8.31 8.76 9.33 9.65 9.86 10.01 10.24 10.29 10.24 
9.94 10.48 10.08 9.61 9.77 10.01 10.17 10.26 10.52 10.72 10.82 10.96 
9.51 10.47 9.95 9.84 9.47 10.23 10.47 10.61 10.83 11.18 11.47 11.78 
8.75 9.28 8.85 8.74 8.77 9.62 9.23 9.35 9.61 9.85 9.97 10.16 
8.87 9.97 9.73 9.35 9.34 9.82 10.13 10.21 10.38 10.5 10.68 10.78 
8.99 10.01 9.62 9.57 9.61 9.98 10.32 10.43 10.47 10.75 11.01 11.29 
8.96 10.43 10.02 9.56 9.92 10.27 11.07 10.97 11.35 11.61 11.74 11.93 
9.08 9.62 8.92 8.41 8.65 9.97 9.63 10.12 10.2 10.5 10.7 10.98 
9.84 11.18 10.73 9.46 9.01 10.28 10.86 11.39 11.38 11.26 11.28 11.03 
9.83 10.3 9.26 9.11 10.03 9.71 10.42 10.6 10.83 11.01 11.34 11.62 
9.47 10.01 9.35 8.68 8.64 9.73 10.4 10.81 10.58 10.98 11.48 11.88 
8.57 9.22 8.65 8.33 8.31 8.8 9.05 9.25 9.35 9.89 10.31 10.74 
8.78 10.08 9.77 9.25 9.39 9.74 10.04 10.17 10.33 10.48 10.65 10.84 
8.76 9.96 9.59 9.42 9.4 9.9 10.17 10.36 10.4 10.56 10.67 11.03 
8.7 10.27 10.13 9.55 9.97 10.42 11.03 11.01 11.32 11.58 11.73 11.98 
8.64 9.52 9.09 9.65 10.11 10.95 11.1 11.44 11.12 10.29 10.05 10.32 
8.51 9.57 9.31 9.32 9.44 10.41 11.33 11.44 11.81 11.9 12.08 12.2 
9.73 10.78 9.23 9.38 10.26 10.91 11.44 11.47 11.75 12.05 12.3 12.7 
9.46 10.1 9.51 8.74 8.76 9.91 10.42 10.95 10.79 11.16 11.74 12.18 
8.93 10.11 9.1 8.84 8.95 9.95 9.73 9.98 10.44 10.85 11.1 11.35 
9.01 10.58 9.93 9.4 9.58 9.85 10.39 10.56 11.02 11.51 11.71 11.81 
9.15 10.37 9.86 9.89 10.12 10.87 11.01 11.31 11.3 11.49 11.67 11.86 
9.04 10.56 9.82 9.73 9.78 10.62 11.57 11.68 12.07 12.29 12.44 12.56 
8.72 10.33 9.62 9.29 9.39 10.01 10.29 10.7 11.42 11.97 12.15 12.25 
6.8 9.98 9.96 9.39 9.69 10.33 10.62 11.15 11.9 12.48 12.62 12.7 
7.15 9.95 10.47 9.69 10.18 10.74 11.17 11.63 12.21 12.89 13.0 13.09 
8.41 10.97 10.73 9.76 10.23 10.91 11.54 12.17 12.07 12.36 12.45 12.26 
8.83 10.15 10.38 9.39 10.01 10.82 11.06 11.69 11.99 12.6 12.56 12.6 
8.73 10.13 10.53 9.3 9.72 10.4 10.86 11.46 11.63 12.05 11.92 11.67 
8.65 9.73 10.12 9.09 9.61 10.24 10.57 11.04 11.14 11.44 11.18 10.97 
8.62 9.59 10.14 8.71 9.43 10.11 10.34 10.91 11.08 11.42 11.33 11.07 
8.7 9.19 9.81 8.51 9.21 9.83 9.95 10.6 10.63 11.05 10.76 10.52 
8.4 8.99 9.46 8.12 8.84 9.39 9.68 10.23 10.41 10.83 10.76 10.54 
8.81 9.17 9.54 8.48 9.1 9.84 10.16 10.39 10.47 10.93 11.0 11.22 
8.3 8.78 9.15 7.8 8.53 9.08 9.44 10.1 10.53 11.16 11.65 12.15 
8.67 8.79 9.03 8.41 8.9 9.87 9.3 9.63 9.94 10.41 10.28 10.4 
8.62 9.19 9.56 8.54 8.84 9.53 9.94 10.28 10.49 10.78 10.74 10.68 
9.06 9.43 9.55 8.92 8.91 9.4 9.7 9.95 10.01 10.64 10.8 11.05 
8.64 9.27 9.12 8.05 8.47 8.89 9.18 9.57 9.84 10.24 10.28 10.19 
8.52 8.49 8.61 7.78 8.02 8.44 8.58 8.85 9.05 9.48 9.35 9.43 
8.15 8.42 8.46 7.22 7.78 8.27 8.69 9.1 9.4 9.77 9.79 9.7 
8.8 9.14 8.68 8.19 8.43 9.18 9.59 9.67 9.75 10.16 10.43 10.91 
9.59 10.02 8.9 8.27 8.51 9.18 9.71 9.96 10.41 11.05 11.54 11.96 
8.62 8.85 8.47 8.16 8.32 8.82 9.01 9.33 9.49 10.05 10.4 10.88 
8.62 9.06 8.96 8.12 8.15 8.73 9.25 9.46 9.65 9.95 10.12 10.29 
8.55 9.03 9.04 8.72 8.62 9.1 9.43 9.51 9.55 9.73 9.87 10.2 
8.58 8.92 9.37 8.36 8.48 9.13 9.55 9.59 9.59 9.76 9.86 10.05 
8.52 8.35 8.14 7.44 7.63 7.96 8.16 8.35 8.48 8.71 8.8 9.28 
8.09 8.14 7.97 6.89 7.38 7.82 8.26 8.62 8.85 9.14 9.24 9.52 
8.8 9.17 8.52 8.19 8.27 9.08 9.5 9.47 9.55 9.88 10.31 10.93 
8.23 8.52 7.92 7.24 7.53 8.3 9.12 9.79 10.38 11.08 11.66 12.19 
8.71 8.71 8.16 8.12 8.25 9.23 8.7 8.8 9.15 9.43 9.63 10.11 
8.37 8.92 8.63 8.04 8.08 8.69 9.23 9.47 9.6 9.81 9.96 10.17 
9.06 9.43 9.13 8.82 8.8 9.18 9.62 9.9 9.93 10.52 10.77 11.07 
7.59 8.2 7.46 6.88 6.94 7.28 7.59 7.73 7.89 8.2 8.52 8.77 
7.72 7.72 7.18 6.88 6.83 7.13 7.35 7.35 7.41 7.62 7.88 8.36 
8.11 8.09 7.61 6.93 7.29 8.05 8.72 8.85 8.94 9.22 9.43 9.6 
8.78 9.16 8.49 8.18 8.27 9.25 9.89 9.86 9.86 10.16 10.55 11.01 
9.58 10.01 8.89 8.27 8.55 9.43 10.14 10.31 10.65 11.19 11.65 12.01 
8.61 8.8 8.38 8.12 8.29 9.15 9.96 10.11 10.22 10.65 11.08 11.34 
8.23 8.29 7.71 7.45 8.02 9.07 10.02 10.2 10.41 10.79 11.19 11.31 
8.54 8.97 8.16 8.0 8.08 8.85 9.67 9.79 9.88 10.19 10.47 10.66 
8.59 8.96 9.37 8.4 8.56 9.26 10.01 10.14 10.28 10.62 10.97 11.07 
8.55 8.41 7.9 7.74 7.94 8.65 9.4 9.47 9.53 9.86 10.23 10.41 
8.09 8.23 7.59 7.18 7.64 8.47 9.29 9.47 9.68 10.07 10.45 10.57 
8.8 9.17 8.53 8.19 8.28 9.22 9.86 9.82 9.88 10.22 10.65 11.12 
8.13 8.17 7.47 7.09 7.54 8.36 9.24 9.82 10.38 11.08 11.61 12.05 
8.35 8.07 7.38 7.16 7.25 7.89 8.55 8.61 8.7 9.03 9.37 9.64 
8.27 8.19 7.44 7.1 7.54 8.43 9.4 9.64 9.82 10.16 10.38 10.43 
8.64 9.05 8.33 8.12 8.18 8.68 9.25 9.6 9.67 10.35 10.59 10.93 
8.57 8.92 8.1 7.57 7.84 8.47 9.08 9.22 9.4 9.77 10.12 10.29 
8.53 8.31 7.7 7.45 7.51 8.01 8.48 8.52 8.59 8.86 9.16 9.52 
8.12 8.13 7.39 6.83 7.18 7.86 8.54 8.72 8.9 9.26 9.58 9.75 
8.82 9.17 8.53 8.21 8.26 9.08 9.52 9.47 9.54 9.87 10.33 10.93 
9.6 9.97 8.75 8.08 8.24 8.87 9.46 9.86 10.38 11.04 11.55 11.97 
8.61 8.83 8.42 8.13 8.25 8.76 8.98 9.26 9.44 9.96 10.39 10.89 
7.23 7.44 6.72 6.18 6.23 6.71 7.23 7.38 7.55 7.88 8.18 8.4 
8.57 8.98 8.17 8.0 7.97 8.5 8.96 9.09 9.22 9.55 9.78 10.2 
8.58 8.98 9.4 8.4 8.52 9.14 9.58 9.61 9.57 9.72 9.89 10.1 
7.79 7.79 7.2 6.96 6.87 7.16 7.37 7.4 7.45 7.68 7.94 8.41 
7.25 7.54 6.8 6.25 6.37 6.84 7.24 7.39 7.57 7.87 8.16 8.41 
8.83 9.17 8.53 8.21 8.26 9.09 9.51 9.46 9.54 9.87 10.31 10.94 
8.11 8.2 7.46 7.1 7.38 8.22 9.11 9.78 10.38 11.08 11.62 12.05 
7.52 7.49 6.8 6.49 6.35 6.68 6.89 6.92 6.99 7.26 7.55 8.02 
7.31 7.53 6.8 6.32 6.43 6.96 7.49 7.75 7.89 8.18 8.34 8.53 
8.63 9.05 8.32 8.12 8.2 8.67 9.23 9.59 9.66 10.34 10.58 10.93 
7.59 8.19 7.42 6.87 6.9 7.25 7.56 7.68 7.83 8.16 8.46 8.71 
7.59 7.54 6.95 6.69 6.59 6.91 7.11 7.11 7.17 7.38 7.64 8.11 
8.3 8.37 7.66 7.17 7.55 8.32 9.01 9.14 9.24 9.52 9.72 9.91 
8.64 8.95 8.26 7.94 8.04 9.03 9.63 9.61 9.61 9.91 10.29 10.74 
9.72 10.17 8.96 8.35 8.71 9.59 10.4 10.56 10.91 11.47 11.93 12.32 
6.46 8.01 8.02 7.94 8.26 9.32 10.21 10.36 10.48 10.92 11.35 11.59 
6.65 8.34 7.88 7.8 8.41 9.58 10.51 10.69 10.89 11.29 11.68 11.8 
6.3 8.43 8.01 8.05 8.27 9.41 10.38 10.5 10.6 10.92 11.21 11.34 
7.93 9.58 10.06 9.13 9.31 10.1 10.87 11.0 11.12 11.48 11.83 11.93 
6.05 7.31 7.25 7.49 7.91 9.07 10.1 10.18 10.27 10.63 11.0 11.1 
7.24 8.79 8.25 8.14 8.72 9.76 10.66 10.84 11.04 11.45 11.83 11.94 
6.97 8.93 8.91 8.79 8.82 10.03 10.8 10.78 10.87 11.23 11.68 12.1 
7.29 8.96 8.33 8.17 8.71 9.73 10.64 11.22 11.79 12.5 13.03 13.47 
6.25 7.51 7.31 7.45 7.55 8.56 9.53 9.62 9.72 10.13 10.48 10.6 
7.35 8.8 8.15 8.0 8.54 9.61 10.57 10.84 11.02 11.36 11.58 11.61 
6.87 9.1 8.76 8.72 8.6 9.25 10.08 10.48 10.59 11.35 11.61 11.79 
8.53 9.84 8.97 8.59 8.83 9.58 10.19 10.34 10.5 10.87 11.22 11.39 
6.13 7.26 6.99 6.97 6.93 7.77 8.63 8.74 8.89 9.32 9.67 9.87 
7.18 8.67 7.91 7.55 7.95 8.86 9.73 9.92 10.11 10.5 10.83 10.96 
7.01 9.0 8.97 8.87 8.75 9.71 10.29 10.29 10.39 10.83 11.3 11.87 
8.54 10.58 9.64 9.03 9.28 10.18 10.91 11.35 11.87 12.54 13.05 13.49 
7.4 9.06 9.08 8.96 8.84 9.29 9.59 9.95 10.19 10.83 11.3 11.77 
5.45 6.88 6.29 5.89 5.99 6.51 6.93 7.07 7.21 7.51 7.76 7.89 
6.61 8.81 8.45 8.36 8.05 8.58 9.06 9.26 9.47 9.95 10.21 10.58 
8.34 9.96 10.46 9.53 9.65 10.38 10.83 10.86 10.81 10.98 11.15 11.33 
4.9 6.18 6.04 5.89 5.52 5.77 5.98 6.1 6.26 6.7 7.04 7.42 
5.62 7.14 6.55 6.14 6.21 6.75 7.16 7.31 7.46 7.78 8.05 8.21 
7.09 9.13 9.09 8.99 8.86 9.8 10.28 10.28 10.41 10.86 11.36 11.98 
7.36 9.01 8.4 8.22 8.65 9.64 10.59 11.27 11.87 12.58 13.12 13.56 
4.82 6.14 6.02 5.92 5.51 5.74 5.9 6.03 6.19 6.61 6.96 7.33 
5.46 6.94 6.36 6.04 6.17 6.76 7.22 7.41 7.53 7.77 7.9 8.02 
6.92 9.14 8.79 8.75 8.61 9.03 9.57 9.97 10.16 11.02 11.32 11.68 
7.56 9.0 8.18 7.73 7.75 8.26 8.59 8.72 8.88 9.2 9.51 9.75 
6.16 7.29 7.01 7.1 7.11 7.92 8.49 8.57 8.5 8.75 8.98 9.49 
7.33 9.02 8.48 8.46 9.01 10.17 10.96 11.11 11.1 11.36 11.51 11.46 
6.95 8.96 8.93 9.09 9.69 11.1 11.9 11.93 11.83 12.0 12.24 12.45 
8.53 10.55 9.66 9.48 10.27 11.52 12.53 12.64 12.87 13.27 13.66 13.86 
4.96 6.22 6.96 7.83 9.25 10.83 11.96 12.06 12.22 12.57 12.98 12.84 
5.14 6.23 7.02 7.69 9.11 10.69 11.85 11.93 12.25 12.51 12.95 13.03 
3.32 3.97 4.02 4.34 5.16 6.11 6.83 6.87 6.97 7.11 7.29 7.1 
