maxTimeSong 300.52
 ---beats--- 
0.18 0.65 1.12 1.59 2.04 2.52 2.99 3.46 3.93 4.4 4.87 5.34 5.8 6.27 6.74 7.21 7.68 8.15 8.62 9.09 9.56 10.02 10.49 10.96 11.43 11.9 12.37 12.84 13.3 13.77 14.24 14.71 15.18 15.65 16.12 16.59 17.05 17.52 17.99 18.46 18.93 19.4 19.87 20.34 20.8 21.28 21.74 22.21 22.68 23.14 23.61 24.08 24.55 25.02 25.49 25.96 26.43 26.9 27.36 27.83 28.3 28.77 29.24 29.71 30.18 30.65 31.12 31.58 32.04 32.52 32.99 33.46 33.93 34.4 34.86 35.33 35.8 36.27 36.74 37.21 37.68 38.15 38.61 39.08 39.55 40.02 40.49 40.96 41.43 41.9 42.36 42.83 43.3 43.77 44.24 44.71 45.18 45.65 46.11 46.58 47.05 47.52 47.99 48.46 48.93 49.4 49.86 50.33 50.8 51.27 51.74 52.21 52.68 53.15 53.61 54.08 54.55 55.02 55.49 55.96 56.43 56.9 57.36 57.83 58.3 58.77 59.24 59.71 60.18 60.65 61.11 61.58 62.05 62.52 62.99 63.46 63.93 64.4 64.86 65.33 65.8 66.27 66.73 67.21 67.68 68.15 68.61 69.08 69.55 70.02 70.48 70.96 71.43 71.9 72.36 72.83 73.3 73.77 74.23 74.71 75.18 75.65 76.12 76.58 77.05 77.52 77.98 78.46 78.93 79.4 79.86 80.33 80.8 81.27 81.73 82.21 82.68 83.15 83.62 84.08 84.55 85.02 85.49 85.96 86.43 86.9 87.36 87.83 88.3 88.77 89.24 89.71 90.18 90.65 91.11 91.58 92.05 92.52 92.99 93.46 93.93 94.4 94.86 95.33 95.8 96.27 96.74 97.21 97.68 98.15 98.61 99.08 99.55 100.02 100.49 100.96 101.43 101.9 102.36 102.83 103.3 103.77 104.24 104.71 105.18 105.65 106.11 106.58 107.05 107.52 107.99 108.46 108.93 109.4 109.86 110.34 110.8 111.27 111.74 112.21 112.68 113.15 113.61 114.08 114.55 115.02 115.49 115.96 116.43 116.9 117.37 117.83 118.3 118.77 119.24 119.71 120.18 120.65 121.12 121.58 122.05 122.52 122.99 123.46 123.93 124.4 124.86 125.33 125.8 126.27 126.74 127.21 127.68 128.15 128.61 129.08 129.55 130.02 130.49 130.96 131.43 131.9 132.37 132.83 133.3 133.77 134.24 134.71 135.18 135.65 136.12 136.58 137.05 137.52 137.99 138.46 138.93 139.4 139.86 140.33 140.8 141.27 141.74 142.21 142.68 143.14 143.61 144.08 144.55 145.02 145.49 145.96 146.43 146.89 147.36 147.83 148.3 148.77 149.24 149.71 150.18 150.65 151.11 151.58 152.05 152.52 152.99 153.46 153.93 154.4 154.86 155.33 155.8 156.27 156.74 157.21 157.68 158.15 158.62 159.08 159.55 160.02 160.49 160.96 161.43 161.9 162.36 162.83 163.3 163.77 164.24 164.71 165.18 165.65 166.11 166.58 167.05 167.52 167.99 168.46 168.93 169.4 169.87 170.33 170.8 171.27 171.74 172.21 172.68 173.15 173.62 174.08 174.55 175.02 175.49 175.96 176.43 176.9 177.37 177.83 178.3 178.77 179.24 179.71 180.18 180.64 181.11 181.58 182.05 182.52 182.99 183.46 183.93 184.4 184.86 185.33 185.8 186.27 186.74 187.21 187.68 188.15 188.61 189.08 189.55 190.02 190.49 190.96 191.43 191.9 192.36 192.83 193.3 193.77 194.24 194.71 195.18 195.65 196.11 196.58 197.05 197.52 197.99 198.46 198.93 199.4 199.87 200.33 200.8 201.27 201.74 202.21 202.68 203.15 203.62 204.08 204.55 205.02 205.49 205.96 206.43 206.9 207.37 207.83 208.3 208.77 209.24 209.71 210.18 210.65 211.11 211.58 212.05 212.52 212.99 213.46 213.93 214.4 214.86 215.33 215.8 216.27 216.74 217.21 217.68 218.15 218.62 219.08 219.55 220.02 220.49 220.96 221.43 221.9 222.36 222.83 223.3 223.77 224.24 224.71 225.18 225.65 226.11 226.58 227.05 227.52 227.99 228.46 228.93 229.4 229.86 230.33 230.8 231.27 231.74 232.21 232.68 233.15 233.62 234.09 234.55 235.02 235.49 235.96 236.43 236.9 237.37 237.84 238.3 238.77 239.24 239.71 240.18 240.65 241.12 241.58 242.05 242.52 242.99 243.46 243.93 244.4 244.86 245.33 245.8 246.27 246.74 247.21 247.68 248.15 248.62 249.08 249.55 250.02 250.49 250.96 251.43 251.9 252.37 252.84 253.3 253.77 254.24 254.71 255.18 255.65 256.12 256.58 257.05 257.52 257.99 258.45 258.93 259.39 259.86 260.33 260.8 261.27 261.74 262.2 262.68 263.14 263.61 264.08 264.55 265.02 265.49 265.95 266.43 266.89 267.36 267.83 268.3 268.77 269.24 269.7 270.18 270.64 271.12 271.58 272.05 272.52 272.99 273.45 273.93 274.4 274.86 275.33 275.8 276.27 276.74 277.2 277.68 278.15 278.62 279.08 279.55 280.02 280.49 280.95 281.43 281.9 282.37 282.84 283.31 283.77 284.24 284.72 285.18 285.65 286.12 286.59 287.06 287.52 287.99 288.45 288.93 289.4 289.87 290.33 290.8 291.27 291.74 292.2 
 ---spectro--- 
625 12
0.83 0.88 0.73 0.7 0.66 0.76 0.75 0.73 0.9 1.14 1.18 1.32 
9.31 11.25 11.12 10.34 9.67 9.75 10.76 10.28 10.1 10.05 10.63 10.67 
9.24 11.59 11.67 11.18 10.92 11.49 12.13 11.94 11.79 11.9 11.78 12.08 
8.83 10.84 10.9 10.23 9.36 9.4 10.41 9.79 9.46 9.4 10.03 9.91 
8.92 10.96 11.12 10.77 10.54 11.14 11.68 11.51 11.63 11.76 12.02 12.17 
9.02 10.95 11.41 10.4 9.81 9.62 10.7 10.03 9.83 9.91 10.51 10.62 
9.19 11.09 11.4 10.97 10.77 11.25 11.84 11.63 11.47 11.47 11.46 11.65 
9.12 10.93 11.11 10.39 9.72 9.61 10.65 10.01 9.69 9.52 10.44 10.31 
9.21 11.15 11.23 10.94 10.79 11.28 11.83 11.67 11.78 11.9 12.18 12.4 
9.3 10.9 11.63 10.99 10.02 9.98 11.03 10.4 10.12 10.13 10.9 10.94 
8.67 10.61 10.83 10.58 10.34 10.78 11.32 11.1 10.95 10.94 10.91 11.09 
9.24 11.15 11.16 10.49 9.61 9.62 10.55 10.1 9.73 9.78 10.63 10.48 
9.45 10.9 11.25 11.07 10.82 11.31 11.83 11.84 11.8 11.94 12.17 12.31 
9.21 11.43 11.53 11.03 10.74 10.59 11.1 11.21 10.7 10.92 11.4 11.24 
9.17 11.29 11.55 11.23 11.24 11.54 12.03 11.92 11.87 12.1 12.05 12.03 
9.47 11.22 11.3 11.06 10.87 10.68 11.31 10.92 11.0 11.43 11.51 11.26 
9.42 11.46 11.47 11.19 11.04 11.59 12.14 12.24 12.46 12.65 12.51 12.65 
8.97 10.97 11.11 10.98 11.07 11.19 11.73 10.74 11.06 11.23 11.25 11.12 
9.77 11.6 11.65 11.57 11.57 12.07 12.67 12.11 12.25 12.62 12.28 12.26 
8.66 10.49 10.71 10.44 10.59 10.63 11.18 10.03 10.16 10.53 10.66 10.41 
9.35 11.23 11.35 11.16 11.33 11.51 12.1 11.64 11.77 11.9 12.05 12.16 
9.03 10.86 11.16 10.99 11.34 11.29 11.88 10.54 10.65 10.87 11.17 10.94 
8.96 11.11 11.37 11.22 11.14 11.75 11.88 11.49 11.54 11.83 11.98 11.93 
9.0 10.89 11.24 11.25 11.03 11.35 11.84 10.73 10.57 10.91 11.43 11.12 
9.09 10.9 11.23 11.2 11.02 11.38 12.07 11.64 11.77 11.82 12.06 12.19 
9.1 11.23 11.17 10.68 10.76 11.13 11.6 10.33 10.68 10.99 11.38 11.02 
9.18 11.12 11.19 11.11 11.18 11.4 11.87 11.64 11.68 12.09 12.01 11.94 
9.1 11.1 11.05 10.75 10.85 10.69 11.15 11.19 11.01 10.87 11.14 10.94 
9.17 11.19 11.25 11.12 10.95 11.56 11.79 11.65 11.76 12.04 12.18 12.25 
9.03 11.01 11.0 10.83 10.71 10.75 10.97 10.8 10.95 11.77 11.83 11.63 
9.4 10.86 10.98 10.92 10.85 11.25 11.86 11.65 11.92 12.46 12.17 12.15 
9.15 11.42 11.84 11.4 10.74 10.86 11.41 11.53 11.07 11.12 11.67 11.44 
9.19 11.45 11.27 11.16 11.23 11.72 12.24 12.25 12.35 12.51 12.44 12.53 
9.27 11.62 11.25 11.06 10.97 10.87 11.35 10.76 10.58 10.65 11.19 11.08 
8.94 11.37 11.3 10.76 10.58 10.98 11.54 11.43 11.78 11.9 11.58 11.49 
9.15 11.0 10.96 10.81 11.08 11.26 11.57 10.39 10.54 10.63 11.16 11.08 
9.28 11.2 11.15 11.01 10.81 11.46 12.15 11.48 11.6 11.71 11.84 11.88 
8.82 11.02 11.06 10.76 10.85 10.96 11.48 10.47 10.66 10.77 11.14 11.02 
9.51 11.75 11.84 11.6 12.06 12.11 12.69 11.97 12.14 11.9 11.94 12.1 
8.76 10.3 10.48 10.35 10.58 10.26 10.95 9.91 9.91 10.01 10.29 10.07 
8.79 10.95 11.36 11.42 11.41 11.86 11.79 11.35 11.59 11.73 12.03 12.01 
8.99 11.17 11.58 11.51 11.25 11.41 12.29 10.92 11.0 10.94 11.73 11.52 
8.6 10.38 10.77 10.84 10.59 10.85 11.34 10.78 10.97 10.89 10.99 11.06 
8.89 11.06 11.15 10.84 10.71 10.97 11.54 10.17 10.38 10.23 10.97 10.69 
8.97 10.78 11.15 10.95 10.8 11.02 11.62 11.43 11.52 11.73 11.97 11.98 
9.01 11.25 10.99 10.68 10.72 10.69 11.1 10.84 10.72 10.32 10.75 10.77 
8.99 11.14 11.31 11.1 11.07 11.54 11.71 11.39 11.45 11.44 11.78 11.76 
8.84 10.98 10.97 10.64 10.43 10.52 10.98 10.86 11.03 11.54 11.75 11.54 
9.12 11.17 11.05 10.97 10.84 11.47 12.04 12.07 12.36 12.65 12.44 12.54 
8.64 10.72 10.87 10.62 10.71 10.6 11.21 11.26 11.55 12.36 12.87 13.3 
8.3 9.94 9.86 9.58 9.45 9.48 10.21 10.44 10.72 11.48 11.79 11.96 
8.44 10.14 10.01 9.86 9.48 9.88 10.15 10.54 10.93 11.3 11.23 10.87 
8.33 10.09 10.16 9.98 9.78 10.26 10.29 10.47 10.76 10.99 10.5 9.68 
8.49 10.36 10.19 9.75 10.25 9.88 10.33 10.56 10.59 10.93 10.22 9.24 
8.64 10.37 10.06 9.55 10.04 9.72 10.14 10.33 10.39 10.74 9.89 8.83 
8.63 10.36 10.05 9.98 9.72 10.01 10.15 10.33 10.68 10.78 10.02 9.14 
8.62 10.22 9.54 10.55 9.17 10.38 10.13 10.37 10.56 10.68 9.91 8.92 
8.67 10.48 10.17 10.15 10.01 10.09 10.33 10.57 10.67 10.95 10.23 9.22 
8.65 10.4 9.89 9.89 9.73 9.82 10.07 10.25 10.38 10.69 9.94 8.94 
8.6 10.3 9.9 10.01 9.81 9.99 9.89 10.32 10.59 10.73 9.96 8.99 
8.57 10.19 10.18 10.19 10.04 10.4 10.18 10.34 10.63 10.85 10.04 8.97 
9.0 10.9 10.87 10.39 10.79 10.47 10.82 11.01 11.06 11.42 10.62 9.65 
8.21 9.8 9.57 9.03 9.68 9.21 9.7 9.71 9.83 10.17 9.42 8.45 
8.58 10.42 10.16 10.06 9.8 9.94 10.04 10.34 10.6 10.76 10.05 9.09 
8.55 10.21 9.67 10.65 9.34 10.58 10.09 10.37 10.62 10.73 10.01 9.02 
10.01 11.88 11.66 11.15 10.83 10.79 11.6 11.37 11.05 11.36 11.45 11.87 
9.15 11.12 10.97 10.32 10.08 10.07 10.93 11.42 11.32 11.66 11.97 12.31 
8.55 11.0 10.94 10.73 10.59 10.43 10.9 11.42 11.04 11.24 11.7 11.85 
8.41 10.92 10.91 10.36 10.3 10.4 10.81 10.52 10.72 10.88 10.91 11.1 
10.02 11.81 11.55 10.89 10.57 10.51 10.99 10.82 10.71 10.96 10.82 11.08 
8.51 10.12 10.17 9.76 9.77 9.92 10.51 10.2 10.27 10.52 10.95 11.31 
8.55 10.7 11.04 10.93 10.54 10.3 11.17 11.19 11.66 11.23 11.85 12.03 
8.63 10.9 10.81 10.77 10.08 10.68 10.97 11.04 11.3 11.31 11.65 12.01 
9.57 11.34 11.05 10.71 10.22 10.27 10.95 10.65 11.44 11.21 11.43 11.75 
8.93 10.6 10.9 10.64 10.42 9.98 10.88 10.87 11.0 11.16 11.47 11.9 
8.32 10.67 10.57 10.17 9.68 9.68 10.39 10.09 10.2 10.34 10.35 10.65 
9.02 11.23 11.31 10.7 10.41 10.57 10.9 10.61 10.74 10.77 10.42 10.34 
9.66 11.35 11.01 10.2 10.13 9.98 10.42 10.21 10.19 10.43 10.33 10.58 
8.39 10.07 10.07 9.41 9.21 9.12 9.85 9.83 9.83 10.14 10.14 10.43 
8.41 10.58 10.54 10.06 9.61 9.67 10.27 10.06 10.1 10.38 10.36 10.7 
8.84 10.81 10.78 10.64 9.53 10.33 10.43 10.29 10.33 10.54 10.48 10.82 
9.75 11.37 10.97 10.75 10.45 10.57 10.78 11.0 11.19 11.85 12.37 12.94 
8.79 10.77 10.73 10.37 10.12 10.21 10.54 10.91 10.99 11.44 11.74 12.34 
8.3 10.55 10.73 10.46 10.09 10.23 10.33 10.71 10.74 10.91 10.98 11.51 
9.95 11.52 11.31 11.2 10.9 11.2 11.18 11.44 11.46 11.61 11.68 12.56 
9.45 11.24 10.73 10.37 10.25 10.17 10.33 10.46 10.37 10.5 10.42 11.05 
9.0 10.32 9.99 9.72 9.65 9.71 9.96 10.17 10.09 10.21 10.32 11.14 
8.8 10.56 10.27 10.14 9.89 10.1 10.17 10.35 10.29 10.16 9.98 10.74 
8.52 10.83 10.57 10.57 9.85 10.46 10.32 10.7 10.7 10.78 10.95 11.87 
9.34 11.16 10.65 10.21 10.05 10.01 10.24 10.27 10.22 10.41 10.37 11.01 
8.58 10.41 10.23 9.74 9.59 9.62 10.31 10.35 10.29 10.59 10.76 11.68 
8.06 10.79 10.6 9.97 9.62 9.83 10.36 10.19 10.23 10.22 10.12 10.76 
9.5 11.16 10.72 10.42 10.02 10.4 10.68 10.7 10.76 10.92 11.07 11.98 
9.4 11.13 10.57 10.05 9.97 9.98 10.3 10.25 10.15 10.37 10.35 11.0 
9.37 10.69 10.43 9.76 9.81 9.86 10.42 10.44 10.35 10.6 10.74 11.65 
8.87 10.68 10.41 9.84 9.25 9.51 9.96 9.91 9.95 10.1 10.22 11.2 
8.48 10.42 10.42 10.25 9.35 10.17 10.4 10.44 10.52 10.71 10.93 11.87 
9.43 11.06 10.87 10.46 10.16 10.23 10.28 10.47 10.43 10.57 10.46 11.09 
8.73 10.74 10.56 10.0 10.0 10.03 10.28 10.67 10.62 10.78 10.85 11.7 
8.36 10.8 10.57 10.32 10.01 10.16 10.3 10.56 10.55 10.44 10.3 10.9 
9.51 11.19 10.88 10.67 10.25 10.55 10.7 10.93 10.91 10.99 11.07 11.94 
9.42 10.88 10.56 10.25 10.11 10.18 10.35 10.46 10.39 10.44 10.36 10.99 
9.3 10.86 10.54 10.14 9.98 10.06 10.31 10.59 10.53 10.65 10.77 11.64 
8.97 10.63 10.35 10.06 9.75 9.95 9.98 10.28 10.26 10.17 10.02 10.75 
8.66 10.74 10.33 10.58 9.82 10.48 10.42 10.69 10.66 10.78 10.93 11.86 
9.34 11.16 10.84 10.24 10.05 10.02 10.28 10.34 10.21 10.38 10.33 10.98 
8.43 10.14 10.2 9.87 9.5 9.64 10.29 10.4 10.34 10.63 10.77 11.69 
8.44 10.66 10.37 10.0 9.66 9.94 10.33 10.28 10.22 10.27 10.18 10.8 
9.53 11.1 10.89 10.54 10.27 10.59 10.82 10.77 10.84 10.98 11.17 12.04 
9.57 11.04 10.68 10.04 9.93 9.83 10.19 10.11 10.03 10.32 10.28 10.96 
9.4 10.76 10.21 9.73 9.7 9.76 10.3 10.35 10.27 10.55 10.74 11.64 
8.87 10.68 10.42 9.69 9.44 9.58 10.01 9.92 9.94 10.1 10.22 11.17 
8.92 10.84 10.23 10.22 9.42 10.31 10.58 10.87 10.94 11.12 11.37 12.25 
9.48 10.99 10.57 10.35 10.29 10.34 10.55 10.74 11.0 11.58 12.11 12.67 
9.4 11.16 10.68 10.35 10.1 10.22 10.42 10.77 10.87 11.3 11.62 12.17 
9.36 10.98 10.54 10.26 9.98 10.24 10.25 10.45 10.61 10.78 10.98 11.44 
9.36 10.73 10.6 10.4 10.16 10.37 10.39 10.65 10.75 10.95 11.2 11.81 
9.21 10.86 10.86 10.29 10.06 10.14 10.28 10.41 10.51 10.69 10.92 11.47 
9.43 10.86 10.59 10.3 10.0 10.15 10.33 10.61 10.63 10.82 11.09 11.76 
9.23 10.73 10.56 10.19 10.01 10.18 10.28 10.4 10.47 10.57 10.79 11.26 
9.44 10.83 10.61 10.62 9.87 10.46 10.4 10.56 10.7 10.84 11.2 11.87 
9.23 10.93 10.64 10.24 10.05 10.19 10.31 10.44 10.44 10.7 10.96 11.46 
9.33 11.2 10.48 10.06 9.87 10.2 10.31 10.59 10.58 10.84 11.06 11.77 
9.38 11.21 10.5 10.2 10.0 10.18 10.23 10.34 10.42 10.56 10.79 11.32 
9.37 10.94 10.57 10.27 10.07 10.36 10.37 10.62 10.68 10.87 11.16 11.81 
9.35 10.84 10.61 10.07 10.05 10.22 10.24 10.4 10.47 10.68 10.92 11.46 
9.38 11.17 10.56 10.18 10.1 10.07 10.32 10.61 10.56 10.78 11.06 11.75 
9.27 11.03 10.56 10.17 9.99 10.12 10.2 10.32 10.42 10.53 10.83 11.49 
9.27 10.98 10.57 10.5 9.87 10.56 10.53 10.89 10.97 11.2 11.52 12.16 
9.28 10.78 10.47 10.3 9.97 10.18 10.21 10.43 10.46 10.7 10.92 11.46 
9.3 10.88 10.6 10.22 10.03 10.16 10.31 10.6 10.6 10.8 11.04 11.74 
9.37 10.94 10.61 10.33 9.95 10.23 10.21 10.39 10.45 10.61 10.85 11.33 
9.45 11.06 10.75 10.36 10.08 10.33 10.43 10.65 10.68 10.9 11.13 11.81 
9.23 11.06 10.78 10.21 10.16 10.18 10.26 10.39 10.4 10.64 10.87 11.41 
9.38 10.62 10.55 10.08 9.94 10.14 10.34 10.58 10.54 10.81 11.09 11.76 
9.37 11.09 10.47 10.29 10.0 10.13 10.24 10.31 10.45 10.57 10.77 11.25 
9.38 10.88 10.6 10.44 9.72 10.44 10.36 10.55 10.61 10.8 11.15 11.85 
9.6 11.56 11.18 10.7 10.37 10.55 10.73 10.83 10.94 11.15 11.4 11.96 
8.92 10.45 10.18 9.63 9.57 9.64 9.8 10.06 10.08 10.3 10.51 11.18 
9.22 10.73 10.76 10.25 9.96 10.12 10.25 10.34 10.41 10.5 10.78 11.27 
9.34 10.7 10.5 10.31 10.07 10.33 10.42 10.59 10.65 10.85 11.15 11.77 
9.42 11.16 10.63 10.06 9.93 10.11 10.23 10.37 10.41 10.64 10.9 11.45 
9.42 11.01 10.68 10.15 10.02 10.04 10.3 10.55 10.52 10.73 11.01 11.7 
9.72 11.33 11.09 10.84 10.31 10.48 10.65 10.78 10.88 11.0 11.31 12.0 
9.36 11.0 10.36 10.58 9.77 10.46 10.48 10.81 10.88 11.12 11.48 12.14 
9.07 10.79 10.2 10.26 10.06 10.51 10.43 10.77 11.1 11.62 11.91 12.48 
8.91 10.38 10.36 10.3 10.08 10.35 10.52 10.71 10.98 10.94 11.14 11.27 
9.14 10.74 10.64 10.67 10.67 10.58 10.61 11.21 11.49 10.46 10.51 11.15 
9.06 10.77 10.82 10.78 10.71 11.0 11.33 11.44 11.62 11.46 11.86 12.25 
9.04 10.78 10.77 11.16 10.39 10.56 11.33 11.22 11.76 10.71 10.95 11.41 
9.13 10.83 10.67 10.91 10.55 10.73 11.37 11.72 11.78 11.41 11.67 11.69 
9.24 11.28 10.86 11.19 11.08 11.4 11.73 11.66 11.75 11.36 11.75 12.34 
9.2 10.8 10.44 10.67 10.64 10.9 11.48 11.38 11.5 11.21 11.63 12.03 
9.08 10.71 10.13 10.41 10.23 10.51 10.92 10.83 10.85 10.57 10.88 11.2 
8.79 10.36 9.59 9.88 10.09 10.15 10.56 10.5 10.53 10.62 10.91 10.88 
9.0 10.8 10.23 10.39 10.62 10.58 10.81 11.03 11.36 10.52 10.55 11.05 
8.99 10.65 10.42 10.64 10.82 11.49 11.38 11.17 11.76 11.37 11.57 11.88 
8.99 10.61 10.34 10.85 10.59 10.87 11.23 11.06 11.89 10.54 10.74 11.34 
8.9 10.55 10.56 11.12 10.59 11.08 11.19 11.3 11.7 11.37 11.62 11.76 
9.49 10.99 11.1 11.62 11.34 11.41 11.53 11.41 12.08 11.03 11.16 11.67 
9.63 10.87 10.48 10.82 10.7 10.99 11.22 11.49 11.6 11.26 11.43 11.79 
9.23 10.88 10.38 10.44 10.46 10.81 10.94 11.0 11.02 10.37 10.47 11.06 
8.98 10.53 10.15 9.95 9.95 10.42 10.66 10.76 10.94 10.69 11.03 11.11 
9.42 10.95 11.01 10.49 10.52 10.94 11.23 11.44 11.89 10.51 10.74 11.02 
9.3 11.06 10.71 10.61 10.58 11.1 11.39 11.3 11.75 11.3 11.58 11.85 
8.93 10.65 10.59 10.94 10.34 11.13 10.76 10.67 11.05 10.16 10.51 11.03 
9.04 10.89 10.9 10.89 10.33 11.19 11.07 11.01 11.19 11.27 11.63 11.67 
9.32 10.91 11.22 11.15 11.24 11.72 11.62 11.34 11.75 11.04 11.26 11.71 
9.12 11.03 10.91 10.88 11.18 11.42 11.51 11.4 11.77 11.28 11.56 11.9 
9.11 10.71 10.75 10.77 10.85 11.07 10.75 10.75 10.94 10.34 10.36 10.93 
8.51 10.21 10.28 10.11 10.05 10.44 10.46 10.53 10.52 10.68 10.97 10.92 
9.31 11.1 10.46 10.32 10.23 10.38 10.35 10.41 10.34 10.02 10.11 10.75 
9.14 11.03 10.58 10.43 10.6 10.74 11.05 11.04 11.02 11.22 11.52 11.92 
9.21 10.37 10.36 10.36 10.17 10.26 10.4 10.56 10.57 10.15 10.21 11.01 
9.13 10.58 10.48 10.5 10.49 10.73 11.1 11.14 11.2 11.29 11.54 11.52 
9.67 10.8 10.37 10.2 10.39 10.39 10.78 10.82 11.0 11.09 11.46 11.91 
9.59 10.95 10.39 10.47 10.5 10.59 11.05 11.05 11.27 11.57 11.78 12.07 
8.94 10.42 10.21 9.99 10.2 10.29 10.56 10.7 11.02 11.48 11.76 12.32 
9.28 10.85 10.34 10.79 10.8 10.91 11.15 11.21 11.69 11.44 11.59 11.7 
9.2 10.61 10.47 10.95 10.59 10.36 10.93 11.28 11.51 10.55 10.69 11.36 
9.13 10.8 10.48 10.98 10.6 10.97 11.1 11.23 11.57 11.33 11.69 12.0 
9.02 10.83 10.62 11.14 10.71 10.75 10.9 10.74 11.81 10.68 10.81 11.21 
8.98 10.64 10.42 10.91 10.8 11.03 11.3 11.49 11.75 11.23 11.57 11.58 
9.03 10.43 10.4 10.83 10.51 10.94 11.25 11.17 11.37 10.49 10.8 11.32 
9.09 10.55 10.51 10.81 10.64 10.69 11.28 11.63 11.63 11.26 11.63 11.94 
9.0 10.35 10.15 10.53 10.21 10.44 10.86 10.95 10.99 10.83 11.34 11.62 
9.24 10.62 10.4 10.64 10.39 10.69 11.12 11.09 11.12 11.27 11.87 12.0 
9.25 10.47 10.24 10.62 10.5 10.59 10.86 10.85 11.33 10.88 11.28 11.74 
9.16 10.66 10.37 10.8 10.79 11.15 11.34 11.36 11.65 11.44 11.82 12.12 
9.08 10.88 10.59 10.71 10.4 10.6 11.01 10.82 11.06 10.67 11.13 11.78 
9.23 11.04 10.6 10.75 10.57 10.74 11.3 11.34 11.47 11.22 11.72 11.99 
9.09 10.81 10.71 11.04 10.45 10.45 11.44 11.65 12.05 10.59 11.0 11.28 
9.49 10.8 10.56 10.77 10.83 10.92 11.53 11.43 11.74 11.2 11.47 11.8 
9.15 10.7 10.49 10.4 10.44 10.89 11.11 10.84 10.87 10.35 10.36 11.07 
9.05 10.83 10.64 10.78 10.68 11.09 11.44 11.35 11.66 11.33 11.62 11.58 
8.97 10.66 10.59 10.68 10.46 10.71 11.01 11.39 11.48 10.41 10.66 11.02 
9.16 10.63 10.34 10.7 10.74 11.46 11.22 11.39 11.73 11.35 11.61 11.91 
8.95 10.53 10.49 11.02 10.55 11.3 11.09 11.09 11.54 10.47 10.69 11.12 
9.03 11.03 10.65 10.94 10.54 11.16 11.37 11.48 11.77 11.24 11.6 11.56 
9.14 11.45 10.65 10.8 10.58 10.84 10.86 10.96 11.47 10.63 10.77 11.11 
8.89 10.92 10.53 10.76 11.23 11.41 11.36 11.32 11.81 11.63 12.05 12.25 
9.02 10.53 10.48 10.54 10.97 11.1 11.14 11.18 11.48 11.01 11.41 11.58 
9.06 10.73 10.58 10.49 10.71 10.88 11.01 11.04 11.12 11.15 11.44 11.41 
9.12 10.63 10.52 10.23 10.42 10.44 10.48 10.58 10.74 11.02 11.5 11.46 
9.22 10.65 10.67 10.5 10.55 10.72 10.98 11.04 11.0 11.27 11.57 11.96 
9.3 10.98 10.51 10.21 10.29 10.52 10.79 10.91 11.35 12.15 12.8 12.7 
9.11 10.98 10.36 10.38 10.63 10.65 11.08 11.16 11.36 11.94 12.44 12.36 
9.69 11.15 10.39 10.02 10.34 10.38 10.76 10.91 11.29 12.03 12.65 12.55 
9.66 11.16 10.39 10.36 10.38 10.57 10.96 11.04 11.21 11.74 12.25 12.28 
9.21 10.57 10.14 9.92 10.08 9.85 10.41 10.35 10.62 11.27 11.77 12.34 
9.28 10.49 10.1 9.93 9.92 9.95 10.59 10.69 10.82 11.3 11.62 12.14 
9.29 10.96 10.52 10.21 10.01 10.2 10.4 10.5 10.78 10.9 11.41 11.6 
9.16 10.79 10.37 10.31 10.27 10.55 10.65 10.4 10.65 10.98 11.52 11.88 
9.16 10.8 10.12 9.76 9.78 9.98 10.11 10.16 10.23 10.65 11.06 11.6 
9.23 10.62 10.39 9.78 9.7 9.95 10.25 10.29 10.43 10.81 11.16 11.77 
9.16 10.71 10.14 9.95 9.66 9.98 10.05 10.07 10.3 10.55 10.83 11.28 
9.51 11.01 9.83 10.31 9.57 10.41 10.31 10.66 10.97 11.08 11.46 12.05 
9.02 11.01 10.98 9.97 10.43 10.24 10.36 10.29 10.66 10.92 11.3 11.66 
9.31 10.7 10.8 9.74 10.19 9.86 10.2 10.4 10.48 10.84 11.44 12.14 
9.11 10.66 10.97 9.76 10.93 10.55 10.52 10.59 10.94 10.87 11.43 11.65 
9.25 10.91 10.67 9.97 10.5 10.66 10.8 10.71 10.85 11.14 11.44 11.93 
9.21 10.73 10.35 9.82 10.35 10.11 10.26 10.26 10.39 10.76 10.98 11.47 
9.34 10.57 10.34 9.73 10.08 9.98 10.28 10.34 10.46 10.79 11.08 11.76 
9.18 10.73 10.57 9.84 10.05 9.96 10.1 10.13 10.29 10.6 10.9 11.54 
9.41 10.67 10.28 10.34 9.6 10.34 10.51 10.74 10.95 11.19 11.59 12.22 
9.17 10.88 10.3 9.88 9.86 9.96 10.11 10.12 10.25 10.64 10.9 11.44 
9.39 11.15 10.22 9.93 9.82 10.11 10.36 10.59 10.75 11.03 11.36 11.92 
9.3 11.14 10.54 10.17 10.08 10.21 10.37 10.16 10.58 10.85 11.48 11.8 
9.44 10.96 10.62 10.44 10.44 10.65 10.55 10.35 10.68 10.93 11.45 11.88 
9.4 11.0 10.23 9.94 9.87 9.93 10.12 10.2 10.31 10.76 11.35 11.88 
9.39 10.89 10.29 10.04 9.84 10.12 10.28 10.69 10.86 11.02 11.58 12.19 
8.96 10.65 10.81 10.03 10.31 10.09 10.27 10.84 11.29 10.96 11.77 11.65 
9.23 10.58 10.84 10.52 10.12 10.45 10.3 10.92 11.36 11.28 11.7 12.01 
9.07 10.53 10.6 9.85 10.88 10.83 10.88 10.94 11.25 11.27 11.82 11.69 
9.25 10.67 10.55 9.77 10.39 10.04 10.24 10.63 11.21 11.34 11.76 11.88 
9.07 10.63 11.04 9.97 10.87 11.12 10.62 11.2 11.79 11.16 11.53 11.65 
9.14 10.59 10.66 10.0 10.47 11.13 10.82 11.09 11.54 11.25 11.49 11.78 
9.13 10.68 10.49 9.92 10.18 10.84 10.52 10.72 10.92 10.94 10.99 11.53 
9.15 10.9 10.26 9.74 9.99 10.42 10.35 10.58 10.72 10.97 11.13 11.7 
9.18 10.88 10.17 9.92 10.0 10.43 10.16 10.34 10.55 10.58 10.84 11.46 
9.31 10.66 10.05 10.13 9.65 10.53 10.43 10.77 10.98 11.17 11.5 12.13 
9.18 10.51 10.34 10.2 10.23 10.62 10.5 10.8 11.0 11.61 11.94 12.58 
9.23 10.76 10.48 10.41 10.48 10.82 11.18 11.34 11.52 11.52 11.81 12.17 
9.14 10.91 10.71 10.69 10.35 10.41 10.91 11.49 11.79 11.0 11.11 11.85 
9.2 10.85 10.73 10.56 10.54 10.82 11.23 11.84 11.98 11.54 11.91 12.21 
9.16 10.7 10.93 10.88 10.16 10.36 11.21 11.73 12.0 10.88 11.02 11.88 
9.19 10.8 10.95 10.91 10.5 10.74 11.41 11.79 12.16 11.52 11.68 12.02 
9.21 10.87 10.61 11.11 10.41 11.09 11.53 11.34 11.94 10.84 10.78 11.4 
9.07 10.79 10.55 10.69 10.53 10.83 11.49 11.6 11.9 11.41 11.59 11.99 
9.02 10.62 10.58 10.77 10.53 10.6 11.28 11.64 11.88 10.78 10.94 11.6 
9.11 10.81 10.67 10.63 10.5 10.65 11.32 11.4 11.49 11.29 11.52 11.85 
9.06 10.67 10.6 10.6 10.15 10.15 11.06 11.4 11.63 10.9 10.85 11.66 
9.02 10.76 10.72 10.6 10.3 10.65 11.25 11.79 11.83 11.47 11.68 12.09 
9.01 10.68 10.53 10.55 10.37 10.52 11.03 11.08 11.42 11.18 11.77 12.16 
9.21 10.57 10.55 10.87 10.52 10.75 11.42 11.64 11.81 11.54 11.91 12.15 
9.22 10.88 10.53 10.62 10.67 10.45 11.48 11.07 11.48 10.79 10.91 11.58 
9.59 11.0 10.73 10.49 10.57 10.77 11.41 11.53 11.58 11.25 11.44 11.9 
9.29 10.97 10.35 10.37 10.18 10.87 10.91 10.94 11.14 10.54 10.61 11.53 
9.19 10.91 10.81 10.6 10.19 10.92 11.22 11.36 11.59 11.3 11.62 11.91 
9.05 10.76 10.63 10.54 10.4 10.9 11.22 11.11 11.38 10.59 10.62 11.46 
9.06 10.66 10.72 10.61 10.8 11.31 11.64 11.47 11.73 11.49 11.75 12.27 
8.97 10.26 10.71 11.14 10.56 11.16 11.47 11.12 11.52 10.75 10.85 11.61 
9.08 10.93 10.68 10.84 10.56 11.22 11.62 11.38 11.81 11.35 11.56 11.77 
8.92 10.85 10.45 10.92 11.01 11.27 11.37 11.1 11.48 10.68 10.65 11.4 
9.13 10.94 10.6 10.87 10.86 11.13 11.32 11.65 11.8 11.32 11.57 12.1 
9.1 11.01 10.57 10.62 10.58 10.76 10.78 11.01 11.2 11.0 11.73 11.97 
9.17 10.72 10.64 10.46 10.35 10.81 10.99 11.12 11.26 11.3 11.65 11.91 
9.06 10.48 10.39 10.24 10.23 10.38 10.55 10.71 10.87 10.58 10.55 11.51 
9.13 10.56 10.65 10.44 10.43 10.74 11.03 11.15 11.24 11.43 11.64 12.16 
9.16 10.52 10.36 10.19 10.34 10.28 10.75 10.6 10.82 10.64 10.47 11.66 
9.1 10.74 10.46 10.53 10.69 10.72 11.27 11.09 11.18 11.44 11.61 11.91 
9.71 10.83 10.43 10.19 10.44 10.4 11.08 10.67 10.97 11.28 11.56 12.08 
9.69 10.95 10.25 10.29 10.6 10.57 11.3 10.97 11.2 11.59 11.81 12.14 
9.15 10.81 10.15 10.19 10.23 10.3 10.77 10.54 10.8 11.49 11.74 12.38 
9.72 11.56 10.82 11.08 10.81 11.07 11.67 11.54 11.89 12.4 13.0 13.06 
9.03 10.84 10.36 10.6 10.71 10.74 10.83 10.8 11.56 10.79 11.06 11.62 
9.11 10.58 10.28 10.67 10.91 11.07 11.32 11.52 11.72 11.37 11.69 12.09 
9.05 10.37 10.46 10.84 10.74 10.68 11.6 11.24 11.73 10.76 10.87 11.64 
8.62 9.95 9.93 10.42 10.15 10.25 11.01 10.85 11.27 10.87 11.14 11.32 
9.07 10.6 10.51 10.96 10.85 11.03 11.49 11.12 11.76 11.0 11.27 11.75 
8.99 10.56 10.34 10.98 10.64 10.85 11.46 11.56 11.9 11.53 11.73 12.13 
9.13 10.52 10.4 10.83 10.67 10.81 11.43 11.15 11.5 10.73 10.99 11.77 
9.28 10.97 10.27 10.61 10.5 10.65 11.32 11.27 11.57 11.39 11.62 11.89 
9.62 11.59 11.03 10.91 10.8 10.85 11.37 11.86 12.27 11.17 11.3 12.05 
9.23 10.92 10.58 10.55 10.46 10.61 11.12 11.77 12.15 11.35 11.65 12.05 
9.09 10.44 10.47 10.71 10.32 10.31 11.13 11.58 11.88 10.81 10.94 11.74 
8.74 9.93 10.1 10.28 10.36 10.56 11.0 10.95 11.3 10.93 11.09 11.3 
8.98 10.75 10.33 10.53 10.8 10.61 11.24 11.23 11.49 10.74 10.59 11.45 
9.52 10.85 10.74 10.32 10.51 10.75 11.4 11.5 11.71 11.27 11.44 11.9 
9.06 10.51 10.63 10.39 10.28 10.94 11.1 10.78 11.14 10.45 10.46 11.5 
9.1 10.84 10.54 10.65 10.55 11.4 11.34 11.36 11.7 11.16 11.49 11.84 
9.45 11.2 11.15 11.19 11.04 11.83 11.63 11.31 12.07 11.06 11.14 11.92 
9.38 11.03 10.5 10.5 10.43 11.1 11.23 11.07 11.67 11.37 11.73 12.1 
9.06 11.11 10.96 10.73 10.62 11.64 11.29 10.99 11.69 10.73 10.92 11.55 
8.65 10.25 10.33 10.38 10.47 11.07 10.75 10.61 11.16 10.78 10.98 11.16 
8.92 10.74 10.49 10.84 11.05 11.42 11.1 10.69 11.36 10.63 10.57 11.33 
9.0 10.93 10.38 10.66 10.92 11.38 11.33 11.23 11.69 11.73 12.16 12.42 
8.96 10.46 10.44 10.51 10.77 10.86 10.83 10.87 11.18 11.38 12.1 12.28 
9.51 11.01 11.03 10.96 10.99 11.36 11.52 11.64 11.75 11.88 12.23 12.5 
9.11 10.68 10.39 10.17 10.33 10.6 10.6 10.85 11.19 11.31 11.63 11.97 
9.11 11.01 10.5 10.47 10.48 10.8 11.07 11.21 11.33 11.47 11.69 12.21 
9.32 11.23 10.5 10.11 10.37 10.45 10.97 11.04 11.55 12.14 12.75 12.71 
8.93 10.57 10.0 9.81 10.01 10.22 10.72 10.75 11.0 11.44 11.89 11.87 
9.65 11.0 10.17 10.16 10.37 10.46 11.14 10.99 11.45 12.1 12.7 12.62 
9.63 10.74 10.3 10.23 10.52 10.61 11.27 11.0 11.3 11.79 12.26 12.32 
8.82 10.8 10.72 10.52 10.48 10.21 11.06 10.78 11.15 11.95 12.24 12.9 
7.84 10.65 10.49 10.27 10.24 9.94 10.63 10.22 10.29 10.56 10.76 11.33 
9.67 10.82 10.42 10.19 9.99 9.86 10.2 9.9 9.74 9.51 9.44 10.17 
8.41 10.59 10.39 10.06 9.75 9.64 9.87 9.82 9.57 9.3 9.19 9.83 
8.42 10.56 10.31 9.95 9.53 9.63 9.77 9.75 9.57 9.35 9.59 10.7 
7.9 10.27 10.24 9.97 9.57 9.49 9.58 9.63 9.36 9.03 8.99 9.51 
9.75 10.93 10.64 10.21 9.86 9.83 9.88 9.88 9.63 9.2 9.28 9.91 
8.46 10.68 10.3 9.95 9.6 9.62 9.57 9.77 9.48 9.12 9.01 9.54 
8.63 10.88 10.9 10.43 10.11 10.04 10.04 10.22 9.94 9.76 9.94 11.05 
8.15 10.78 10.75 10.37 9.96 9.93 9.91 10.05 9.79 9.37 9.38 9.88 
9.75 11.06 10.6 10.15 9.74 9.81 9.78 9.82 9.61 9.19 9.24 9.91 
8.74 10.38 10.4 10.11 9.59 9.63 9.59 9.71 9.44 9.02 8.97 9.49 
8.39 10.4 10.31 9.85 9.46 9.52 9.44 9.6 9.33 9.07 9.29 10.36 
8.03 9.27 9.11 8.46 8.16 8.18 8.09 8.13 7.93 7.9 8.39 9.69 
9.89 10.83 9.99 9.32 9.0 9.19 9.03 8.86 8.98 9.06 9.69 10.87 
9.41 10.23 9.18 8.52 8.25 8.49 8.43 8.33 8.54 8.81 9.45 10.7 
9.19 10.49 10.19 10.45 10.83 10.33 10.68 10.59 10.88 11.33 11.83 12.51 
9.65 11.76 11.38 11.55 11.25 11.31 11.59 12.14 12.37 12.22 12.63 12.88 
9.23 10.97 10.65 10.47 11.18 11.13 11.3 11.1 11.71 11.08 11.43 11.87 
9.02 10.91 10.9 10.82 11.28 10.96 11.2 11.68 11.99 11.5 11.95 12.18 
9.08 10.87 10.95 10.79 11.07 10.7 11.13 11.12 11.77 11.16 11.51 11.94 
8.8 10.63 10.19 10.23 10.79 10.8 11.04 10.81 11.26 11.01 11.49 11.76 
9.15 10.95 10.44 10.71 11.41 10.67 11.15 11.07 11.33 10.96 11.45 11.83 
8.87 10.77 10.54 10.61 11.2 11.38 11.63 11.29 11.72 11.42 11.9 12.06 
8.6 11.11 9.97 10.49 10.88 11.39 11.01 10.7 11.15 10.83 11.0 11.78 
9.22 11.59 10.82 11.33 11.35 12.0 11.77 11.78 12.04 11.96 12.39 12.64 
8.79 11.01 10.49 10.71 10.59 11.38 11.14 11.43 11.55 10.98 11.53 11.83 
8.77 10.7 10.47 10.89 10.54 11.31 11.23 11.74 11.86 11.61 12.03 12.24 
9.24 11.37 10.97 10.92 10.33 11.24 10.99 11.27 11.48 11.03 11.41 11.93 
8.77 10.82 10.04 10.27 10.29 10.93 10.87 11.01 11.15 11.0 11.39 11.54 
9.09 10.83 10.28 10.43 10.82 11.19 11.32 10.97 11.42 10.92 11.39 11.74 
8.96 11.14 10.74 10.77 10.68 11.31 11.32 11.61 11.81 12.1 12.62 12.62 
9.02 10.87 10.45 10.76 10.88 10.78 10.88 11.14 11.21 11.08 11.36 11.89 
9.11 11.15 10.82 10.67 10.8 11.05 11.18 11.44 11.51 11.55 11.99 12.17 
9.35 11.33 10.89 11.01 11.42 11.35 11.65 11.52 11.77 11.38 11.9 12.37 
9.09 10.76 10.65 10.75 11.38 11.44 11.68 11.37 11.72 11.53 11.94 12.15 
9.11 10.86 10.61 10.62 11.11 11.08 11.18 11.13 11.41 11.01 11.37 11.91 
8.65 10.4 10.02 10.12 10.75 10.71 10.97 10.76 11.19 10.97 11.52 11.86 
9.13 10.92 10.53 10.5 11.3 10.98 11.26 10.88 11.34 10.85 11.3 11.78 
8.89 10.89 10.65 10.53 11.23 11.48 11.65 11.3 11.65 11.78 12.38 12.54 
8.75 11.0 9.98 10.66 10.83 11.19 10.92 11.14 11.36 10.97 11.36 11.89 
9.2 11.63 10.61 11.42 11.15 11.74 11.49 11.59 11.79 11.97 12.3 12.67 
8.78 10.78 10.43 11.06 10.51 11.26 11.01 11.26 11.61 11.1 11.61 11.89 
8.77 10.72 10.47 10.87 10.89 11.49 11.44 11.62 11.83 11.51 11.86 12.08 
9.16 11.13 10.27 10.71 10.57 11.12 10.97 11.25 11.58 11.4 11.92 12.23 
8.72 10.57 10.07 10.28 10.12 10.74 10.83 10.73 11.09 11.11 11.47 11.61 
9.68 10.99 10.41 10.45 10.85 11.15 11.4 11.25 11.65 11.22 11.9 11.91 
9.58 10.97 10.19 10.67 10.9 11.43 11.52 11.26 11.67 11.91 12.3 12.5 
8.9 10.82 10.3 10.49 11.08 10.77 11.0 10.81 11.14 11.29 11.78 12.37 
9.11 10.95 10.34 10.67 10.76 10.87 11.08 11.08 11.24 11.52 11.86 12.23 
9.15 11.07 10.47 11.18 11.29 11.32 10.78 10.71 11.49 10.9 11.39 11.8 
9.05 10.88 10.97 10.77 11.05 10.81 11.21 11.6 11.81 11.59 12.07 12.22 
9.02 10.53 10.83 10.51 11.2 10.9 11.2 11.4 11.61 10.93 11.71 11.87 
8.89 10.79 10.45 10.85 11.14 11.07 11.42 11.3 11.75 11.48 11.97 12.07 
8.91 10.95 10.44 10.69 11.46 11.16 10.95 10.84 11.38 10.77 11.29 11.7 
9.08 10.72 10.49 10.69 11.41 11.3 11.41 11.47 11.62 11.46 11.93 12.08 
8.84 11.18 10.37 10.75 10.98 11.14 10.83 11.17 11.34 10.92 11.14 11.83 
8.8 11.36 10.61 10.84 10.59 11.38 11.24 11.38 11.56 11.52 11.94 12.13 
8.75 10.84 10.36 10.85 10.4 11.19 10.92 11.02 11.39 10.92 11.4 11.76 
8.83 10.88 10.53 10.8 10.95 11.43 11.46 11.44 11.64 11.57 12.03 12.16 
8.89 10.96 10.64 10.61 10.78 11.23 11.05 10.92 11.26 11.13 11.37 11.92 
8.79 11.15 10.74 10.65 10.54 11.2 11.2 11.31 11.56 11.74 12.07 12.24 
9.09 10.91 10.49 10.63 10.77 11.33 11.54 11.21 11.71 11.03 11.63 11.81 
9.15 11.15 10.7 10.85 10.95 11.34 11.36 11.59 11.89 12.11 12.62 12.63 
9.14 11.22 10.64 10.75 11.01 10.79 10.97 11.18 11.23 10.98 11.22 11.87 
9.27 11.35 10.6 10.75 10.78 10.96 11.15 11.58 11.71 11.54 11.89 12.17 
9.31 11.28 10.69 11.07 10.97 10.76 10.77 11.29 11.48 10.89 11.2 11.75 
9.12 10.87 10.62 10.8 11.29 11.33 11.49 11.54 11.65 11.46 11.93 12.13 
9.01 10.77 10.65 10.51 10.95 10.83 10.93 11.39 11.47 11.13 11.93 12.18 
9.0 10.83 10.67 10.63 11.12 11.29 11.55 11.49 11.68 11.5 11.9 12.04 
8.93 10.69 10.71 10.57 11.24 10.67 11.18 11.12 11.29 10.95 11.42 11.88 
8.94 10.76 10.43 10.65 11.26 11.18 11.57 11.53 11.75 11.83 12.36 12.36 
8.77 11.18 10.34 10.68 10.65 11.14 10.93 11.4 11.41 10.99 11.2 11.86 
8.97 11.26 10.31 10.95 10.68 11.31 11.04 11.27 11.4 11.49 11.76 12.13 
8.84 11.07 10.46 10.93 10.19 11.19 10.84 11.2 11.63 11.32 12.05 12.27 
8.8 10.71 10.7 11.0 10.58 11.37 11.24 11.74 11.92 11.63 12.02 12.05 
9.03 11.07 10.64 11.0 10.57 11.12 11.06 11.33 11.53 11.39 11.75 12.16 
8.95 11.18 10.53 10.8 10.7 11.38 11.3 11.26 11.65 11.64 12.19 12.33 
9.55 11.09 10.6 10.53 10.25 10.99 10.92 11.24 11.57 11.31 11.73 12.0 
9.56 11.1 10.36 10.44 10.79 11.38 11.33 11.35 11.58 11.73 11.99 12.2 
7.94 10.34 9.8 9.74 9.96 10.55 10.56 10.59 10.87 11.43 11.76 12.08 
7.75 9.67 9.15 9.33 9.32 10.08 9.86 9.68 9.9 10.3 10.51 10.79 
9.72 10.73 9.82 9.62 9.35 10.15 9.89 10.03 10.49 11.46 11.78 12.19 
9.36 10.22 9.31 9.18 8.94 9.65 9.55 9.85 10.4 11.46 11.77 12.18 
9.26 11.0 10.11 9.85 9.8 9.93 10.07 10.29 10.67 11.6 11.86 12.42 
9.38 11.0 10.15 9.54 9.42 9.76 10.04 10.2 10.36 10.84 11.07 11.8 
9.08 10.64 9.91 9.77 9.48 9.87 9.89 9.85 10.05 10.3 10.47 11.23 
9.38 10.32 10.02 9.85 9.7 10.1 10.15 10.22 10.48 10.73 11.0 11.81 
9.16 10.85 10.03 9.88 9.83 9.88 10.11 10.09 10.22 10.57 10.73 11.5 
9.4 10.61 10.4 9.68 9.66 9.76 10.13 10.25 10.41 10.74 10.98 11.76 
9.26 10.48 10.07 9.68 9.63 9.87 10.0 10.02 10.26 10.45 10.6 11.37 
9.42 10.34 10.01 10.38 9.31 10.19 10.16 10.3 10.54 10.77 11.11 11.91 
9.24 10.74 10.26 9.97 9.8 9.96 10.21 10.19 10.3 10.65 10.84 11.59 
9.42 10.99 10.17 9.73 9.66 9.85 10.18 10.28 10.45 10.79 11.0 11.81 
9.43 11.17 10.34 9.86 9.69 10.02 9.99 10.0 10.2 10.44 10.59 11.35 
9.42 10.92 10.22 9.84 9.7 10.08 10.16 10.32 10.48 10.77 11.01 11.84 
9.23 10.65 10.29 9.63 9.73 9.89 9.98 10.08 10.22 10.57 10.76 11.51 
9.41 10.56 10.09 9.69 9.56 9.76 10.02 10.27 10.37 10.73 10.96 11.76 
9.2 10.72 10.4 9.93 9.59 9.86 9.93 10.0 10.18 10.47 10.7 11.57 
9.34 10.56 10.14 10.22 9.49 10.3 10.43 10.76 10.93 11.18 11.48 12.25 
9.16 10.68 10.11 9.87 9.67 9.95 10.09 10.13 10.3 10.62 10.83 11.55 
9.17 10.79 10.32 10.01 9.69 9.86 10.24 10.31 10.46 10.8 11.03 11.84 
9.45 10.99 10.15 9.71 9.82 9.95 9.94 10.09 10.29 10.48 10.67 11.42 
9.41 11.13 10.34 9.76 9.67 10.06 10.17 10.31 10.5 10.81 11.02 11.83 
9.44 10.89 10.23 9.88 9.77 9.84 10.01 10.07 10.23 10.53 10.71 11.49 
9.4 10.63 10.02 9.31 9.55 9.75 10.07 10.21 10.38 10.71 10.97 11.75 
9.28 10.64 10.12 9.84 9.63 9.83 9.98 10.02 10.27 10.45 10.55 11.32 
9.41 10.55 10.19 10.35 9.36 10.13 10.09 10.28 10.5 10.73 11.03 11.89 
9.29 10.72 10.22 9.78 9.65 9.95 10.13 10.17 10.25 10.65 10.82 11.57 
9.34 10.68 10.26 9.64 9.58 9.86 10.11 10.29 10.43 10.74 10.98 11.78 
9.35 10.55 10.41 10.09 9.67 9.85 9.97 9.97 10.23 10.45 10.63 11.37 
9.32 10.97 10.08 9.76 9.7 10.08 10.14 10.36 10.51 10.77 11.04 11.86 
9.46 11.13 10.33 9.59 9.66 9.76 10.06 10.06 10.29 10.64 10.78 11.53 
9.41 10.96 10.16 9.91 9.76 9.77 10.04 10.21 10.4 10.68 10.92 11.73 
9.38 10.81 10.23 9.39 9.48 9.84 9.97 9.97 10.15 10.51 10.66 11.54 
9.38 10.82 9.96 10.37 9.53 10.31 10.47 10.71 10.85 11.14 11.42 12.2 
9.2 10.77 10.04 10.26 10.12 10.46 10.53 10.89 11.17 11.62 11.9 12.58 
9.16 10.82 10.4 10.63 10.5 10.76 11.14 11.3 11.56 11.53 11.73 12.12 
9.21 10.85 10.79 10.57 10.25 10.27 10.94 11.52 11.84 11.01 11.08 11.88 
9.08 10.84 10.74 10.53 10.5 10.78 11.29 11.83 11.94 11.48 11.92 12.22 
8.95 10.93 10.86 10.81 10.28 10.42 11.15 11.75 11.98 10.85 11.03 11.88 
9.21 10.91 10.81 10.92 10.4 10.67 11.36 11.73 12.09 11.46 11.64 12.01 
9.14 10.71 10.66 11.0 10.42 11.11 11.53 11.25 11.91 10.75 10.67 11.36 
9.16 10.71 10.72 10.71 10.29 10.85 11.52 11.59 11.83 11.38 11.6 12.03 
9.12 10.76 10.61 10.76 10.42 10.6 11.21 11.62 11.81 10.66 10.93 11.57 
9.28 10.88 10.59 10.62 10.45 10.66 11.28 11.37 11.43 11.28 11.53 11.84 
9.04 10.6 10.53 10.6 10.08 10.23 10.99 11.44 11.54 10.89 10.83 11.65 
9.1 10.54 10.72 10.7 10.42 10.7 11.25 11.77 11.83 11.44 11.67 12.1 
9.01 10.69 10.52 10.67 10.47 10.56 11.18 11.18 11.53 11.22 11.81 12.16 
9.14 10.54 10.48 10.77 10.64 10.72 11.4 11.67 11.84 11.54 11.89 12.13 
9.19 10.9 10.3 10.57 10.48 10.47 11.51 11.17 11.57 10.86 10.96 11.59 
9.63 11.09 10.74 10.52 10.52 10.86 11.43 11.54 11.66 11.33 11.53 11.91 
9.26 10.87 10.47 10.36 10.18 10.81 11.1 11.15 11.15 10.67 10.74 11.56 
9.09 10.95 10.79 10.54 10.38 10.95 11.25 11.45 11.61 11.36 11.65 11.93 
9.21 11.05 10.66 10.55 10.44 10.95 11.23 11.12 11.42 10.69 10.64 11.44 
9.25 10.77 10.7 10.67 10.8 11.25 11.59 11.44 11.71 11.42 11.73 12.25 
8.97 10.57 10.7 11.18 10.58 11.18 11.43 11.1 11.54 10.72 10.86 11.61 
8.96 10.89 10.72 10.98 10.51 11.23 11.56 11.27 11.78 11.32 11.5 11.76 
9.06 10.93 10.43 10.94 10.92 11.26 11.29 10.89 11.45 10.59 10.51 11.35 
8.97 10.99 10.62 10.72 10.57 11.18 11.31 11.61 11.72 11.27 11.53 12.07 
9.11 10.6 10.7 10.67 10.59 10.7 10.73 10.89 11.04 10.92 11.68 11.98 
9.23 10.84 10.52 10.6 10.47 10.84 10.95 11.06 11.09 11.27 11.63 11.92 
9.12 10.91 10.32 10.06 10.13 10.41 10.39 10.49 10.46 10.44 10.49 11.48 
9.27 10.66 10.31 10.42 10.49 10.62 10.95 11.01 11.09 11.33 11.56 12.12 
9.13 10.34 10.32 10.12 10.11 10.26 10.68 10.52 10.8 10.67 10.48 11.67 
9.18 10.66 10.39 10.44 10.6 10.74 11.28 11.11 11.3 11.45 11.63 11.92 
9.65 10.72 10.39 10.19 10.66 10.38 11.14 10.84 11.19 11.3 11.55 12.08 
9.62 10.8 10.33 10.28 10.61 10.59 11.25 11.08 11.36 11.61 11.81 12.15 
9.14 10.62 9.86 10.03 10.12 10.36 10.79 10.78 11.11 11.51 11.76 12.41 
9.28 10.66 10.47 10.53 10.4 10.66 11.14 11.15 11.52 11.9 12.47 12.54 
9.21 10.87 10.56 10.61 10.61 10.82 10.97 10.87 11.67 10.89 11.15 11.7 
9.17 10.99 10.27 10.5 10.87 11.02 11.35 11.54 11.72 11.44 11.73 12.1 
9.09 10.68 10.33 10.89 10.88 10.7 11.55 11.17 11.69 10.69 10.81 11.61 
8.93 10.54 10.25 10.77 10.69 10.71 11.51 11.32 11.79 11.39 11.65 11.84 
8.98 10.44 10.51 10.93 10.68 10.97 11.5 11.05 11.77 10.98 11.23 11.75 
9.04 10.33 10.31 11.05 10.73 10.76 11.43 11.53 11.85 11.47 11.7 12.1 
9.15 10.42 10.55 10.8 10.63 10.78 11.39 11.03 11.35 10.57 10.94 11.76 
9.15 10.7 10.29 10.66 10.39 10.74 11.3 11.18 11.46 11.34 11.61 11.89 
9.21 10.64 10.56 10.37 10.2 10.33 10.89 11.29 11.61 10.67 10.8 11.59 
9.17 10.75 10.7 10.75 10.4 10.61 11.17 11.87 12.19 11.4 11.72 12.11 
9.01 10.95 10.64 10.84 10.2 10.29 11.15 11.59 11.88 10.77 10.92 11.78 
9.13 10.9 10.62 10.91 10.66 11.03 11.41 11.41 11.76 11.4 11.57 11.76 
9.05 10.45 10.5 10.67 10.6 10.59 11.41 11.2 11.48 10.74 10.59 11.41 
9.55 10.71 10.73 10.48 10.37 10.83 11.39 11.51 11.75 11.31 11.46 11.91 
9.07 10.45 10.53 10.53 10.25 10.95 11.15 10.99 11.18 10.47 10.5 11.5 
9.05 10.91 10.56 10.47 10.4 11.42 11.42 11.45 11.73 11.21 11.48 11.84 
9.05 10.86 10.78 10.69 10.68 11.32 11.29 11.09 11.59 10.69 10.71 11.42 
9.26 10.79 10.46 10.58 10.52 11.17 11.25 11.19 11.7 11.42 11.77 12.11 
9.1 10.7 10.92 10.84 10.66 11.64 11.32 11.15 11.77 10.79 10.95 11.58 
9.06 11.05 10.87 10.84 10.84 11.65 11.27 11.13 11.7 11.27 11.47 11.69 
9.15 11.17 10.66 10.68 11.18 11.36 11.08 10.71 11.33 10.6 10.53 11.29 
8.98 10.78 10.36 10.62 11.05 11.42 11.26 11.2 11.64 11.7 12.11 12.39 
8.86 10.62 10.35 10.6 10.84 10.9 10.76 10.76 11.05 11.31 12.08 12.26 
9.11 10.51 10.72 10.46 10.55 10.89 10.93 11.04 11.06 11.28 11.65 11.94 
9.06 10.6 10.64 10.15 10.23 10.44 10.43 10.64 10.78 11.21 11.53 11.89 
9.12 10.6 10.42 10.54 10.51 10.75 11.04 11.1 11.12 11.41 11.64 12.17 
9.08 10.94 10.23 10.12 10.36 10.5 10.99 10.96 11.48 12.19 12.8 12.76 
9.35 10.98 10.32 10.49 10.62 10.69 11.26 11.17 11.43 12.01 12.46 12.45 
9.71 11.22 10.53 10.2 10.54 10.47 11.13 10.91 11.39 12.05 12.65 12.6 
9.65 11.06 10.23 10.24 10.35 10.51 11.23 11.01 11.29 11.77 12.25 12.31 
9.45 10.56 9.81 9.6 10.06 9.94 10.66 10.51 11.09 11.96 12.45 12.51 
9.37 10.58 9.53 9.34 9.75 9.68 10.43 10.21 10.81 11.65 12.27 12.1 
9.47 10.75 9.59 9.34 9.69 9.82 10.35 10.44 11.04 11.94 12.59 12.39 
9.3 10.52 9.28 8.93 9.34 9.44 9.89 10.08 10.67 11.56 12.21 11.98 
9.32 10.48 9.22 9.06 9.34 9.61 9.96 10.34 10.92 11.9 12.43 12.48 
9.4 10.51 9.23 8.81 9.01 9.41 9.81 10.08 10.71 11.61 12.24 12.05 
9.49 10.83 9.71 9.51 9.52 10.13 10.44 10.74 11.36 12.3 12.91 12.84 
9.43 10.8 9.66 9.47 9.42 10.11 10.41 10.71 11.37 12.31 12.92 12.85 
9.03 10.42 10.15 10.16 10.78 10.13 10.49 10.47 10.79 11.33 11.8 12.4 
9.11 11.0 10.72 10.93 10.78 10.69 11.05 11.51 11.72 11.56 11.94 12.21 
9.1 10.89 10.48 10.61 11.14 11.09 11.21 11.0 11.65 11.0 11.33 11.79 
8.98 11.02 10.68 10.71 11.25 10.85 11.13 11.59 11.91 11.41 11.86 12.09 
9.0 10.48 10.92 10.67 10.98 10.61 11.07 11.11 11.69 11.07 11.46 11.88 
8.92 10.64 10.7 10.61 11.2 11.27 11.52 11.24 11.77 11.48 11.99 12.3 
9.13 10.97 10.37 10.58 11.36 10.65 11.07 11.02 11.34 10.99 11.42 11.85 
9.13 10.99 10.62 10.65 11.19 11.31 11.61 11.25 11.72 11.39 11.88 12.03 
8.74 11.23 10.06 10.62 10.73 11.35 10.95 10.72 11.17 10.81 10.98 11.76 
8.82 11.02 10.29 10.79 10.78 11.4 11.25 11.33 11.53 11.48 11.85 12.13 
8.72 10.89 10.36 10.76 10.51 11.34 11.13 11.39 11.52 10.99 11.51 11.82 
8.76 10.71 10.56 10.85 10.8 11.25 11.17 11.68 11.79 11.57 12.02 12.19 
9.12 11.2 11.04 10.86 10.52 11.11 11.02 11.32 11.48 11.06 11.45 11.95 
9.09 11.06 10.46 10.64 10.77 11.48 11.39 11.55 11.69 11.51 11.94 12.08 
9.07 11.12 10.41 10.56 10.71 11.24 11.37 10.93 11.45 10.96 11.42 11.77 
9.17 11.26 10.85 10.72 10.76 11.3 11.27 11.58 11.77 12.09 12.61 12.61 
9.11 10.89 10.38 10.52 10.95 10.72 10.84 11.16 11.19 11.09 11.33 11.9 
9.09 11.1 10.57 10.78 10.9 10.99 11.24 11.41 11.54 11.55 12.02 12.19 
8.94 11.0 10.44 10.58 10.9 10.85 11.16 10.98 11.26 10.93 11.38 11.81 
8.98 10.77 10.8 10.7 11.31 11.43 11.67 11.36 11.68 11.52 11.92 12.12 
8.94 10.69 10.6 10.82 11.21 11.07 11.23 11.11 11.42 10.99 11.34 11.92 
8.92 10.91 10.56 10.62 11.18 11.22 11.47 11.23 11.75 11.5 12.06 12.4 
9.05 10.8 10.42 10.44 11.31 11.04 11.32 10.89 11.34 10.84 11.31 11.79 
9.14 10.84 10.51 10.61 11.13 11.48 11.53 11.27 11.6 11.77 12.38 12.51 
8.82 11.2 10.03 10.66 10.95 11.14 10.91 11.13 11.32 10.98 11.31 11.82 
8.95 11.1 10.18 10.92 10.63 11.2 11.06 11.08 11.24 11.51 11.77 12.14 
8.91 11.06 10.43 11.05 10.43 11.26 11.0 11.3 11.61 11.04 11.58 11.88 
8.74 10.7 10.4 10.69 10.88 11.46 11.4 11.57 11.82 11.49 11.86 12.06 
9.06 10.76 10.48 10.71 10.53 11.18 11.02 11.26 11.62 11.41 11.95 12.25 
9.06 11.08 10.62 10.83 10.57 11.2 11.33 11.21 11.57 11.63 12.01 12.13 
9.42 11.18 10.32 10.47 10.79 11.16 11.42 11.32 11.68 11.3 11.93 11.93 
9.57 11.13 10.26 10.6 10.88 11.45 11.53 11.26 11.65 11.68 12.0 12.13 
9.11 10.78 10.27 10.65 10.91 10.75 10.92 10.87 11.17 11.25 11.77 12.35 
9.3 11.03 10.84 10.82 10.66 11.0 11.12 11.11 11.33 11.49 11.89 12.23 
8.95 10.73 10.72 10.71 11.13 10.96 11.19 11.16 11.9 11.0 11.63 11.76 
8.99 10.76 10.49 10.66 11.26 11.2 11.43 11.25 11.64 11.43 11.99 12.21 
8.95 10.8 10.63 10.54 11.19 10.8 11.09 11.38 11.54 11.0 11.46 11.85 
9.07 10.68 10.81 10.76 11.23 10.99 11.33 11.69 11.73 11.6 12.08 12.13 
9.0 10.86 10.44 10.93 11.29 11.16 11.33 11.16 11.45 10.98 11.43 11.79 
8.96 10.97 10.43 10.61 11.25 11.21 11.45 11.53 11.57 11.45 11.95 12.11 
8.81 11.06 10.16 10.5 10.64 11.1 10.76 11.21 11.4 11.12 11.7 11.99 
8.86 11.18 10.2 10.99 10.63 11.37 11.05 10.98 11.27 11.46 11.8 12.15 
8.96 11.13 10.47 10.83 10.6 11.38 10.73 11.43 11.78 11.13 11.59 11.83 
8.86 10.97 10.66 10.74 10.6 11.39 11.18 11.76 11.8 11.6 12.09 12.09 
9.0 10.93 10.57 11.12 10.67 11.26 11.12 11.27 11.55 11.04 11.45 11.83 
9.08 10.97 10.74 10.99 10.78 11.26 11.29 11.54 11.69 11.53 12.03 12.09 
9.01 11.0 10.76 10.58 10.63 11.09 10.94 11.28 11.4 11.13 11.31 11.76 
9.0 11.23 10.14 10.72 10.97 11.32 11.35 11.48 11.74 12.1 12.68 12.69 
9.09 10.91 10.38 10.5 11.12 10.77 10.92 10.98 11.13 10.94 11.17 11.85 
9.24 11.05 10.67 10.55 10.76 10.87 11.11 11.18 11.49 11.46 11.85 12.17 
9.15 11.03 10.92 10.73 10.8 11.06 11.03 11.05 11.57 11.01 11.66 11.75 
9.06 10.9 10.62 10.59 11.27 11.25 11.46 11.28 11.61 11.43 11.85 12.06 
8.93 10.66 10.59 10.54 11.16 10.88 11.03 11.06 11.35 10.93 11.34 11.81 
8.99 10.71 10.49 10.67 11.32 11.11 11.48 11.37 11.65 11.46 11.95 12.06 
8.97 10.88 10.43 10.88 11.17 10.78 11.34 11.13 11.49 10.99 11.37 11.72 
9.01 10.84 10.69 10.65 11.26 11.36 11.62 11.31 11.69 11.85 12.32 12.32 
8.79 11.12 10.13 10.67 10.93 11.11 10.9 11.06 11.25 10.86 11.16 11.83 
8.89 11.05 10.11 10.91 10.72 11.31 11.07 11.1 11.32 11.49 11.81 12.2 
8.95 10.95 10.34 11.03 10.79 11.44 11.12 11.39 11.83 11.04 11.45 11.75 
8.8 10.93 10.42 10.82 10.87 11.51 11.28 11.27 11.67 11.42 11.97 11.98 
8.95 10.84 10.36 10.71 10.58 11.18 11.09 11.16 11.52 11.36 11.79 12.1 
8.92 10.98 10.1 10.62 10.79 11.24 11.33 11.12 11.53 11.63 12.07 12.22 
9.54 11.13 10.35 10.71 10.75 11.19 11.34 11.27 11.46 11.36 11.73 11.99 
9.56 11.11 10.33 10.46 10.73 11.44 11.42 11.29 11.55 11.75 12.04 12.34 
9.13 10.69 10.25 10.5 11.03 10.87 10.93 10.85 11.13 11.52 12.14 12.61 
9.2 11.05 10.41 10.75 10.82 10.96 11.03 11.09 11.27 11.52 11.87 12.24 
9.26 11.25 10.38 11.21 11.17 11.25 10.73 10.67 11.46 10.88 11.34 11.77 
9.18 11.02 10.97 10.71 10.97 10.79 11.12 11.54 11.76 11.53 12.05 12.18 
9.02 10.69 10.83 10.41 11.08 10.9 11.21 11.41 11.63 10.88 11.7 11.87 
9.03 10.58 10.41 10.72 11.19 11.06 11.41 11.29 11.75 11.46 11.95 12.09 
8.93 10.74 10.46 10.76 11.44 11.17 11.0 10.89 11.35 10.78 11.27 11.69 
8.96 10.77 10.37 10.76 11.34 11.29 11.46 11.45 11.63 11.42 11.92 12.06 
8.77 11.07 10.35 10.67 10.77 11.08 10.79 11.25 11.34 10.93 11.14 11.86 
8.8 11.09 10.54 10.84 10.53 11.44 11.24 11.39 11.55 11.52 11.94 12.16 
8.74 10.98 10.48 10.9 10.51 11.27 11.04 11.05 11.39 10.99 11.45 11.82 
8.91 11.21 10.55 10.77 10.88 11.43 11.46 11.43 11.62 11.57 12.01 12.15 
9.25 11.23 10.46 10.67 10.33 11.2 11.04 10.92 11.31 11.15 11.42 11.97 
9.09 11.24 10.56 10.75 10.47 11.12 11.18 11.29 11.57 11.72 12.05 12.21 
8.95 10.71 10.54 10.58 10.83 11.38 11.5 11.22 11.71 11.0 11.6 11.78 
9.02 11.01 10.84 10.89 10.88 11.28 11.41 11.63 11.88 12.11 12.63 12.64 
9.04 10.96 10.56 10.74 11.04 10.76 10.94 11.2 11.21 11.01 11.24 11.91 
9.08 11.23 10.75 10.74 10.89 10.88 11.12 11.64 11.76 11.58 11.94 12.21 
9.39 11.35 10.62 11.02 10.9 10.81 10.8 11.33 11.51 10.9 11.24 11.78 
9.18 11.16 10.61 10.83 11.35 11.33 11.53 11.54 11.66 11.4 11.92 12.11 
9.17 11.14 10.9 10.44 10.94 10.74 10.96 11.39 11.46 11.12 11.91 12.16 
9.03 10.65 10.77 10.52 11.14 11.31 11.52 11.48 11.65 11.47 11.87 12.06 
8.98 10.6 10.72 10.72 10.92 10.65 11.11 11.08 11.24 10.95 11.41 11.85 
9.03 10.94 10.58 10.61 11.15 11.18 11.51 11.48 11.69 11.78 12.31 12.34 
8.69 10.87 10.21 10.53 10.87 11.04 10.82 11.41 11.39 10.93 11.13 11.83 
8.88 11.19 10.27 11.01 10.55 11.32 11.09 11.29 11.39 11.53 11.79 12.17 
8.89 10.95 10.42 10.8 10.38 11.26 10.91 11.24 11.64 11.39 12.11 12.29 
8.87 11.01 10.81 11.14 10.44 11.29 11.17 11.79 11.94 11.63 12.03 12.06 
9.56 11.68 11.05 11.39 11.06 11.71 11.51 11.84 11.99 11.87 12.27 12.68 
8.83 10.6 9.95 10.14 10.17 10.9 10.83 10.75 11.16 11.18 11.69 11.81 
9.56 10.97 10.5 10.32 10.38 10.97 10.86 11.21 11.53 11.28 11.7 11.96 
9.49 10.98 10.34 10.47 10.79 11.28 11.4 11.36 11.63 11.81 12.02 12.28 
8.46 10.52 10.22 10.54 11.02 10.87 10.95 10.86 11.14 11.34 11.61 12.27 
8.74 10.82 11.01 10.96 10.79 11.01 10.88 10.8 11.05 10.94 11.35 12.01 
8.66 10.83 10.76 11.05 11.38 11.1 11.43 11.48 12.03 11.19 11.75 12.02 
8.63 10.92 10.67 10.72 11.4 11.21 11.34 11.1 11.55 11.09 11.77 12.28 
8.83 11.47 11.19 11.22 11.98 11.48 11.66 12.01 12.24 11.61 12.15 12.56 
8.45 10.52 10.4 10.59 10.87 10.38 10.63 10.98 11.06 10.59 11.1 11.46 
8.56 11.05 10.54 10.98 11.24 11.1 11.5 11.31 11.57 11.09 11.61 11.98 
8.5 10.98 10.48 10.67 11.43 11.11 11.48 11.37 11.41 11.0 11.45 12.01 
7.98 11.23 10.27 10.63 11.15 11.34 11.04 11.55 11.65 11.38 11.84 12.25 
8.03 11.32 9.91 10.99 10.66 11.53 10.87 10.87 11.24 11.16 11.39 12.11 
8.07 11.04 10.74 11.33 11.03 11.6 10.94 11.76 12.01 11.35 11.83 12.15 
8.01 11.15 10.78 10.87 10.74 11.53 11.12 11.76 11.83 11.29 11.92 12.05 
9.02 11.58 11.09 11.64 11.22 11.91 11.8 11.93 12.18 11.68 12.05 12.56 
8.29 10.66 10.32 10.65 10.27 10.94 10.77 10.86 11.13 10.67 11.14 11.43 
9.05 11.7 11.19 11.26 10.97 11.56 11.66 11.95 12.13 11.76 12.02 12.5 
8.33 10.58 9.96 10.29 10.49 10.83 10.74 10.82 11.01 10.83 11.37 11.69 
8.57 10.91 10.53 10.79 11.19 10.95 11.08 11.3 11.38 10.89 10.8 11.2 
8.83 11.17 10.73 10.78 11.1 10.75 10.9 10.98 11.3 10.81 11.13 11.32 
8.99 11.43 11.63 11.51 11.45 11.56 11.77 11.68 12.25 11.43 12.34 11.93 
8.27 10.37 10.23 10.24 10.96 10.82 10.87 10.57 11.03 10.38 10.68 10.84 
9.21 11.5 11.05 11.31 11.89 11.48 11.76 11.78 12.11 11.37 11.85 12.03 
8.19 10.49 10.16 10.21 11.04 10.42 10.95 10.7 10.97 10.29 10.73 10.73 
9.2 11.54 11.08 11.71 12.04 11.32 12.0 11.68 12.11 11.38 11.99 11.81 
8.22 10.63 10.3 10.51 10.74 10.83 11.18 10.65 11.09 10.48 11.01 10.69 
8.06 11.39 10.34 10.78 11.01 11.42 11.1 11.21 11.43 10.85 11.05 11.52 
8.09 11.09 10.03 11.09 10.74 11.3 10.93 10.91 11.12 10.89 10.87 11.3 
7.96 11.0 10.75 11.22 11.03 11.6 11.44 11.66 12.08 11.09 11.51 11.41 
7.92 11.04 10.83 11.07 11.02 11.7 11.28 11.23 11.68 10.93 11.54 11.33 
9.0 11.83 11.21 11.33 11.38 11.94 11.92 11.85 12.17 11.55 11.89 12.08 
8.33 10.84 10.21 10.13 10.43 10.9 10.94 10.41 11.04 10.61 11.08 11.17 
8.74 11.32 10.84 10.87 10.98 11.4 11.53 11.48 11.69 11.14 11.31 11.35 
8.71 11.15 10.5 10.72 11.02 11.7 11.61 11.17 11.58 11.02 11.2 11.38 
8.67 11.11 10.1 10.36 10.49 11.13 11.23 10.91 11.24 11.84 12.54 12.29 
7.73 10.77 9.91 10.15 10.43 10.83 11.0 10.63 11.08 11.91 12.55 12.31 
9.08 11.18 10.35 10.28 10.52 10.78 11.09 11.09 11.64 12.59 13.23 13.06 
3.28 4.68 4.71 4.81 4.79 4.99 5.13 4.41 4.49 4.61 4.64 4.5 
