maxTimeSong 258.34
 ---beats--- 
0.47 1.01 1.44 1.87 2.44 2.91 3.38 3.84 4.31 4.78 5.25 5.72 6.19 6.66 7.13 7.6 8.07 8.54 9.01 9.48 9.94 10.41 10.88 11.35 11.82 12.29 12.76 13.23 13.69 14.16 14.63 15.1 15.57 16.04 16.51 16.98 17.44 17.91 18.38 18.85 19.32 19.79 20.26 20.73 21.19 21.66 22.13 22.6 23.07 23.54 24.01 24.48 24.95 25.41 25.88 26.35 26.82 27.29 27.76 28.23 28.7 29.16 29.63 30.1 30.57 31.04 31.51 31.98 32.44 32.91 33.38 33.85 34.32 34.79 35.26 35.73 36.19 36.66 37.13 37.6 38.07 38.54 39.01 39.48 39.95 40.41 40.88 41.35 41.82 42.29 42.76 43.23 43.69 44.16 44.63 45.1 45.57 46.04 46.51 46.98 47.44 47.91 48.38 48.85 49.32 49.79 50.26 50.73 51.19 51.66 52.13 52.6 53.07 53.54 54.01 54.48 54.95 55.41 55.88 56.35 56.82 57.29 57.76 58.23 58.7 59.16 59.63 60.1 60.57 61.04 61.51 61.98 62.44 62.91 63.38 63.85 64.32 64.79 65.26 65.73 66.2 66.66 67.13 67.59 68.07 68.54 69.0 69.47 69.94 70.41 70.88 71.34 71.82 72.23 72.76 73.21 73.66 74.1 74.57 74.98 75.53 75.94 76.37 76.87 77.34 77.81 78.29 78.75 79.21 79.68 80.15 80.62 81.09 81.56 82.04 82.5 82.97 83.43 83.91 84.45 84.96 85.42 85.88 86.35 86.82 87.29 87.76 88.23 88.7 89.17 89.63 90.1 90.57 91.04 91.51 91.98 92.45 92.92 93.38 93.85 94.32 94.79 95.26 95.73 96.2 96.67 97.13 97.6 98.07 98.54 99.01 99.48 99.95 100.42 100.88 101.35 101.82 102.29 102.76 103.23 103.7 104.16 104.63 105.1 105.57 106.04 106.51 106.98 107.45 107.91 108.38 108.85 109.32 109.79 110.26 110.73 111.2 111.66 112.13 112.6 113.07 113.54 114.01 114.48 114.95 115.41 115.88 116.35 116.82 117.29 117.76 118.23 118.69 119.16 119.63 120.1 120.57 121.04 121.51 121.98 122.45 122.91 123.38 123.85 124.32 124.79 125.26 125.73 126.19 126.66 127.13 127.6 128.07 128.54 129.01 129.48 129.95 130.43 130.88 131.35 131.82 132.29 132.76 133.22 133.69 134.16 134.63 135.1 135.57 136.04 136.51 136.97 137.45 137.91 138.38 138.85 139.32 139.79 140.26 140.72 141.2 141.66 142.13 142.6 143.07 143.54 144.01 144.47 144.95 145.41 145.88 146.36 146.85 147.3 147.76 148.22 148.7 149.17 149.63 150.1 150.57 151.04 151.51 151.97 152.45 152.91 153.38 153.85 154.32 154.79 155.26 155.72 156.2 156.67 157.13 157.6 158.07 158.54 159.01 159.47 159.95 160.41 160.88 161.35 161.82 162.29 162.76 163.22 163.7 164.16 164.63 165.1 165.57 166.04 166.51 166.98 167.45 167.91 168.38 168.85 169.32 169.79 170.26 170.73 171.2 171.66 172.13 172.6 173.07 173.54 174.01 174.48 174.95 175.41 175.88 176.35 176.82 177.29 177.76 178.23 178.69 179.16 179.63 180.1 180.57 181.04 181.51 181.98 182.45 182.91 183.38 183.85 184.32 184.79 185.26 185.73 186.2 186.66 187.13 187.6 188.07 188.54 189.01 189.48 189.95 190.41 190.88 191.35 191.82 192.29 192.76 193.34 193.81 194.28 194.73 195.22 195.68 196.18 196.68 197.22 197.65 198.15 198.62 199.09 199.56 200.03 200.49 201.0 201.45 201.9 202.34 202.78 203.32 203.77 204.23 204.75 205.21 205.67 206.12 206.59 207.06 207.53 208.0 208.48 208.95 209.41 209.82 210.27 210.72 211.28 211.76 212.23 212.69 213.16 213.63 214.09 214.57 215.03 215.5 215.97 216.44 217.03 217.57 218.07 218.54 219.0 219.46 219.92 220.42 220.86 221.33 221.81 222.28 222.76 223.23 223.7 224.17 224.63 225.1 225.57 226.04 226.51 226.98 227.45 227.91 228.38 228.85 229.32 229.79 230.26 230.73 231.2 231.67 232.13 232.6 233.07 233.54 234.01 234.48 234.95 235.41 235.88 236.35 236.82 237.29 237.76 238.23 238.7 239.16 239.63 240.1 240.57 241.04 241.51 241.98 242.45 242.91 243.38 243.85 244.32 244.79 245.26 245.73 246.2 246.67 247.13 247.6 248.07 248.54 249.01 249.48 249.95 250.41 250.88 251.35 251.82 252.29 252.77 253.29 253.76 
 ---spectro--- 
541 12
7.74 9.1 7.76 7.59 8.34 8.9 9.17 9.71 9.83 9.29 9.39 9.77 
10.03 11.0 9.38 9.42 10.07 11.01 11.26 11.77 11.76 11.56 11.62 12.1 
10.21 10.59 9.84 9.77 10.24 11.28 11.76 12.27 12.1 11.66 11.43 11.77 
10.03 10.67 9.91 9.92 10.27 11.11 11.8 12.44 12.37 11.92 11.56 11.61 
10.09 10.52 9.82 9.71 10.11 11.06 11.54 11.94 11.82 11.64 11.44 11.66 
10.02 10.22 9.57 9.58 10.15 11.15 11.35 11.76 11.59 11.46 11.43 11.82 
10.03 10.22 9.38 9.15 9.68 11.11 11.52 11.58 11.71 11.23 11.3 11.75 
8.7 9.45 8.39 8.19 8.76 9.79 10.32 10.8 11.01 10.72 10.71 11.05 
7.87 8.97 8.28 8.14 8.69 9.18 9.76 10.68 11.06 11.1 11.0 11.18 
7.7 8.85 8.51 8.55 9.51 9.54 10.31 11.22 11.62 11.84 11.8 11.81 
8.32 9.65 8.78 8.51 9.69 9.59 10.36 11.48 11.98 12.25 12.3 12.36 
8.16 9.7 8.82 8.67 9.98 9.75 10.64 11.52 12.23 12.55 12.57 12.74 
9.2 10.03 8.99 8.99 9.95 9.59 10.21 11.32 12.23 12.64 12.79 13.09 
8.89 10.31 9.0 9.2 10.17 9.74 10.28 11.2 12.08 12.59 12.89 13.39 
9.54 10.78 8.97 8.97 10.05 9.45 10.05 10.74 11.76 12.45 12.87 13.59 
10.07 11.41 9.84 9.61 10.29 10.31 10.81 11.26 11.87 11.94 12.09 12.37 
9.25 11.06 9.43 9.23 10.21 10.03 10.22 10.4 10.65 10.79 10.81 10.86 
6.83 9.71 7.47 7.58 9.3 8.59 8.83 7.96 7.19 7.09 6.64 6.46 
6.49 9.22 6.93 7.31 8.72 8.21 8.42 7.5 6.26 5.85 5.95 6.51 
11.02 12.34 10.76 10.48 10.98 11.66 12.04 12.7 12.87 12.41 12.6 12.91 
10.57 11.26 10.19 9.89 10.36 11.4 11.66 12.09 12.11 12.14 12.12 12.59 
10.32 10.84 9.87 9.83 10.05 11.03 11.58 12.07 12.02 11.57 11.36 11.55 
10.21 10.81 9.95 9.67 9.95 10.86 11.45 12.0 12.07 11.84 11.63 11.86 
10.13 10.61 9.79 9.4 9.93 10.7 11.1 11.51 11.47 11.11 11.04 11.28 
9.99 10.53 9.69 9.19 9.67 10.89 11.22 11.41 11.67 11.57 11.58 12.03 
10.0 10.96 9.83 9.45 9.39 10.42 10.92 11.04 11.07 10.21 10.16 10.36 
9.86 10.45 9.29 8.81 8.66 9.64 10.08 10.39 10.75 10.44 10.15 10.41 
10.02 11.18 9.57 9.32 9.8 10.45 10.85 11.5 11.69 11.22 11.42 11.73 
10.14 10.76 9.68 9.38 9.85 10.89 11.15 11.59 11.6 11.64 11.62 12.08 
10.09 10.57 9.6 9.55 9.78 10.75 11.3 11.8 11.74 11.3 11.07 11.27 
10.08 10.64 9.8 9.51 9.79 10.7 11.29 11.84 11.91 11.68 11.47 11.7 
10.11 10.54 9.67 9.5 9.89 10.79 11.17 11.54 11.44 11.15 11.06 11.31 
10.13 10.54 9.64 9.41 9.85 10.86 11.11 11.5 11.49 11.56 11.53 11.97 
9.97 10.21 9.38 9.11 9.43 10.78 11.2 11.24 11.43 10.9 11.0 11.38 
10.22 10.69 9.6 9.08 8.87 10.09 10.45 10.77 11.06 10.81 10.55 10.82 
9.51 10.62 9.06 8.8 9.31 9.94 10.31 10.95 11.1 10.66 10.85 11.16 
10.57 11.18 10.08 9.77 10.25 11.33 11.61 12.06 12.07 12.11 12.09 12.56 
9.61 10.1 9.15 9.11 9.32 10.26 10.79 11.27 11.21 10.78 10.57 10.75 
10.07 10.63 9.78 9.5 9.78 10.68 11.27 11.82 11.89 11.66 11.45 11.68 
10.46 10.98 10.14 9.73 10.24 11.06 11.46 11.89 11.86 11.5 11.43 11.68 
9.5 10.0 9.19 8.7 9.18 10.35 10.68 10.86 11.11 10.99 11.01 11.45 
9.96 10.92 9.8 9.41 9.34 10.38 10.88 11.0 11.03 10.18 10.12 10.32 
10.26 10.9 9.71 9.23 9.05 10.07 10.53 10.84 11.19 10.9 10.6 10.87 
9.59 10.69 9.12 8.88 9.36 9.97 10.36 10.99 11.16 10.71 10.9 11.21 
10.13 10.75 9.67 9.37 9.84 10.88 11.15 11.59 11.59 11.63 11.61 12.08 
10.07 10.57 9.6 9.55 9.77 10.75 11.3 11.79 11.74 11.3 11.08 11.27 
10.07 10.64 9.79 9.51 9.79 10.7 11.28 11.84 11.91 11.67 11.47 11.7 
10.1 10.56 9.68 9.5 9.88 10.79 11.17 11.53 11.44 11.14 11.05 11.3 
10.1 10.58 9.72 9.47 9.86 10.88 11.11 11.49 11.48 11.56 11.52 11.98 
10.0 10.21 9.39 9.12 9.44 10.84 11.29 11.46 11.53 10.91 10.99 11.37 
9.81 10.24 9.15 8.65 8.51 9.67 10.1 10.59 11.1 11.18 11.42 11.88 
9.96 11.08 9.67 9.33 9.74 10.41 10.83 11.52 12.17 12.11 12.19 12.18 
10.08 10.68 9.97 9.47 9.83 10.85 11.13 11.57 11.8 11.95 12.04 12.26 
10.02 10.55 9.79 9.6 9.75 10.72 11.25 11.78 11.92 11.76 11.73 11.75 
10.06 10.61 9.94 9.63 9.83 10.69 11.28 11.81 11.96 11.91 11.89 12.13 
10.07 10.53 9.87 9.86 9.94 10.78 11.17 11.53 11.56 11.55 11.6 11.79 
10.1 10.61 9.74 9.85 9.87 10.85 11.14 11.49 11.57 11.82 11.91 12.28 
9.98 10.23 9.51 9.56 9.54 10.79 11.24 11.26 11.54 11.36 11.54 11.9 
9.81 10.2 9.33 9.57 9.05 10.0 10.46 10.71 11.23 11.57 11.75 12.11 
9.92 11.06 9.66 9.89 9.81 10.45 10.78 11.46 11.72 11.55 11.79 12.15 
10.09 10.71 9.68 9.62 10.03 10.87 11.11 11.55 11.63 11.84 11.92 12.3 
10.03 10.56 9.64 9.56 9.95 10.71 11.27 11.77 11.77 11.54 11.52 11.78 
10.06 10.58 9.85 9.58 10.02 10.7 11.27 11.82 11.92 11.86 11.86 12.13 
10.0 10.49 9.7 9.34 9.89 10.66 10.98 11.43 11.47 11.41 11.56 11.86 
9.93 10.44 9.65 9.26 9.85 10.85 11.14 11.36 11.67 11.78 11.89 12.25 
9.94 10.9 9.8 9.49 9.56 10.62 10.92 11.09 11.39 11.27 11.48 11.8 
9.85 10.42 9.39 9.05 9.21 10.41 10.58 10.83 11.4 11.66 11.81 12.16 
9.99 11.13 9.69 9.41 9.8 10.77 10.9 11.6 12.23 12.17 12.25 12.36 
10.08 10.71 9.68 9.44 9.85 10.93 11.16 11.6 11.86 11.97 12.05 12.32 
10.49 11.0 10.13 10.04 10.23 11.33 11.87 12.34 12.5 12.3 12.26 12.47 
10.07 10.61 9.78 9.54 9.82 10.77 11.36 11.81 11.97 11.9 11.88 12.17 
9.67 10.05 9.24 9.11 9.46 10.3 10.77 11.05 11.09 11.06 11.1 11.36 
10.11 10.53 9.64 9.46 9.84 10.88 11.23 11.51 11.58 11.81 11.86 12.22 
9.97 10.2 9.4 9.11 9.45 10.81 11.31 11.25 11.55 11.41 11.48 11.8 
9.81 10.22 9.24 8.88 8.92 9.96 10.74 10.89 11.26 11.62 11.73 12.04 
10.34 11.55 9.95 9.66 10.26 10.89 11.49 12.06 12.35 12.16 12.3 12.61 
9.64 10.21 9.17 8.91 9.37 10.36 10.73 11.12 11.18 11.37 11.4 11.76 
10.46 10.99 10.0 9.91 10.2 11.19 11.85 12.37 12.33 12.16 12.1 12.27 
10.05 10.6 9.78 9.53 9.76 10.7 11.27 11.85 11.94 11.87 11.89 12.09 
9.58 10.02 9.26 8.86 9.38 10.12 10.53 11.07 11.03 10.97 11.12 11.3 
9.91 10.43 9.6 9.17 9.6 10.8 11.17 11.54 11.73 11.81 11.93 12.26 
9.9 10.89 9.78 9.41 9.4 10.39 10.9 11.43 11.6 11.46 11.64 11.82 
9.83 10.39 9.33 8.91 8.9 9.79 10.46 10.97 11.47 11.69 11.86 12.1 
10.16 10.88 10.11 9.77 10.06 10.5 10.8 11.63 12.58 12.5 12.42 12.05 
9.76 10.58 9.92 9.75 10.03 10.3 10.55 11.96 12.41 11.94 11.6 11.46 
9.73 10.49 9.77 9.41 9.85 9.7 10.02 11.65 12.43 11.63 11.14 10.55 
9.74 10.65 10.08 9.52 9.78 9.96 10.22 11.63 12.13 11.39 11.08 10.99 
9.36 9.96 9.29 9.06 9.5 10.05 10.06 10.57 11.02 10.41 10.56 10.34 
9.79 10.49 9.81 10.06 10.29 11.17 11.08 11.1 11.32 11.08 11.34 11.74 
9.79 10.3 9.46 10.11 10.74 11.57 11.64 11.62 11.07 10.16 10.56 10.77 
9.81 10.35 9.59 9.51 9.94 10.8 10.92 11.07 11.02 10.73 10.79 11.1 
9.75 10.67 9.61 9.67 9.99 10.66 10.68 11.2 11.43 10.62 9.97 9.71 
9.83 10.52 9.78 9.6 10.39 10.62 10.62 11.57 12.0 11.68 11.06 10.92 
9.75 10.5 9.64 9.51 10.19 10.41 10.25 11.42 12.08 11.38 10.17 9.41 
9.75 10.51 10.24 9.36 9.89 10.17 10.31 11.14 11.66 11.16 10.57 10.58 
9.85 10.45 9.91 9.39 10.04 10.37 10.6 10.86 11.13 10.52 10.51 10.52 
9.79 10.52 9.99 10.28 10.78 11.45 11.26 11.09 11.19 10.91 11.14 11.64 
9.28 9.93 9.46 9.93 11.03 11.99 10.87 10.7 10.13 9.39 9.75 10.43 
9.79 10.58 9.47 9.45 10.29 11.19 10.73 10.77 10.81 10.57 10.53 11.03 
9.79 10.7 9.85 9.42 10.23 10.8 10.36 10.83 11.15 10.44 9.93 9.59 
9.78 10.79 9.92 9.62 10.31 10.44 10.53 11.88 12.49 12.04 11.32 11.07 
9.73 10.55 9.85 9.51 9.97 9.93 10.08 11.66 12.77 12.1 10.94 10.28 
9.7 10.58 10.05 9.28 9.63 9.98 10.26 11.14 12.0 11.64 10.9 10.86 
9.81 10.37 9.67 9.37 9.95 10.39 10.71 10.82 11.39 10.89 10.61 10.56 
9.82 10.48 9.8 9.92 9.99 10.98 11.35 11.21 11.31 11.23 11.29 11.71 
9.82 10.26 9.55 10.03 10.6 11.68 11.56 11.25 10.96 10.02 10.24 10.58 
9.8 10.38 9.52 9.34 9.78 10.84 10.86 10.81 10.99 11.08 11.25 11.31 
9.82 10.52 9.68 9.4 9.86 10.71 10.6 10.98 11.3 10.78 10.6 10.25 
9.8 10.48 9.83 9.64 9.99 10.55 10.57 11.57 12.4 11.97 11.26 11.17 
9.73 10.42 9.71 9.41 9.73 10.06 10.11 11.45 12.52 11.87 10.85 10.25 
9.72 10.4 10.24 9.34 9.38 10.09 10.2 11.02 11.93 11.63 10.91 10.89 
9.41 9.88 9.8 9.5 9.87 10.72 9.96 10.38 11.06 10.47 10.0 10.12 
7.4 9.21 9.53 10.25 11.13 11.87 10.98 10.83 10.75 9.83 9.68 10.53 
7.1 8.91 9.31 10.05 11.2 11.91 11.93 11.69 10.91 9.75 10.15 10.7 
9.26 10.46 10.06 10.04 10.39 11.28 11.31 11.44 11.39 10.88 11.14 11.49 
10.15 11.32 10.1 9.97 10.34 10.95 11.18 11.9 12.52 12.42 12.48 12.45 
10.12 10.85 10.08 9.81 10.18 11.0 11.2 11.9 12.57 12.53 12.18 12.23 
10.03 10.72 10.01 9.79 10.21 10.94 11.28 12.01 12.36 12.07 11.92 11.78 
10.01 10.76 10.14 9.99 10.34 10.77 11.23 12.02 12.21 11.94 11.88 11.89 
10.03 10.56 10.1 10.3 10.45 10.92 11.25 11.79 11.75 11.68 11.8 11.81 
10.06 10.48 9.89 10.11 10.66 11.49 11.58 11.66 11.63 11.74 11.84 12.07 
9.89 10.19 9.57 9.63 10.32 11.57 11.7 11.53 11.59 11.46 11.71 11.75 
9.71 10.21 9.3 9.23 9.75 10.61 10.71 10.88 11.16 11.42 11.66 11.57 
9.87 11.02 9.64 9.54 10.08 10.84 10.92 11.56 11.84 11.76 11.96 12.07 
10.02 10.75 9.96 9.95 10.49 11.02 11.16 11.82 12.11 12.0 11.89 12.1 
9.99 10.62 9.96 9.8 10.43 11.0 11.22 11.93 12.21 11.82 11.78 11.71 
9.99 10.57 9.92 9.7 10.17 10.81 11.21 11.94 12.33 12.64 12.12 11.95 
9.92 10.49 9.77 9.62 10.19 11.02 11.16 11.47 11.75 11.96 11.82 11.75 
9.77 10.44 9.87 10.0 10.36 11.32 11.43 11.39 11.72 11.85 11.89 12.11 
9.91 10.84 9.74 9.78 10.54 11.97 11.31 11.22 11.47 11.49 11.69 11.55 
9.75 10.5 9.24 9.28 9.88 11.2 10.6 10.64 11.23 11.51 11.69 11.61 
9.96 11.06 9.69 9.62 10.11 11.05 10.92 11.62 12.33 12.16 12.26 12.24 
10.45 11.21 10.53 10.29 10.88 11.48 11.65 12.33 12.75 12.75 12.64 12.68 
9.52 10.11 9.43 9.28 9.69 10.29 10.7 11.48 12.07 12.0 11.49 11.28 
9.94 10.57 10.14 9.8 10.01 10.78 11.17 11.86 12.29 12.08 11.84 11.83 
10.01 10.5 9.9 9.91 10.39 10.9 11.21 11.61 11.7 11.69 11.75 11.75 
10.46 10.91 10.3 10.48 10.9 11.68 11.95 12.06 12.13 12.27 12.36 12.57 
9.95 10.17 9.71 9.82 10.32 11.71 11.75 11.34 11.53 11.49 11.71 11.76 
9.71 10.2 9.45 9.51 9.9 10.88 10.93 10.97 11.19 11.39 11.62 11.54 
9.55 10.5 9.32 9.2 9.49 10.24 10.43 11.2 11.35 11.22 11.43 11.54 
10.0 10.59 9.98 9.81 10.23 10.88 11.14 12.14 12.29 11.98 11.89 12.07 
9.93 10.57 9.81 9.76 10.07 10.68 11.16 12.06 12.61 12.18 11.85 11.69 
9.95 10.53 10.11 9.56 9.93 10.73 11.17 11.93 12.28 11.95 11.8 11.81 
9.71 10.03 9.32 8.68 8.63 9.19 9.53 10.56 11.18 10.45 9.51 9.01 
10.12 10.59 9.98 9.55 10.2 10.55 10.46 12.02 12.38 11.58 10.37 9.61 
9.24 9.89 9.21 8.77 9.73 9.94 9.34 11.24 11.67 10.85 9.57 8.79 
9.44 10.0 9.15 8.92 9.44 9.7 9.69 11.37 11.76 11.18 9.94 9.0 
6.41 9.68 9.28 9.9 9.87 9.6 9.69 12.14 12.38 11.29 9.73 8.32 
5.72 9.28 8.82 9.04 9.04 8.85 8.98 11.57 12.84 12.4 11.22 9.97 
5.2 8.58 8.12 8.42 8.42 8.22 8.31 10.83 11.95 11.47 10.29 9.05 
9.17 9.88 9.11 8.77 9.3 10.91 11.14 11.26 11.6 11.01 10.64 10.81 
10.26 11.18 10.66 10.11 10.74 10.85 11.15 11.71 12.29 12.23 12.15 11.85 
10.24 11.38 11.18 10.76 11.28 11.36 11.56 12.27 12.63 12.24 12.09 11.86 
9.17 10.38 10.35 9.64 10.35 10.55 10.82 11.44 11.78 11.25 10.95 10.74 
10.2 11.46 11.36 10.59 11.03 11.13 11.46 12.56 12.74 12.24 11.68 11.76 
9.86 10.93 10.78 10.34 10.55 10.83 11.01 11.82 12.48 12.17 11.44 11.27 
9.29 10.46 10.11 9.96 10.28 10.56 10.55 11.38 11.56 11.11 10.65 10.99 
10.25 11.58 11.22 10.88 11.18 11.62 11.65 12.4 12.82 12.31 11.73 12.18 
9.74 10.92 10.69 10.45 10.86 10.89 11.13 12.05 12.3 12.02 11.22 11.46 
9.4 10.49 10.16 10.02 10.05 10.24 10.47 11.55 11.7 11.17 10.58 11.11 
9.92 11.11 10.63 10.48 10.74 10.95 11.1 11.94 12.16 11.49 10.85 11.35 
9.72 10.92 10.47 10.63 10.65 10.68 11.01 12.16 12.57 11.84 11.1 11.39 
9.84 10.89 10.6 10.78 10.62 10.99 11.1 11.76 12.06 11.18 10.81 11.32 
9.84 11.23 10.53 10.71 10.64 10.82 10.98 11.92 12.23 11.48 11.03 11.44 
9.87 11.07 10.71 10.48 10.77 10.92 11.04 11.95 12.25 11.33 10.76 11.32 
9.88 11.0 10.59 10.52 10.75 10.89 11.08 11.83 12.04 11.1 10.76 11.47 
10.4 11.52 11.16 11.01 11.31 11.55 11.69 12.43 12.92 11.85 11.29 12.06 
9.47 10.42 10.31 10.34 10.45 10.63 10.8 11.44 12.03 11.57 11.39 11.51 
10.28 11.51 11.06 10.85 11.37 11.43 11.8 12.45 13.09 12.67 12.33 12.27 
9.73 11.05 10.8 10.21 10.83 10.87 11.22 12.2 12.59 11.86 11.48 11.72 
9.74 10.92 10.66 10.21 10.65 10.8 11.24 12.35 12.31 11.78 11.23 11.45 
9.4 10.4 10.23 9.71 9.99 10.22 10.52 11.87 11.71 11.25 10.57 10.83 
9.66 10.81 10.53 10.23 10.63 10.96 11.1 12.14 12.24 11.53 10.87 11.3 
9.96 11.32 10.75 10.58 10.75 11.01 11.4 12.38 12.55 12.11 11.41 11.56 
9.46 10.72 10.37 9.88 10.25 10.53 10.94 11.8 12.0 11.48 10.89 11.2 
10.07 11.21 10.71 10.47 10.75 10.88 11.38 12.35 12.43 11.77 11.27 11.66 
9.58 10.62 10.31 10.04 10.36 10.61 10.91 11.65 11.87 11.28 10.77 11.14 
9.81 11.07 10.75 10.24 10.6 10.73 11.17 12.09 12.37 11.8 11.2 11.4 
9.82 10.87 10.8 10.41 10.5 10.88 11.07 12.01 12.09 11.45 11.06 11.3 
8.91 10.26 10.11 9.78 10.01 10.17 10.52 12.17 12.16 11.65 11.29 11.4 
7.6 9.75 10.29 10.36 10.91 11.56 11.5 12.41 12.25 11.54 11.37 11.62 
7.18 9.78 9.99 10.31 11.07 11.78 11.29 12.08 12.11 11.59 11.45 11.78 
7.15 9.97 10.01 10.27 10.95 11.69 11.65 12.43 12.49 11.93 11.51 11.64 
10.21 11.19 10.79 10.58 11.11 11.85 11.96 12.56 12.76 12.5 12.43 12.26 
10.04 11.06 10.65 10.03 10.99 11.51 11.72 12.05 12.47 12.38 12.21 12.16 
10.0 10.97 10.54 10.15 10.74 11.29 11.58 11.9 11.94 11.91 11.97 11.76 
9.97 10.9 10.51 10.3 10.84 10.92 11.33 11.85 11.79 11.79 11.91 11.96 
9.95 10.78 10.55 10.02 10.52 10.78 11.17 11.73 11.6 11.58 11.89 11.77 
9.95 10.61 10.64 9.9 10.78 11.2 11.5 11.68 11.71 11.71 11.89 11.92 
9.95 10.84 10.54 9.97 10.55 11.04 11.4 11.57 11.69 11.6 11.91 11.8 
9.95 10.79 10.38 10.1 10.39 11.12 11.5 11.97 11.71 11.74 11.92 11.96 
9.95 10.93 10.42 10.07 10.54 10.82 11.2 11.57 11.59 11.55 11.75 11.62 
9.9 11.02 10.47 9.91 10.61 10.97 11.43 11.74 11.74 11.84 11.98 12.05 
9.9 10.87 10.53 10.11 10.66 11.01 11.32 12.16 11.69 11.65 11.82 11.69 
9.9 10.9 10.67 10.21 10.56 11.26 11.48 11.87 11.65 11.79 11.93 12.0 
9.97 10.9 10.46 10.32 10.37 10.98 11.15 12.1 11.54 11.57 11.78 11.71 
9.99 11.0 10.45 10.19 10.64 11.4 11.47 12.07 11.94 11.93 11.97 12.02 
10.0 10.96 10.36 10.18 10.89 11.42 11.26 11.78 11.82 11.67 11.82 11.71 
10.03 10.94 10.42 10.09 10.65 11.36 11.48 11.94 12.1 12.01 11.95 12.01 
9.99 10.85 10.49 10.12 10.74 11.42 11.61 12.16 12.37 12.15 12.04 11.82 
9.92 10.91 10.3 9.91 10.58 11.04 11.38 11.93 12.2 12.21 12.06 12.0 
9.93 10.76 10.52 9.85 10.61 10.74 11.24 12.19 11.74 11.77 11.81 11.7 
9.91 10.91 10.62 9.99 10.5 10.75 11.28 12.14 11.64 11.71 11.82 11.9 
9.88 10.73 10.54 10.02 10.45 10.8 11.31 11.69 11.52 11.52 11.69 11.55 
9.9 10.67 10.8 9.89 10.39 11.04 11.42 11.8 11.57 11.7 11.85 11.9 
9.96 10.71 10.75 9.97 10.33 10.76 11.18 11.92 11.46 11.57 11.82 11.75 
9.9 10.68 10.51 10.22 10.33 10.75 11.16 12.33 11.63 11.72 11.88 11.91 
9.94 10.96 10.57 10.18 10.42 10.86 11.07 11.7 11.49 11.54 11.73 11.6 
9.88 10.94 10.58 10.03 10.52 11.08 11.59 11.8 11.63 11.82 12.01 12.07 
9.9 10.93 10.44 10.16 10.6 10.96 11.49 12.2 11.68 11.65 11.83 11.68 
9.9 10.91 10.64 10.18 10.49 11.22 11.52 11.85 11.65 11.8 11.94 12.01 
9.95 10.82 10.36 10.15 10.35 10.88 11.11 12.06 11.56 11.57 11.78 11.71 
9.97 10.98 10.47 10.3 10.85 11.37 11.47 12.05 12.02 11.92 11.97 12.01 
10.0 10.79 10.34 10.13 10.81 11.5 11.26 11.79 11.82 11.69 11.82 11.71 
10.04 10.84 10.37 9.97 10.56 11.36 11.46 11.99 12.11 12.03 11.96 12.01 
9.86 11.01 10.0 9.86 10.42 11.42 11.42 12.2 12.44 12.21 12.21 12.19 
9.89 10.55 10.02 9.44 9.84 10.96 11.16 11.75 12.09 12.16 12.16 12.26 
9.95 10.42 9.76 9.54 9.72 10.73 11.21 11.76 11.98 11.96 12.0 11.93 
10.0 10.51 9.87 9.58 9.79 10.67 11.2 11.77 11.95 11.99 12.07 12.21 
10.02 10.49 9.81 9.83 9.88 10.74 11.11 11.5 11.63 11.8 11.97 12.02 
10.08 10.57 9.71 9.82 9.85 10.82 11.09 11.47 11.63 11.95 12.12 12.35 
9.96 10.17 9.44 9.54 9.49 10.76 11.21 11.25 11.6 11.71 11.98 12.08 
9.83 10.15 9.34 9.52 9.05 10.07 10.48 10.77 11.36 11.79 12.04 12.2 
9.98 11.02 9.61 9.88 9.8 10.45 10.76 11.46 11.8 11.87 12.14 12.32 
10.03 10.7 9.64 9.62 10.02 10.85 11.09 11.54 11.72 12.0 12.15 12.39 
10.04 10.53 9.64 9.57 9.94 10.72 11.26 11.76 11.86 11.87 12.0 12.03 
10.05 10.56 9.83 9.58 10.0 10.73 11.25 11.82 11.96 12.02 12.12 12.24 
9.97 10.49 9.72 9.34 9.86 10.67 10.96 11.42 11.57 11.76 12.0 12.1 
9.88 10.4 9.63 9.25 9.83 10.86 11.13 11.37 11.74 11.96 12.16 12.33 
9.98 10.87 9.78 9.47 9.54 10.64 10.91 11.12 11.56 11.72 12.02 12.04 
9.83 10.42 9.41 9.09 9.22 10.46 10.59 10.88 11.52 11.89 12.12 12.26 
10.02 11.09 9.64 9.42 9.79 10.76 10.89 11.6 12.24 12.26 12.42 12.47 
10.05 10.68 9.68 9.48 9.83 10.94 11.15 11.61 11.91 12.11 12.23 12.41 
10.05 10.5 9.68 9.6 9.76 10.84 11.36 11.81 12.02 11.99 12.08 12.13 
10.05 10.57 9.79 9.58 9.81 10.77 11.34 11.81 12.01 12.04 12.12 12.28 
10.05 10.47 9.67 9.53 9.87 10.77 11.23 11.54 11.68 11.85 12.02 12.09 
10.11 10.52 9.64 9.49 9.83 10.88 11.21 11.51 11.67 11.98 12.12 12.32 
9.98 10.17 9.36 9.13 9.4 10.8 11.29 11.24 11.63 11.77 11.98 12.06 
9.84 10.2 9.27 8.93 8.95 10.07 10.74 10.93 11.41 11.84 12.04 12.16 
9.97 11.02 9.47 9.26 9.82 10.44 10.99 11.56 11.87 11.92 12.15 12.3 
10.05 10.66 9.63 9.41 9.8 10.84 11.21 11.61 11.78 12.05 12.17 12.39 
10.04 10.5 9.55 9.49 9.74 10.72 11.34 11.84 11.88 11.91 12.03 12.03 
10.04 10.57 9.78 9.56 9.78 10.72 11.25 11.86 11.97 12.03 12.13 12.22 
9.97 10.51 9.69 9.31 9.77 10.61 10.98 11.54 11.62 11.79 12.02 12.06 
9.89 10.42 9.73 9.39 9.66 10.82 11.15 11.53 11.8 11.98 12.2 12.35 
9.96 10.87 9.77 9.41 9.43 10.5 11.03 11.69 11.87 11.83 12.06 12.06 
9.83 10.41 9.31 8.96 9.0 9.94 10.5 11.07 11.69 11.98 12.2 12.36 
10.02 11.13 9.88 9.71 9.84 10.44 10.78 11.5 11.84 11.41 11.55 11.8 
10.03 10.67 9.97 9.8 10.28 10.94 11.12 11.79 12.4 11.97 11.63 12.0 
10.03 10.59 9.92 9.82 10.53 10.9 11.26 12.02 12.19 11.53 11.04 11.18 
10.03 10.62 9.87 9.83 10.18 10.87 11.29 11.97 12.37 12.22 11.65 11.7 
9.99 10.44 9.68 9.62 10.24 11.13 11.48 11.65 11.94 11.94 11.19 11.34 
10.01 10.49 9.7 10.05 10.59 11.41 11.68 11.63 11.57 11.61 11.42 11.85 
9.92 10.11 9.39 9.52 10.29 11.6 11.75 11.77 11.57 11.03 10.99 11.34 
9.75 10.14 9.1 8.98 9.46 10.64 10.77 10.99 11.05 11.1 11.26 11.29 
9.9 11.04 9.67 9.53 10.08 10.67 10.88 11.55 11.75 11.25 11.44 11.69 
9.95 10.57 9.99 9.92 10.35 10.86 11.16 12.07 12.44 12.04 11.58 11.96 
9.93 10.58 9.91 9.62 10.03 10.62 11.14 11.97 12.74 12.26 11.35 11.25 
9.93 10.56 10.03 9.68 9.85 10.59 11.09 11.96 12.52 11.99 11.38 11.53 
9.92 10.53 9.92 9.66 10.19 10.72 11.13 11.57 11.8 11.29 10.9 11.13 
9.79 10.44 9.73 9.89 10.11 11.33 11.47 11.56 11.7 11.46 11.49 11.94 
9.91 10.79 9.67 9.78 10.21 11.77 11.92 11.6 11.34 10.39 10.51 10.87 
10.18 10.83 9.76 9.69 9.98 11.43 11.58 11.3 11.55 11.59 11.83 11.76 
9.56 10.59 9.16 9.09 9.5 10.49 10.57 11.1 11.33 10.77 10.97 11.17 
10.0 10.67 9.88 9.61 10.1 11.05 11.26 11.87 12.49 12.17 11.72 12.0 
9.98 10.59 10.25 9.78 9.92 10.76 11.21 11.79 12.3 11.74 11.12 11.21 
9.99 10.66 10.39 9.82 10.04 10.71 11.17 11.85 12.25 11.85 11.37 11.59 
10.0 10.53 10.1 9.91 10.26 10.86 11.19 11.57 11.64 11.19 10.98 11.23 
10.01 10.47 9.76 9.86 10.47 11.21 11.46 11.59 11.51 11.46 11.43 11.89 
9.89 10.1 9.41 9.47 10.19 11.76 11.83 11.42 11.44 10.82 10.92 11.3 
10.2 10.62 9.63 9.41 9.89 11.37 11.42 11.13 11.46 11.54 11.63 11.64 
9.52 10.57 9.31 9.31 9.6 10.27 10.48 11.04 11.18 10.7 10.86 11.12 
9.98 10.68 10.07 9.86 10.35 10.88 11.12 11.67 11.92 11.81 11.59 11.98 
9.99 10.55 9.91 9.71 10.25 10.81 11.22 11.95 12.29 11.95 11.23 11.22 
10.01 10.59 9.91 9.69 10.15 10.81 11.23 11.93 12.41 12.49 11.88 11.74 
10.13 10.51 9.89 9.99 10.49 11.49 11.62 11.83 12.06 11.98 11.27 11.36 
9.36 9.74 9.32 9.55 10.17 11.25 11.47 11.42 11.32 11.02 10.85 11.26 
9.42 10.45 9.73 10.12 10.81 11.12 11.4 11.49 11.25 10.61 10.49 10.81 
9.62 10.61 9.75 9.61 10.32 10.7 11.01 11.14 11.21 10.89 10.91 11.22 
10.03 11.09 9.75 9.79 10.23 10.76 11.06 11.7 12.37 12.24 12.33 12.3 
10.04 10.78 10.2 9.95 10.25 10.94 11.12 11.88 12.06 11.99 12.04 12.19 
10.03 10.69 10.13 10.09 10.62 10.84 11.28 12.04 12.15 11.87 11.88 11.78 
10.04 10.61 10.03 10.06 10.41 10.77 11.27 11.97 12.08 11.89 11.87 11.9 
10.0 10.51 9.9 10.19 10.55 11.14 11.36 11.6 11.61 11.64 11.78 11.81 
10.02 10.45 9.71 10.0 10.6 11.16 11.47 11.66 11.59 11.78 11.96 12.16 
9.93 10.12 9.42 9.79 10.52 11.55 11.64 11.54 11.6 11.49 11.76 11.8 
9.75 10.23 9.23 9.36 9.68 10.64 10.68 10.91 11.23 11.48 11.77 11.68 
9.94 11.03 9.53 9.47 9.9 10.74 10.92 11.51 11.95 11.8 11.97 12.09 
9.96 10.82 9.8 9.77 10.2 10.89 11.16 11.89 12.27 12.3 12.06 12.11 
9.98 10.56 9.99 9.82 10.05 10.68 11.18 11.79 12.2 12.41 12.05 11.74 
10.0 10.75 10.28 9.78 10.11 10.74 11.18 11.83 12.06 12.03 11.88 11.85 
9.93 10.6 9.98 9.62 10.27 10.88 11.14 11.47 11.58 11.7 11.78 11.78 
10.23 10.99 10.35 10.37 11.17 12.18 11.99 11.9 12.17 12.23 12.41 12.58 
9.46 10.37 9.36 9.28 10.03 11.13 11.17 10.91 11.0 10.89 11.17 11.01 
9.74 10.54 9.38 9.26 9.83 10.76 10.81 10.81 11.24 11.52 11.82 11.71 
9.98 11.13 9.91 10.0 10.11 10.81 10.95 11.66 12.23 12.14 12.27 12.26 
9.97 10.83 10.34 9.94 10.35 10.9 11.13 11.82 12.02 11.95 12.01 12.16 
10.01 10.72 10.09 9.9 10.15 10.86 11.27 11.97 12.25 11.91 11.87 11.76 
9.98 10.65 10.0 10.03 9.82 10.65 11.16 11.88 12.58 12.42 11.94 11.96 
9.98 10.49 9.86 9.93 10.09 11.07 11.31 11.55 12.12 11.85 11.73 11.76 
10.46 10.92 10.24 10.72 11.2 11.97 12.06 12.06 12.25 12.29 12.32 12.52 
9.43 9.67 8.93 9.32 10.05 11.12 11.28 10.9 11.12 10.96 11.18 11.22 
9.76 10.15 9.17 9.26 9.85 10.8 10.85 10.73 11.19 11.41 11.62 11.52 
9.87 10.97 9.53 9.39 10.17 10.87 10.94 11.58 11.88 11.75 11.94 12.05 
9.98 10.82 10.07 9.81 10.34 10.95 11.12 11.75 12.1 11.87 11.89 12.09 
9.95 10.54 9.87 9.71 10.04 10.75 11.19 12.0 12.6 12.34 11.86 11.74 
9.98 10.67 10.15 9.66 10.04 10.78 11.19 11.85 12.17 11.97 11.8 11.84 
9.92 10.5 9.89 10.04 10.41 11.1 11.2 11.51 11.63 11.58 11.7 11.75 
10.23 10.88 10.14 10.3 10.98 11.93 12.17 12.07 12.25 12.27 12.48 12.68 
9.48 10.31 9.26 9.49 9.91 11.3 11.4 11.17 11.04 10.89 11.18 11.06 
9.93 10.53 9.53 9.69 10.28 11.44 11.37 11.11 11.44 11.69 11.92 11.81 
6.91 8.51 8.55 9.14 9.76 11.11 11.1 11.36 11.14 11.19 11.46 11.6 
6.29 9.26 9.4 9.31 9.82 10.44 10.4 11.64 12.28 11.47 10.97 11.11 
6.51 9.66 9.45 9.84 10.56 11.05 10.81 12.27 12.68 12.08 11.79 12.08 
6.23 9.65 9.52 10.17 10.49 10.0 10.48 12.18 12.69 11.81 11.37 11.39 
10.39 11.26 11.03 10.54 11.01 11.16 11.54 12.67 12.92 12.64 12.59 12.39 
10.59 11.56 11.14 10.64 11.54 12.07 12.29 12.55 12.81 12.63 12.72 12.73 
10.06 11.0 10.69 10.25 10.64 11.29 11.65 11.93 11.92 11.86 12.02 11.81 
9.55 10.54 10.09 9.9 10.44 10.52 10.93 11.38 11.27 11.28 11.43 11.45 
10.0 10.78 10.62 10.02 10.5 10.83 11.15 11.78 11.62 11.62 11.91 11.8 
9.95 10.74 10.58 9.96 10.87 11.19 11.52 11.74 11.75 11.75 11.89 11.96 
9.97 10.84 10.66 10.02 10.6 11.1 11.49 11.57 11.68 11.62 11.92 11.82 
9.94 10.81 10.45 10.13 10.36 11.14 11.48 11.95 11.72 11.77 11.92 11.99 
9.92 10.9 10.42 10.0 10.57 10.9 11.19 11.54 11.59 11.59 11.75 11.63 
10.32 11.4 11.08 10.45 11.13 11.44 11.89 12.22 12.26 12.35 12.53 12.57 
9.51 10.38 10.04 9.64 10.21 10.49 10.86 11.65 11.15 11.13 11.27 11.15 
9.91 10.87 10.64 10.32 10.62 11.24 11.49 11.82 11.62 11.78 11.95 11.99 
9.95 10.83 10.44 10.32 10.43 10.93 11.1 12.07 11.54 11.58 11.78 11.71 
9.98 11.03 10.39 10.31 10.75 11.39 11.48 12.06 11.97 11.92 11.96 12.03 
9.99 10.85 10.43 10.19 10.85 11.42 11.28 11.81 11.84 11.69 11.82 11.71 
9.96 10.93 10.47 10.06 10.71 11.37 11.43 12.03 12.12 12.05 11.95 12.03 
10.02 10.94 10.53 10.14 10.74 11.4 11.58 12.15 12.37 12.12 12.04 11.82 
10.32 11.36 10.82 10.33 10.97 11.48 11.87 12.45 12.75 12.75 12.58 12.51 
9.9 10.86 10.58 9.83 10.53 10.68 11.18 12.19 11.74 11.77 11.81 11.7 
9.48 10.4 10.01 9.51 10.02 10.31 10.81 11.61 11.13 11.18 11.31 11.35 
9.92 10.79 10.41 10.05 10.48 10.85 11.3 11.69 11.5 11.52 11.68 11.56 
9.94 10.76 10.84 9.94 10.29 10.99 11.4 11.8 11.58 11.71 11.84 11.9 
9.93 10.73 10.76 9.89 10.35 10.78 11.23 11.92 11.5 11.58 11.83 11.76 
9.9 10.66 10.45 10.09 10.29 10.83 11.18 12.31 11.62 11.73 11.88 11.94 
9.9 10.87 10.7 10.15 10.47 10.87 11.08 11.7 11.53 11.55 11.74 11.61 
10.31 11.32 11.16 10.45 10.94 11.53 12.07 12.31 12.15 12.37 12.55 12.59 
9.49 10.39 10.01 9.74 10.15 10.48 10.98 11.69 11.16 11.12 11.29 11.15 
9.94 10.94 10.66 10.21 10.48 11.14 11.53 11.82 11.64 11.78 11.95 12.0 
9.95 10.79 10.31 10.23 10.34 10.89 11.09 12.11 11.54 11.56 11.78 11.7 
9.99 10.92 10.41 10.32 10.78 11.36 11.44 12.08 12.07 11.97 11.95 12.02 
9.97 10.85 10.4 10.16 10.76 11.48 11.25 11.75 11.91 11.74 11.82 11.71 
10.01 10.81 10.23 10.06 10.69 11.36 11.43 12.04 12.14 12.03 11.94 12.02 
9.9 11.01 9.91 9.93 10.17 10.75 11.03 12.02 12.4 12.14 12.23 12.21 
10.35 11.0 10.42 9.95 10.34 11.26 11.55 12.16 12.98 13.01 12.7 12.74 
9.47 9.99 9.23 9.05 9.29 10.15 10.67 11.2 11.58 11.5 11.44 11.37 
9.99 10.52 9.85 9.56 9.77 10.64 11.19 11.75 11.99 12.01 12.07 12.17 
10.03 10.46 9.81 9.84 9.87 10.73 11.12 11.49 11.63 11.81 11.96 12.0 
10.05 10.56 9.71 9.81 9.81 10.83 11.09 11.46 11.63 11.95 12.11 12.35 
9.95 10.2 9.46 9.53 9.48 10.76 11.21 11.24 11.61 11.72 11.97 12.07 
9.79 10.16 9.32 9.55 9.05 10.08 10.46 10.76 11.35 11.79 12.03 12.22 
9.92 11.03 9.63 9.89 9.79 10.45 10.75 11.46 11.8 11.87 12.14 12.32 
10.05 10.69 9.65 9.6 10.02 10.85 11.09 11.55 11.7 12.0 12.16 12.38 
10.02 10.53 9.62 9.57 9.95 10.71 11.25 11.77 11.85 11.87 12.0 12.03 
10.04 10.56 9.85 9.59 10.01 10.73 11.25 11.83 11.96 12.01 12.12 12.23 
9.97 10.45 9.71 9.35 9.87 10.67 10.97 11.42 11.57 11.76 12.0 12.1 
9.89 10.42 9.61 9.26 9.84 10.86 11.12 11.36 11.75 11.96 12.15 12.36 
9.95 10.88 9.81 9.51 9.57 10.65 10.91 11.13 11.56 11.74 12.01 12.05 
9.83 10.4 9.4 9.08 9.22 10.47 10.59 10.88 11.52 11.9 12.11 12.28 
9.95 11.1 9.86 10.2 10.26 10.78 10.98 12.11 12.58 12.3 12.4 12.45 
10.0 10.66 9.63 9.54 9.91 10.85 11.12 11.72 12.53 12.56 12.25 12.33 
9.95 10.46 9.57 9.55 9.72 10.77 11.28 11.78 12.15 12.1 12.03 12.05 
10.01 10.55 9.72 9.51 9.75 10.72 11.29 11.78 12.02 12.04 12.09 12.22 
10.05 10.46 9.63 9.51 9.83 10.75 11.21 11.52 11.67 11.85 11.98 12.06 
10.09 10.48 9.61 9.47 9.8 10.86 11.2 11.49 11.66 11.96 12.1 12.3 
9.97 10.16 9.38 9.14 9.41 10.79 11.28 11.23 11.62 11.76 11.96 12.04 
9.79 10.18 9.24 8.93 8.94 10.08 10.72 10.93 11.4 11.84 12.03 12.16 
9.93 11.03 9.47 9.26 9.8 10.43 10.98 11.56 11.86 11.92 12.15 12.29 
10.05 10.66 9.64 9.41 9.82 10.84 11.21 11.61 11.77 12.05 12.17 12.37 
10.03 10.5 9.52 9.49 9.72 10.71 11.33 11.84 11.88 11.9 12.01 12.02 
10.04 10.58 9.77 9.53 9.77 10.72 11.26 11.86 11.97 12.03 12.13 12.21 
9.95 10.48 9.69 9.32 9.77 10.61 10.99 11.55 11.62 11.79 12.02 12.06 
9.89 10.43 9.72 9.39 9.67 10.82 11.15 11.53 11.79 11.97 12.18 12.36 
9.95 10.87 9.78 9.44 9.47 10.52 11.02 11.68 11.89 11.85 12.06 12.05 
9.82 10.37 9.32 8.96 8.96 9.96 10.5 11.06 11.67 11.98 12.2 12.37 
10.02 10.76 9.73 9.55 9.76 10.14 10.26 11.17 11.98 11.32 10.85 10.29 
10.01 10.76 9.93 9.72 10.21 10.38 10.55 11.32 12.01 11.44 10.8 10.63 
10.03 10.77 9.86 9.52 10.33 10.06 10.21 11.27 11.97 11.08 10.08 9.5 
9.94 10.72 10.18 9.65 10.16 10.13 10.42 11.15 12.14 11.57 10.69 10.65 
9.86 10.61 10.04 9.7 10.1 10.17 10.42 11.28 12.18 11.82 10.71 9.87 
9.8 10.52 10.01 9.88 10.07 10.34 10.56 11.44 12.01 11.49 10.62 10.38 
9.97 10.78 9.94 9.82 10.31 10.31 10.5 11.56 11.91 11.11 10.04 9.24 
9.77 10.61 9.97 9.87 10.05 10.14 10.37 11.81 12.15 11.47 10.76 10.5 
10.05 10.71 9.97 9.68 9.96 10.23 10.42 11.64 12.26 11.17 9.99 9.25 
9.98 10.73 9.87 9.77 10.13 10.32 10.6 11.46 12.24 11.99 11.2 10.89 
9.99 10.76 9.76 9.58 10.07 10.0 10.21 11.3 12.22 11.56 10.34 9.5 
9.89 10.63 10.0 9.56 10.04 10.14 10.43 11.59 12.3 11.62 10.69 10.51 
9.86 10.61 9.98 9.71 10.16 10.2 10.32 11.29 11.7 10.99 9.91 9.14 
9.79 10.5 9.92 9.64 10.42 10.07 10.5 11.44 11.95 11.46 10.72 10.45 
9.94 10.74 9.71 9.64 10.3 10.25 10.48 11.52 11.84 10.95 9.86 9.18 
9.76 10.48 9.81 9.78 10.16 10.15 10.4 12.02 12.21 11.54 10.85 10.68 
10.03 10.69 9.82 9.49 10.07 10.15 10.4 11.62 12.2 11.61 10.55 9.73 
9.95 10.7 9.75 9.61 9.92 10.25 10.54 11.58 12.35 12.21 11.53 11.22 
9.96 10.58 9.91 9.35 10.09 9.96 10.14 11.32 12.2 11.85 10.68 9.76 
9.9 10.87 9.61 9.69 9.88 10.07 10.46 11.38 12.34 11.86 11.03 10.73 
9.85 10.7 9.86 9.67 9.96 10.16 10.35 11.35 11.88 11.07 9.93 9.25 
9.77 10.49 9.73 9.7 10.43 10.17 10.55 11.56 11.99 11.42 10.63 10.43 
9.95 10.78 9.79 9.74 10.26 10.21 10.31 11.28 11.65 10.68 9.55 9.02 
9.78 10.48 9.88 9.51 10.34 10.43 10.37 11.37 11.78 11.14 10.4 10.29 
10.05 10.77 9.86 9.61 10.2 10.35 10.38 11.39 12.07 11.01 9.9 9.21 
9.99 10.84 9.85 9.63 10.14 10.33 10.65 11.36 12.09 11.32 10.69 10.53 
9.99 10.67 9.76 9.41 10.02 9.99 10.26 11.5 12.08 11.33 10.65 9.86 
9.88 10.68 9.52 9.88 9.77 10.11 10.39 11.56 12.19 11.51 10.99 10.8 
9.84 10.63 9.58 9.62 10.0 10.27 10.35 11.44 12.09 11.38 10.47 9.71 
9.93 10.83 9.96 9.7 9.7 10.19 10.52 11.78 12.29 11.62 10.98 10.73 
9.92 10.73 9.75 9.76 10.27 10.26 10.41 11.42 11.75 11.14 10.52 10.41 
7.24 9.47 9.21 9.15 9.88 9.52 9.47 11.16 11.54 10.41 9.05 7.95 
6.43 9.99 9.97 9.24 10.13 10.04 10.46 11.45 11.61 10.57 9.32 8.21 
6.59 9.95 10.05 9.59 10.44 10.64 10.94 12.03 12.19 11.17 9.53 8.24 
6.61 10.25 10.58 9.52 10.55 10.67 11.17 12.37 12.73 11.98 10.53 9.22 
7.0 10.26 11.07 9.68 10.16 10.6 10.85 12.35 12.42 11.61 10.23 8.9 
6.76 9.76 10.44 10.02 10.42 10.34 10.91 12.13 12.77 12.24 10.93 9.65 
7.21 10.4 10.5 10.17 10.6 10.95 10.88 12.05 12.45 11.66 10.2 8.87 
6.91 10.44 10.78 10.1 10.54 10.86 11.31 12.19 12.76 12.4 11.1 9.7 
7.07 10.41 10.71 10.27 10.21 10.51 10.88 12.34 12.59 12.04 10.79 9.5 
7.52 10.56 10.56 10.08 10.68 10.44 10.81 12.2 12.32 11.58 10.21 8.83 
7.56 10.35 10.57 10.34 10.69 10.28 11.19 12.49 12.73 12.03 10.73 9.29 
7.28 10.12 10.46 10.38 10.36 10.19 10.93 12.06 12.53 11.56 10.28 8.97 
7.13 10.3 10.26 10.9 10.36 10.63 10.91 12.12 12.43 11.6 10.28 9.01 
7.35 10.55 10.61 10.35 10.74 10.5 10.98 12.14 12.5 11.5 10.08 8.78 
7.07 10.13 10.45 9.86 10.63 10.7 11.07 12.22 12.62 11.67 10.16 8.76 
7.38 10.73 10.75 10.35 10.92 10.71 11.01 12.11 12.61 11.46 9.92 8.64 
7.11 10.75 10.84 10.78 10.92 10.74 11.07 12.24 12.75 11.55 9.91 8.51 
7.07 10.82 10.76 10.67 10.76 10.48 11.25 12.28 12.76 11.87 10.46 9.08 
6.77 10.37 11.08 10.29 10.76 10.24 11.18 12.52 12.81 11.94 10.63 9.22 
6.84 10.55 10.65 10.32 10.5 10.45 10.98 12.63 12.7 11.86 10.61 9.35 
6.77 10.1 10.72 10.05 10.1 10.23 10.67 12.75 12.51 12.04 10.87 9.64 
6.85 10.02 10.38 10.11 10.48 10.23 10.73 12.33 12.36 11.54 10.14 8.85 
6.83 10.5 10.56 10.26 10.39 10.36 10.98 12.5 12.53 11.88 10.67 9.3 
6.73 10.58 10.64 10.18 10.21 10.31 10.85 12.3 12.56 11.9 10.68 9.52 
7.01 10.56 10.45 10.19 9.89 10.26 10.74 12.15 12.25 11.57 10.35 9.13 
7.44 10.38 10.36 9.99 10.68 10.5 10.89 12.19 12.41 11.4 10.01 8.71 
7.5 10.57 10.72 9.82 10.73 10.31 10.9 12.2 12.64 11.9 10.54 9.15 
7.62 10.61 10.89 10.2 10.32 10.51 10.86 12.17 12.37 11.43 10.02 8.68 
7.25 10.54 10.72 10.38 10.39 10.58 10.9 12.27 12.54 11.6 10.35 9.01 
7.29 10.52 10.69 10.18 10.42 10.45 10.91 12.38 12.45 11.61 10.36 9.03 
6.99 10.21 10.66 10.08 10.61 10.62 11.1 12.17 12.55 11.49 10.0 8.67 
7.47 10.64 10.77 10.83 10.83 10.77 11.04 12.2 12.49 11.35 9.78 8.44 
7.81 10.99 11.01 10.95 11.01 10.86 11.36 12.45 12.98 12.17 11.33 10.54 
10.01 11.26 10.98 10.92 11.11 10.98 11.39 12.05 12.76 12.3 12.1 11.74 
9.89 11.27 10.96 10.48 11.09 11.03 11.4 12.01 12.33 11.78 11.63 11.46 
9.87 11.18 10.79 10.28 10.79 10.82 11.31 12.21 12.61 11.97 11.42 11.22 
9.93 11.05 10.87 10.28 10.59 10.87 11.19 12.16 12.24 11.67 11.22 11.49 
9.89 10.92 10.64 10.42 10.75 10.83 11.1 12.21 12.43 11.9 11.17 11.15 
9.86 11.04 10.65 10.45 10.94 11.01 11.07 12.0 12.12 11.58 11.25 11.91 
9.74 10.98 10.61 10.43 11.02 10.93 11.3 12.01 12.42 12.09 11.3 11.32 
9.92 11.12 10.44 10.5 10.82 10.86 11.05 12.24 12.37 11.85 11.26 11.76 
9.83 11.01 10.35 10.57 10.72 10.89 10.9 12.02 12.1 11.4 10.67 11.1 
9.78 10.99 10.71 10.49 10.69 10.77 10.94 12.02 12.46 11.77 11.13 11.58 
9.83 11.0 10.77 10.46 10.68 10.85 10.99 11.99 12.27 11.41 10.89 11.3 
9.8 11.13 10.48 10.39 10.69 10.88 10.99 11.97 12.21 11.4 10.9 11.27 
9.86 11.08 10.47 10.3 10.74 10.83 10.93 11.93 12.09 11.28 10.86 11.48 
9.86 11.14 10.74 10.34 10.86 10.9 11.16 11.93 12.11 11.23 10.75 11.41 
9.97 11.29 10.5 10.58 10.9 10.97 11.1 11.69 12.04 11.11 10.78 11.61 
9.93 11.06 10.72 10.3 10.99 11.18 11.31 12.12 12.54 11.82 11.44 11.75 
9.81 11.03 10.41 10.28 10.91 11.01 11.26 12.06 12.48 12.04 11.88 11.87 
9.74 10.94 10.8 10.22 10.85 10.89 11.27 12.1 12.35 11.87 11.57 11.75 
9.82 10.94 10.69 10.22 10.65 10.8 11.22 12.34 12.34 11.75 11.25 11.42 
9.92 11.03 10.59 10.19 10.59 10.84 11.33 12.35 12.38 11.61 11.03 11.31 
9.78 10.87 10.54 10.26 10.59 10.82 11.23 12.12 12.26 11.51 10.9 11.33 
9.77 10.99 10.66 10.07 10.62 10.87 11.2 12.12 12.35 11.9 11.23 11.35 
9.68 10.95 10.51 10.4 10.59 10.79 11.26 12.18 12.39 11.79 11.09 11.39 
9.83 10.96 10.36 10.29 10.43 10.65 11.07 12.11 12.29 11.64 11.11 11.44 
9.74 10.96 10.44 10.32 10.59 10.91 11.18 12.0 12.26 11.63 11.08 11.43 
9.76 10.94 10.42 10.34 10.45 10.68 11.07 12.27 12.41 12.03 11.36 11.32 
9.74 10.81 10.48 10.48 10.44 10.93 11.16 12.12 12.17 11.48 11.06 11.21 
8.6 10.15 10.21 10.56 9.94 10.48 10.9 12.59 12.57 12.04 11.51 11.56 
6.23 9.4 9.36 9.85 10.0 10.21 10.14 11.92 12.0 11.39 11.05 11.23 
6.6 10.05 10.32 10.58 10.6 10.65 10.47 12.24 12.41 11.89 11.76 12.07 
6.45 9.74 10.2 10.57 10.08 9.77 10.27 11.89 12.6 11.51 11.27 11.41 
10.43 11.35 11.18 10.99 11.09 11.22 11.62 12.38 12.89 12.69 12.65 12.44 
10.17 11.09 10.82 10.33 11.13 11.56 11.79 12.04 12.38 12.26 12.24 12.22 
10.1 10.99 10.58 10.25 10.72 11.34 11.66 11.95 11.95 11.87 12.03 11.81 
9.99 10.94 10.56 10.26 10.84 10.99 11.41 11.87 11.79 11.79 11.96 11.99 
9.98 10.74 10.49 10.08 10.53 10.77 11.19 11.79 11.63 11.64 11.91 11.8 
9.97 10.79 10.67 10.02 10.88 11.18 11.51 11.75 11.74 11.75 11.89 11.96 
9.95 10.76 10.68 10.01 10.64 11.12 11.48 11.56 11.71 11.62 11.92 11.81 
9.96 10.79 10.46 10.13 10.43 11.08 11.49 11.94 11.74 11.76 11.92 11.99 
9.94 10.94 10.47 9.98 10.48 10.85 11.22 11.55 11.58 11.56 11.75 11.62 
9.94 10.99 10.6 10.0 10.67 10.93 11.37 11.73 11.74 11.81 11.99 12.04 
9.89 10.84 10.57 10.1 10.59 10.93 11.34 12.17 11.65 11.66 11.81 11.67 
9.94 10.91 10.74 10.3 10.61 11.26 11.52 11.85 11.64 11.8 11.94 11.99 
9.95 10.8 10.4 10.3 10.43 10.94 11.13 12.07 11.58 11.57 11.78 11.7 
9.97 11.02 10.39 10.17 10.8 11.4 11.48 12.06 12.01 11.92 11.95 12.03 
9.96 10.81 10.42 10.15 10.87 11.44 11.23 11.78 11.8 11.68 11.82 11.71 
10.04 10.84 10.44 9.98 10.67 11.34 11.43 11.97 12.16 12.03 11.95 12.03 
10.0 10.89 10.53 10.18 10.76 11.46 11.62 12.16 12.32 12.11 12.04 11.82 
9.94 10.85 10.41 9.93 10.54 11.03 11.36 11.91 12.18 12.2 12.07 11.98 
9.9 10.84 10.5 9.9 10.48 10.74 11.21 12.2 11.74 11.77 11.81 11.7 
9.88 10.83 10.57 10.03 10.5 10.77 11.26 12.14 11.63 11.7 11.84 11.87 
9.91 10.76 10.56 10.05 10.38 10.8 11.33 11.72 11.48 11.51 11.68 11.55 
9.94 10.74 10.75 9.94 10.49 11.0 11.41 11.81 11.57 11.69 11.84 11.91 
9.93 10.83 10.75 9.87 10.44 10.71 11.19 11.89 11.46 11.59 11.82 11.75 
9.91 10.74 10.56 10.2 10.29 10.83 11.19 12.3 11.62 11.73 11.87 11.94 
9.9 10.89 10.62 10.23 10.48 10.86 11.1 11.69 11.49 11.55 11.73 11.61 
9.87 10.87 10.61 10.04 10.52 11.07 11.58 11.79 11.61 11.84 12.01 12.05 
9.92 10.83 10.46 10.18 10.63 10.95 11.49 12.21 11.66 11.62 11.82 11.67 
9.94 10.84 10.64 10.28 10.48 11.18 11.54 11.84 11.66 11.78 11.95 11.99 
9.96 10.99 10.43 10.19 10.29 10.9 11.14 12.05 11.5 11.57 11.78 11.7 
9.96 10.95 10.42 10.25 10.74 11.36 11.43 12.03 12.0 11.96 11.97 12.02 
9.98 10.79 10.37 10.13 10.77 11.46 11.25 11.82 11.93 11.74 11.82 11.71 
10.01 10.84 10.37 10.21 10.69 11.33 11.43 12.08 12.13 12.08 11.95 12.02 
10.03 10.76 10.33 10.29 10.7 11.36 11.48 12.1 12.18 11.92 11.92 11.61 
9.93 10.85 10.21 9.92 10.54 10.84 11.07 11.7 12.19 11.85 11.83 11.68 
9.94 10.8 10.26 9.71 10.53 10.75 11.06 11.79 12.17 11.85 11.68 11.36 
9.92 10.92 10.27 9.72 10.15 10.64 10.97 11.95 12.1 11.85 11.65 11.57 
9.94 10.66 10.18 9.69 10.22 10.56 10.85 11.82 12.23 12.05 11.66 11.27 
9.95 10.67 10.35 9.8 10.28 10.82 10.94 11.7 11.96 11.81 11.65 11.66 
9.94 10.78 10.37 9.78 10.33 10.8 10.96 11.63 12.13 12.04 11.79 11.46 
9.97 10.7 10.33 10.06 10.37 10.81 11.04 11.85 12.18 11.99 11.75 11.72 
9.92 10.77 10.21 10.19 10.25 10.68 10.88 12.0 12.18 11.81 11.56 11.32 
9.88 10.89 10.27 9.98 10.46 10.73 10.98 11.85 12.15 12.01 11.77 11.75 
9.9 10.91 10.35 9.88 10.34 10.67 10.87 11.99 12.18 11.87 11.69 11.44 
9.95 10.93 10.5 10.14 10.06 10.86 11.07 11.83 12.02 11.82 11.75 11.71 
9.98 10.91 10.36 10.11 10.23 10.71 10.78 11.92 11.77 11.65 11.64 11.58 
10.01 10.99 10.32 10.22 10.72 11.29 11.41 11.82 11.58 11.69 11.75 11.82 
10.02 10.81 10.35 10.08 10.76 11.41 11.27 11.56 11.49 11.5 11.7 11.65 
10.06 10.91 10.34 10.09 10.64 11.34 11.51 11.7 11.6 11.62 11.74 11.88 
10.07 10.88 10.45 10.19 10.74 11.42 11.56 11.97 12.14 11.98 11.99 11.85 
9.98 10.93 10.29 9.96 10.43 10.93 11.14 11.81 12.11 11.95 11.93 11.87 
9.97 10.86 10.44 9.71 10.43 10.71 11.11 12.11 12.18 11.86 11.72 11.62 
9.9 10.92 10.25 9.76 10.24 10.68 11.05 12.11 12.13 11.92 11.7 11.76 
9.95 10.62 10.19 9.65 10.19 10.65 11.04 11.97 12.07 11.7 11.56 11.44 
9.94 10.74 10.24 10.0 10.3 10.72 11.04 11.84 12.15 11.8 11.7 11.79 
9.94 10.79 10.43 9.95 10.25 10.7 11.05 11.91 12.19 11.91 11.68 11.58 
10.34 11.22 10.74 10.32 10.61 11.28 11.55 12.66 12.7 12.45 12.26 12.3 
9.46 10.3 9.73 9.5 9.73 10.13 10.48 11.47 11.49 11.17 11.08 11.07 
9.88 10.82 10.42 9.84 10.28 10.73 11.12 11.77 12.14 11.94 11.8 11.95 
9.95 10.92 10.21 9.97 10.42 10.71 11.06 11.99 12.2 11.84 11.72 11.6 
9.92 10.91 10.19 10.23 10.24 10.86 11.11 11.8 11.97 11.78 11.79 11.82 
9.96 10.9 10.39 10.23 10.34 10.69 10.86 12.06 12.09 11.79 11.73 11.66 
9.96 11.0 10.42 10.26 10.62 11.28 11.37 12.0 11.81 11.75 11.81 11.89 
10.0 10.91 10.39 10.11 10.74 11.43 11.25 11.68 11.65 11.6 11.77 11.74 
10.04 10.83 10.27 10.06 10.63 11.34 11.48 11.82 11.66 11.62 11.78 11.86 
8.04 10.3 10.04 10.1 10.22 10.47 10.72 11.87 12.26 11.11 10.44 9.99 
6.28 9.46 9.57 9.6 9.79 10.45 10.54 11.64 12.92 12.47 11.37 10.44 
3.81 5.57 5.43 5.75 5.82 6.11 6.26 7.25 8.09 7.8 6.92 6.31 
